# dimensionless total [l(l+1)/2pi] C_l's
# for l=2 to 2500, i.e. number of multipoles equal to 2499
#
# -> if you prefer output in CAMB/HealPix/LensPix units/order, set 'format' to 'camb' in input file
# -> if you don't want to see such a header, set 'headers' to 'no' in input file
#
# 1:l     2:TT                 
    2       3.107153031768e-06 
    3       8.160883895145e-08 
    4       1.496974809186e-09 
    5       1.284896054869e-10 
    6       1.240697083441e-10 
    7       1.207434699865e-10 
    8       1.193470805273e-10 
    9       1.188443408543e-10 
   10       1.187369585112e-10 
   11       1.188643551257e-10 
   12       1.192499087036e-10 
   13       1.198378988616e-10 
   14       1.206001597640e-10 
   15       1.215026465143e-10 
   16       1.225410317521e-10 
   17       1.236952461205e-10 
   18       1.246941664809e-10 
   19       1.263580995708e-10 
   20       1.279075916213e-10 
   21       1.293497816739e-10 
   22       1.309149661627e-10 
   23       1.326182181573e-10 
   24       1.343815439654e-10 
   25       1.361910187913e-10 
   26       1.380391008819e-10 
   27       1.399423211418e-10 
   28       1.419085107750e-10 
   29       1.439288913407e-10 
   30       1.460029962060e-10 
   31       1.481193418105e-10 
   32       1.502571289588e-10 
   33       1.524226202277e-10 
   34       1.546237246033e-10 
   35       1.568620347794e-10 
   36       1.591419134133e-10 
   37       1.614629326923e-10 
   38       1.638163520272e-10 
   39       1.661900894509e-10 
   40       1.685878011860e-10 
   41       1.710148445363e-10 
   42       1.734725706021e-10 
   43       1.759598893597e-10 
   44       1.784795713605e-10 
   45       1.810331828104e-10 
   46       1.836189630944e-10 
   47       1.862315196942e-10 
   48       1.888644315380e-10 
   49       1.915196386947e-10 
   50       1.942001753531e-10 
   51       1.969073396461e-10 
   52       1.996405369572e-10 
   53       2.023985140797e-10 
   54       2.051837949610e-10 
   55       2.079991124840e-10 
   56       2.108460212930e-10 
   57       2.137247994162e-10 
   58       2.166343498899e-10 
   59       2.195730761387e-10 
   60       2.225419689397e-10 
   61       2.255420637509e-10 
   62       2.285734659531e-10 
   63       2.316352854821e-10 
   64       2.347255714606e-10 
   65       2.378423406702e-10 
   66       2.409870629550e-10 
   67       2.441617992959e-10 
   68       2.473681389833e-10 
   69       2.506071648468e-10 
   70       2.538794184834e-10 
   71       2.571848654873e-10 
   72       2.605232806620e-10 
   73       2.638955665300e-10 
   74       2.673026262529e-10 
   75       2.707449413185e-10 
   76       2.742225463586e-10 
   77       2.777350039665e-10 
   78       2.812813795150e-10 
   79       2.848602159739e-10 
   80       2.884701052665e-10 
   81       2.921115720114e-10 
   82       2.957854724836e-10 
   83       2.994924132152e-10 
   84       3.032327368596e-10 
   85       3.070065080572e-10 
   86       3.108134992990e-10 
   87       3.146531767922e-10 
   88       3.185246863246e-10 
   89       3.224271851835e-10 
   90       3.263609283971e-10 
   91       3.303263276385e-10 
   92       3.343236115150e-10 
   93       3.383528166163e-10 
   94       3.424137785643e-10 
   95       3.465061230615e-10 
   96       3.506292569406e-10 
   97       3.547823592131e-10 
   98       3.589643721189e-10 
   99       3.631742559542e-10 
  100       3.674118140902e-10 
  101       3.716769687268e-10 
  102       3.759695018577e-10 
  103       3.802890495165e-10 
  104       3.846350960232e-10 
  105       3.890069682308e-10 
  106       3.934038297712e-10 
  107       3.978246753022e-10 
  108       4.022683247533e-10 
  109       4.067334175725e-10 
  110       4.112186436251e-10 
  111       4.157234818195e-10 
  112       4.202475456816e-10 
  113       4.247903517643e-10 
  114       4.293513162188e-10 
  115       4.339297513676e-10 
  116       4.385248622766e-10 
  117       4.431357433267e-10 
  118       4.477613747869e-10 
  119       4.524006193857e-10 
  120       4.570522188839e-10 
  121       4.617147906464e-10 
  122       4.663868242149e-10 
  123       4.710668528442e-10 
  124       4.757539977283e-10 
  125       4.804474801275e-10 
  126       4.851464499735e-10 
  127       4.898499838185e-10 
  128       4.945570827833e-10 
  129       4.992666705070e-10 
  130       5.039775910951e-10 
  131       5.086886070687e-10 
  132       5.133983973130e-10 
  133       5.181055550265e-10 
  134       5.228085856693e-10 
  135       5.275059049123e-10 
  136       5.321958365860e-10 
  137       5.368767579425e-10 
  138       5.415475567506e-10 
  139       5.462072178316e-10 
  140       5.508546788841e-10 
  141       5.554888293678e-10 
  142       5.601085093874e-10 
  143       5.647125085763e-10 
  144       5.692995649803e-10 
  145       5.738683639419e-10 
  146       5.784175369837e-10 
  147       5.829456606924e-10 
  148       5.874512556026e-10 
  149       5.919327850805e-10 
  150       5.963886542080e-10 
  151       6.008172086665e-10 
  152       6.052167336203e-10 
  153       6.095855771924e-10 
  154       6.139225361517e-10 
  155       6.182265041093e-10 
  156       6.224963496702e-10 
  157       6.267309159526e-10 
  158       6.309290201056e-10 
  159       6.350894528280e-10 
  160       6.392109778864e-10 
  161       6.432923316335e-10 
  162       6.473322225268e-10 
  163       6.513293306468e-10 
  164       6.552823072150e-10 
  165       6.591897741130e-10 
  166       6.630503234003e-10 
  167       6.668625168329e-10 
  168       6.706248853816e-10 
  169       6.743359287503e-10 
  170       6.779941148946e-10 
  171       6.815979809213e-10 
  172       6.851464462378e-10 
  173       6.886385247123e-10 
  174       6.920732255751e-10 
  175       6.954495533503e-10 
  176       6.987665077885e-10 
  177       7.020230837980e-10 
  178       7.052182713773e-10 
  179       7.083510555471e-10 
  180       7.114204162821e-10 
  181       7.144253284429e-10 
  182       7.173647617085e-10 
  183       7.202376805077e-10 
  184       7.230430439514e-10 
  185       7.257798057649e-10 
  186       7.284469142191e-10 
  187       7.310433120633e-10 
  188       7.335679364569e-10 
  189       7.360197189011e-10 
  190       7.383975851714e-10 
  191       7.407005272803e-10 
  192       7.429278255362e-10 
  193       7.450788430479e-10 
  194       7.471529553585e-10 
  195       7.491495506127e-10 
  196       7.510680297250e-10 
  197       7.529078065467e-10 
  198       7.546683080342e-10 
  199       7.563489744166e-10 
  200       7.579492593631e-10 
  201       7.594686301510e-10 
  202       7.609065678334e-10 
  203       7.622625674066e-10 
  204       7.635361379781e-10 
  205       7.647268029345e-10 
  206       7.658341001085e-10 
  207       7.668575819473e-10 
  208       7.677968156799e-10 
  209       7.686513834850e-10 
  210       7.694208826587e-10 
  211       7.701049257821e-10 
  212       7.707031408889e-10 
  213       7.712152094568e-10 
  214       7.716409828858e-10 
  215       7.719803742133e-10 
  216       7.722333212631e-10 
  217       7.723997869128e-10 
  218       7.724797593614e-10 
  219       7.724732523957e-10 
  220       7.723803056586e-10 
  221       7.722009849157e-10 
  222       7.719353823229e-10 
  223       7.715836166935e-10 
  224       7.711458337655e-10 
  225       7.706222064692e-10 
  226       7.700129351938e-10 
  227       7.693182480553e-10 
  228       7.685384011638e-10 
  229       7.676736788900e-10 
  230       7.667243941335e-10 
  231       7.656908885894e-10 
  232       7.645735330157e-10 
  233       7.633727275007e-10 
  234       7.620889017305e-10 
  235       7.607225152556e-10 
  236       7.592740577588e-10 
  237       7.577440493222e-10 
  238       7.561330306808e-10 
  239       7.544415327749e-10 
  240       7.526701058715e-10 
  241       7.508193296568e-10 
  242       7.488898134825e-10 
  243       7.468821966119e-10 
  244       7.447971484660e-10 
  245       7.426353688699e-10 
  246       7.403975882985e-10 
  247       7.380845681232e-10 
  248       7.356971008576e-10 
  249       7.332360104038e-10 
  250       7.307021522987e-10 
  251       7.280964139600e-10 
  252       7.254197149323e-10 
  253       7.226730071334e-10 
  254       7.198572751004e-10 
  255       7.169735362358e-10 
  256       7.140228410538e-10 
  257       7.110062734261e-10 
  258       7.079249508286e-10 
  259       7.047800245871e-10 
  260       7.015726801235e-10 
  261       6.983041372022e-10 
  262       6.949756501762e-10 
  263       6.915885082329e-10 
  264       6.881440356406e-10 
  265       6.846435919948e-10 
  266       6.810885074621e-10 
  267       6.774798841117e-10 
  268       6.738187842750e-10 
  269       6.701062947116e-10 
  270       6.663435267454e-10 
  271       6.625316164013e-10 
  272       6.586717245415e-10 
  273       6.547650370013e-10 
  274       6.508127647262e-10 
  275       6.468161439075e-10 
  276       6.427764361192e-10 
  277       6.386949284539e-10 
  278       6.345729336594e-10 
  279       6.304117902750e-10 
  280       6.262128627675e-10 
  281       6.219775416681e-10 
  282       6.177072437082e-10 
  283       6.134034119559e-10 
  284       6.090675159525e-10 
  285       6.047010518486e-10 
  286       6.003055425404e-10 
  287       5.958825378063e-10 
  288       5.914336144428e-10 
  289       5.869603764015e-10 
  290       5.824644549246e-10 
  291       5.779475086817e-10 
  292       5.734112239061e-10 
  293       5.688573145312e-10 
  294       5.642875223265e-10 
  295       5.597036170341e-10 
  296       5.551073965053e-10 
  297       5.505005754395e-10 
  298       5.458844453292e-10 
  299       5.412601982169e-10 
  300       5.366290365842e-10 
  301       5.319921733373e-10 
  302       5.273508317922e-10 
  303       5.227062456601e-10 
  304       5.180596590324e-10 
  305       5.134123263665e-10 
  306       5.087655124707e-10 
  307       5.041204924893e-10 
  308       4.994785518886e-10 
  309       4.948409864415e-10 
  310       4.902091022129e-10 
  311       4.855842155455e-10 
  312       4.809676530444e-10 
  313       4.763607515629e-10 
  314       4.717648581874e-10 
  315       4.671813302231e-10 
  316       4.626115351790e-10 
  317       4.580568507531e-10 
  318       4.535186648181e-10 
  319       4.489983754062e-10 
  320       4.444973906947e-10 
  321       4.400171289913e-10 
  322       4.355590187192e-10 
  323       4.311244984025e-10 
  324       4.267150166515e-10 
  325       4.223320321479e-10 
  326       4.179770136303e-10 
  327       4.136514398792e-10 
  328       4.093567997024e-10 
  329       4.050945919204e-10 
  330       4.008663253517e-10 
  331       3.966735187977e-10 
  332       3.925175812607e-10 
  333       3.883994468533e-10 
  334       3.843199239282e-10 
  335       3.802798132643e-10 
  336       3.762799079226e-10 
  337       3.723209931010e-10 
  338       3.684038459899e-10 
  339       3.645292356272e-10 
  340       3.606979227540e-10 
  341       3.569106596694e-10 
  342       3.531681900863e-10 
  343       3.494712489862e-10 
  344       3.458205624748e-10 
  345       3.422168476372e-10 
  346       3.386608123933e-10 
  347       3.351531553528e-10 
  348       3.316945656708e-10 
  349       3.282857229030e-10 
  350       3.249272968608e-10 
  351       3.216199474669e-10 
  352       3.183643246103e-10 
  353       3.151610680018e-10 
  354       3.120108070292e-10 
  355       3.089141606127e-10 
  356       3.058717370598e-10 
  357       3.028841339212e-10 
  358       2.999519378457e-10 
  359       2.970757244353e-10 
  360       2.942560581011e-10 
  361       2.914934919181e-10 
  362       2.887885674805e-10 
  363       2.861418147572e-10 
  364       2.835537519472e-10 
  365       2.810248853344e-10 
  366       2.785557091433e-10 
  367       2.761467053943e-10 
  368       2.737983437586e-10 
  369       2.715110814140e-10 
  370       2.692853628997e-10 
  371       2.671215662940e-10 
  372       2.650198397192e-10 
  373       2.629802581600e-10 
  374       2.610028763738e-10 
  375       2.590877286988e-10 
  376       2.572348288633e-10 
  377       2.554441697940e-10 
  378       2.537157234246e-10 
  379       2.520494405042e-10 
  380       2.504452504067e-10 
  381       2.489030609383e-10 
  382       2.474227581472e-10 
  383       2.460042061315e-10 
  384       2.446472468479e-10 
  385       2.433516999206e-10 
  386       2.421173624499e-10 
  387       2.409440088205e-10 
  388       2.398313905103e-10 
  389       2.387792358991e-10 
  390       2.377872500772e-10 
  391       2.368551146537e-10 
  392       2.359824875656e-10 
  393       2.351690028862e-10 
  394       2.344142706336e-10 
  395       2.337178765794e-10 
  396       2.330793820574e-10 
  397       2.324983237722e-10 
  398       2.319742136075e-10 
  399       2.315065384355e-10 
  400       2.310947599245e-10 
  401       2.307383143483e-10 
  402       2.304366123944e-10 
  403       2.301890389728e-10 
  404       2.299949530247e-10 
  405       2.298536873308e-10 
  406       2.297645483202e-10 
  407       2.297268158788e-10 
  408       2.297397431583e-10 
  409       2.298025563844e-10 
  410       2.299144546654e-10 
  411       2.300746678778e-10 
  412       2.302826329648e-10 
  413       2.305378234909e-10 
  414       2.308396919780e-10 
  415       2.311876697552e-10 
  416       2.315811668089e-10 
  417       2.320195716322e-10 
  418       2.325022510747e-10 
  419       2.330285501926e-10 
  420       2.335977920981e-10 
  421       2.342092778095e-10 
  422       2.348622861006e-10 
  423       2.355560733508e-10 
  424       2.362898733947e-10 
  425       2.370628973721e-10 
  426       2.378743335773e-10 
  427       2.387233473094e-10 
  428       2.396090807218e-10 
  429       2.405306526720e-10 
  430       2.414871585714e-10 
  431       2.424776702350e-10 
  432       2.435012357315e-10 
  433       2.445568792324e-10 
  434       2.456436008626e-10 
  435       2.467603765495e-10 
  436       2.479061578732e-10 
  437       2.490798719159e-10 
  438       2.502804211121e-10 
  439       2.515066830980e-10 
  440       2.527575105617e-10 
  441       2.540317310923e-10 
  442       2.553281470304e-10 
  443       2.566455353175e-10 
  444       2.579826473456e-10 
  445       2.593382088075e-10 
  446       2.607109195462e-10 
  447       2.620994534045e-10 
  448       2.635024580754e-10 
  449       2.649185549512e-10 
  450       2.663463389738e-10 
  451       2.677845186717e-10 
  452       2.692323415465e-10 
  453       2.706891821001e-10 
  454       2.721544028185e-10 
  455       2.736273541045e-10 
  456       2.751073742094e-10 
  457       2.765937891656e-10 
  458       2.780859127189e-10 
  459       2.795830462610e-10 
  460       2.810844787612e-10 
  461       2.825894866993e-10 
  462       2.840973339976e-10 
  463       2.856072719534e-10 
  464       2.871185391709e-10 
  465       2.886303614939e-10 
  466       2.901419519381e-10 
  467       2.916525106229e-10 
  468       2.931612247044e-10 
  469       2.946672683072e-10 
  470       2.961698024567e-10 
  471       2.976679750118e-10 
  472       2.991609205967e-10 
  473       3.006477605336e-10 
  474       3.021276027747e-10 
  475       3.035995418348e-10 
  476       3.050626587233e-10 
  477       3.065160208766e-10 
  478       3.079586820903e-10 
  479       3.093896824520e-10 
  480       3.108080482729e-10 
  481       3.122127920204e-10 
  482       3.136029122505e-10 
  483       3.149773935400e-10 
  484       3.163352064188e-10 
  485       3.176753073021e-10 
  486       3.189966384229e-10 
  487       3.202981277642e-10 
  488       3.215786889912e-10 
  489       3.228372213837e-10 
  490       3.240726097684e-10 
  491       3.252838734610e-10 
  492       3.264706180843e-10 
  493       3.276325970011e-10 
  494       3.287695635210e-10 
  495       3.298812709071e-10 
  496       3.309674723817e-10 
  497       3.320279211330e-10 
  498       3.330623703212e-10 
  499       3.340705730852e-10 
  500       3.350522825485e-10 
  501       3.360072518256e-10 
  502       3.369352340285e-10 
  503       3.378359822729e-10 
  504       3.387092496844e-10 
  505       3.395547894053e-10 
  506       3.403723546000e-10 
  507       3.411616984624e-10 
  508       3.419225742214e-10 
  509       3.426547351476e-10 
  510       3.433579345594e-10 
  511       3.440319258297e-10 
  512       3.446764623918e-10 
  513       3.452912977458e-10 
  514       3.458761854651e-10 
  515       3.464308792027e-10 
  516       3.469551326973e-10 
  517       3.474486997796e-10 
  518       3.479113343792e-10 
  519       3.483427905300e-10 
  520       3.487428223773e-10 
  521       3.491111841837e-10 
  522       3.494476303355e-10 
  523       3.497519153493e-10 
  524       3.500237938776e-10 
  525       3.502630207161e-10 
  526       3.504693508091e-10 
  527       3.506425392563e-10 
  528       3.507823413193e-10 
  529       3.508885124272e-10 
  530       3.509608081838e-10 
  531       3.509990674430e-10 
  532       3.510034640281e-10 
  533       3.509742619246e-10 
  534       3.509117328761e-10 
  535       3.508161564259e-10 
  536       3.506878199584e-10 
  537       3.505270187412e-10 
  538       3.503340559662e-10 
  539       3.501092427913e-10 
  540       3.498528983824e-10 
  541       3.495653499544e-10 
  542       3.492469328132e-10 
  543       3.488979903974e-10 
  544       3.485188743194e-10 
  545       3.481099444076e-10 
  546       3.476715687474e-10 
  547       3.472041237236e-10 
  548       3.467079940610e-10 
  549       3.461835728670e-10 
  550       3.456312616724e-10 
  551       3.450514704736e-10 
  552       3.444446177738e-10 
  553       3.438111306247e-10 
  554       3.431514446683e-10 
  555       3.424660041784e-10 
  556       3.417552621019e-10 
  557       3.410196801010e-10 
  558       3.402597285943e-10 
  559       3.394758867985e-10 
  560       3.386686427703e-10 
  561       3.378384934477e-10 
  562       3.369859446915e-10 
  563       3.361115113274e-10 
  564       3.352157171872e-10 
  565       3.342990951504e-10 
  566       3.333621871859e-10 
  567       3.324055443939e-10 
  568       3.314297270469e-10 
  569       3.304353046317e-10 
  570       3.294228558910e-10 
  571       3.283929557288e-10 
  572       3.273461354761e-10 
  573       3.262829216939e-10 
  574       3.252038492543e-10 
  575       3.241094613778e-10 
  576       3.230003096693e-10 
  577       3.218769541556e-10 
  578       3.207399633215e-10 
  579       3.195899141473e-10 
  580       3.184273921448e-10 
  581       3.172529913948e-10 
  582       3.160673145835e-10 
  583       3.148709730391e-10 
  584       3.136645867690e-10 
  585       3.124487844965e-10 
  586       3.112242036973e-10 
  587       3.099914906364e-10 
  588       3.087513004050e-10 
  589       3.075042969573e-10 
  590       3.062511531471e-10 
  591       3.049925507646e-10 
  592       3.037291805733e-10 
  593       3.024617423466e-10 
  594       3.011909449049e-10 
  595       2.999175061520e-10 
  596       2.986421531122e-10 
  597       2.973656219667e-10 
  598       2.960886580907e-10 
  599       2.948120160903e-10 
  600       2.935364598388e-10 
  601       2.922627625138e-10 
  602       2.909917066338e-10 
  603       2.897240840954e-10 
  604       2.884606962096e-10 
  605       2.872023537386e-10 
  606       2.859498769330e-10 
  607       2.847040955681e-10 
  608       2.834658489810e-10 
  609       2.822359861072e-10 
  610       2.810153655174e-10 
  611       2.798047726137e-10 
  612       2.786046689739e-10 
  613       2.774154371032e-10 
  614       2.762374627439e-10 
  615       2.750711348857e-10 
  616       2.739168457758e-10 
  617       2.727749909292e-10 
  618       2.716459691388e-10 
  619       2.705301824857e-10 
  620       2.694280363493e-10 
  621       2.683399394176e-10 
  622       2.672663036972e-10 
  623       2.662075445238e-10 
  624       2.651640805719e-10 
  625       2.641363338657e-10 
  626       2.631247297887e-10 
  627       2.621296970939e-10 
  628       2.611516679144e-10 
  629       2.601910777735e-10 
  630       2.592483655945e-10 
  631       2.583239737112e-10 
  632       2.574183478783e-10 
  633       2.565319372810e-10 
  634       2.556651945458e-10 
  635       2.548185757503e-10 
  636       2.539925404337e-10 
  637       2.531875516065e-10 
  638       2.524040757614e-10 
  639       2.516425828828e-10 
  640       2.509035464574e-10 
  641       2.501874434844e-10 
  642       2.494947544855e-10 
  643       2.488259635151e-10 
  644       2.481815581707e-10 
  645       2.475620296029e-10 
  646       2.469678725257e-10 
  647       2.463995852266e-10 
  648       2.458576695770e-10 
  649       2.453426310419e-10 
  650       2.448549786908e-10 
  651       2.443951353656e-10 
  652       2.439631659581e-10 
  653       2.435590430693e-10 
  654       2.431827362852e-10 
  655       2.428342121618e-10 
  656       2.425134342099e-10 
  657       2.422203628793e-10 
  658       2.419549555446e-10 
  659       2.417171664890e-10 
  660       2.415069468898e-10 
  661       2.413242448028e-10 
  662       2.411690051472e-10 
  663       2.410411696905e-10 
  664       2.409406770333e-10 
  665       2.408674625938e-10 
  666       2.408214585928e-10 
  667       2.408025940386e-10 
  668       2.408107947117e-10 
  669       2.408459831495e-10 
  670       2.409080786312e-10 
  671       2.409969971624e-10 
  672       2.411126514605e-10 
  673       2.412549509384e-10 
  674       2.414238016906e-10 
  675       2.416191064769e-10 
  676       2.418407647077e-10 
  677       2.420886724289e-10 
  678       2.423627223063e-10 
  679       2.426628036107e-10 
  680       2.429888022027e-10 
  681       2.433406005173e-10 
  682       2.437180775487e-10 
  683       2.441211088353e-10 
  684       2.445495664444e-10 
  685       2.450033189568e-10 
  686       2.454822314520e-10 
  687       2.459861654926e-10 
  688       2.465149791093e-10 
  689       2.470685267856e-10 
  690       2.476466594427e-10 
  691       2.482491854058e-10 
  692       2.488757524309e-10 
  693       2.495259631586e-10 
  694       2.501994138823e-10 
  695       2.508956945230e-10 
  696       2.516143886047e-10 
  697       2.523550732287e-10 
  698       2.531173190493e-10 
  699       2.539006902485e-10 
  700       2.547047445110e-10 
  701       2.555290329992e-10 
  702       2.563731003282e-10 
  703       2.572364845408e-10 
  704       2.581187170827e-10 
  705       2.590193227772e-10 
  706       2.599378198003e-10 
  707       2.608737196558e-10 
  708       2.618265271502e-10 
  709       2.627957403677e-10 
  710       2.637808506454e-10 
  711       2.647813425480e-10 
  712       2.657966938429e-10 
  713       2.668263754753e-10 
  714       2.678698515433e-10 
  715       2.689265792724e-10 
  716       2.699960089911e-10 
  717       2.710775841057e-10 
  718       2.721707410750e-10 
  719       2.732749093858e-10 
  720       2.743895115275e-10 
  721       2.755139629673e-10 
  722       2.766476721251e-10 
  723       2.777900403487e-10 
  724       2.789404618885e-10 
  725       2.800983238728e-10 
  726       2.812630062825e-10 
  727       2.824338819264e-10 
  728       2.836103164161e-10 
  729       2.847916681407e-10 
  730       2.859772882424e-10 
  731       2.871665520016e-10 
  732       2.883589537313e-10 
  733       2.895540137269e-10 
  734       2.907512470087e-10 
  735       2.919501633044e-10 
  736       2.931502670308e-10 
  737       2.943510572763e-10 
  738       2.955520277823e-10 
  739       2.967526669259e-10 
  740       2.979524577012e-10 
  741       2.991508777023e-10 
  742       3.003473991045e-10 
  743       3.015414886468e-10 
  744       3.027326076137e-10 
  745       3.039202118176e-10 
  746       3.051037515804e-10 
  747       3.062826717158e-10 
  748       3.074564115114e-10 
  749       3.086244047105e-10 
  750       3.097860794944e-10 
  751       3.109408584644e-10 
  752       3.120881586237e-10 
  753       3.132273913594e-10 
  754       3.143579624249e-10 
  755       3.154792719217e-10 
  756       3.165907142813e-10 
  757       3.176916782476e-10 
  758       3.187815468587e-10 
  759       3.198596974289e-10 
  760       3.209255015310e-10 
  761       3.219783249782e-10 
  762       3.230175278061e-10 
  763       3.240424642546e-10 
  764       3.250524827505e-10 
  765       3.260469258889e-10 
  766       3.270251304156e-10 
  767       3.279864272092e-10 
  768       3.289301412628e-10 
  769       3.298555916664e-10 
  770       3.307620915888e-10 
  771       3.316490242524e-10 
  772       3.325160724703e-10 
  773       3.333629934172e-10 
  774       3.341895430271e-10 
  775       3.349954759911e-10 
  776       3.357805457542e-10 
  777       3.365445045133e-10 
  778       3.372871032143e-10 
  779       3.380080915492e-10 
  780       3.387072179537e-10 
  781       3.393842296050e-10 
  782       3.400388724181e-10 
  783       3.406708910444e-10 
  784       3.412800288681e-10 
  785       3.418660280040e-10 
  786       3.424286292949e-10 
  787       3.429675723088e-10 
  788       3.434825953364e-10 
  789       3.439734353883e-10 
  790       3.444398281925e-10 
  791       3.448815081919e-10 
  792       3.452982085412e-10 
  793       3.456896611049e-10 
  794       3.460555964540e-10 
  795       3.463957438640e-10 
  796       3.467098313118e-10 
  797       3.469975854733e-10 
  798       3.472587317207e-10 
  799       3.474929941197e-10 
  800       3.477000954274e-10 
  801       3.478797570889e-10 
  802       3.480316992353e-10 
  803       3.481556406809e-10 
  804       3.482512989202e-10 
  805       3.483183901259e-10 
  806       3.483566291457e-10 
  807       3.483657295000e-10 
  808       3.483454033792e-10 
  809       3.482953616409e-10 
  810       3.482153138076e-10 
  811       3.481050384320e-10 
  812       3.479645955878e-10 
  813       3.477941181975e-10 
  814       3.475937420202e-10 
  815       3.473636056626e-10 
  816       3.471038505883e-10 
  817       3.468146211288e-10 
  818       3.464960644929e-10 
  819       3.461483307777e-10 
  820       3.457715729781e-10 
  821       3.453659469974e-10 
  822       3.449316116574e-10 
  823       3.444687287083e-10 
  824       3.439774628395e-10 
  825       3.434579816892e-10 
  826       3.429104558549e-10 
  827       3.423350589035e-10 
  828       3.417319673815e-10 
  829       3.411013608252e-10 
  830       3.404434217707e-10 
  831       3.397583357646e-10 
  832       3.390462913736e-10 
  833       3.383074801951e-10 
  834       3.375420968671e-10 
  835       3.367503390785e-10 
  836       3.359324075796e-10 
  837       3.350885061917e-10 
  838       3.342188418176e-10 
  839       3.333236244521e-10 
  840       3.324030671914e-10 
  841       3.314573862441e-10 
  842       3.304868009410e-10 
  843       3.294915337453e-10 
  844       3.284718102627e-10 
  845       3.274278592519e-10 
  846       3.263599126345e-10 
  847       3.252682055055e-10 
  848       3.241529761429e-10 
  849       3.230144660186e-10 
  850       3.218529198081e-10 
  851       3.206686091999e-10 
  852       3.194619047491e-10 
  853       3.182332052767e-10 
  854       3.169829141958e-10 
  855       3.157114395260e-10 
  856       3.144191939078e-10 
  857       3.131065946162e-10 
  858       3.117740635752e-10 
  859       3.104220273718e-10 
  860       3.090509172704e-10 
  861       3.076611692263e-10 
  862       3.062532239005e-10 
  863       3.048275266734e-10 
  864       3.033845276591e-10 
  865       3.019246817195e-10 
  866       3.004484484786e-10 
  867       2.989562923361e-10 
  868       2.974486824821e-10 
  869       2.959260929111e-10 
  870       2.943890024358e-10 
  871       2.928378947017e-10 
  872       2.912732582008e-10 
  873       2.896955862861e-10 
  874       2.881053771854e-10 
  875       2.865031340157e-10 
  876       2.848893647971e-10 
  877       2.832645824672e-10 
  878       2.816293048948e-10 
  879       2.799840548945e-10 
  880       2.783293602405e-10 
  881       2.766657536811e-10 
  882       2.749937729522e-10 
  883       2.733139607921e-10 
  884       2.716268649551e-10 
  885       2.699330382262e-10 
  886       2.682330384345e-10 
  887       2.665274284679e-10 
  888       2.648167762871e-10 
  889       2.631016549395e-10 
  890       2.613826425738e-10 
  891       2.596602909981e-10 
  892       2.579350307636e-10 
  893       2.562072645540e-10 
  894       2.544773985093e-10 
  895       2.527458422352e-10 
  896       2.510130088123e-10 
  897       2.492793148058e-10 
  898       2.475451802748e-10 
  899       2.458110287813e-10 
  900       2.440772874001e-10 
  901       2.423443867278e-10 
  902       2.406127608926e-10 
  903       2.388828475630e-10 
  904       2.371550879579e-10 
  905       2.354299268556e-10 
  906       2.337078126031e-10 
  907       2.319891971258e-10 
  908       2.302745359367e-10 
  909       2.285642881456e-10 
  910       2.268589164689e-10 
  911       2.251588872384e-10 
  912       2.234646704115e-10 
  913       2.217767395796e-10 
  914       2.200955719782e-10 
  915       2.184216484962e-10 
  916       2.167554536848e-10 
  917       2.150974757675e-10 
  918       2.134482066491e-10 
  919       2.118081419250e-10 
  920       2.101777808910e-10 
  921       2.085576265523e-10 
  922       2.069481856330e-10 
  923       2.053499685854e-10 
  924       2.037634895997e-10 
  925       2.021892666129e-10 
  926       2.006278213186e-10 
  927       1.990796791760e-10 
  928       1.975453694197e-10 
  929       1.960254250687e-10 
  930       1.945203829359e-10 
  931       1.930307218032e-10 
  932       1.915566758643e-10 
  933       1.900984183742e-10 
  934       1.886561232197e-10 
  935       1.872299649194e-10 
  936       1.858201186253e-10 
  937       1.844267601232e-10 
  938       1.830500658338e-10 
  939       1.816902128133e-10 
  940       1.803473787542e-10 
  941       1.790217419863e-10 
  942       1.777134814776e-10 
  943       1.764227768348e-10 
  944       1.751498083045e-10 
  945       1.738947567736e-10 
  946       1.726578037706e-10 
  947       1.714391314662e-10 
  948       1.702389226738e-10 
  949       1.690573608511e-10 
  950       1.678946301002e-10 
  951       1.667509151688e-10 
  952       1.656264014509e-10 
  953       1.645212749877e-10 
  954       1.634357224682e-10 
  955       1.623699312306e-10 
  956       1.613240892625e-10 
  957       1.602983852018e-10 
  958       1.592930083381e-10 
  959       1.583081486128e-10 
  960       1.573439966204e-10 
  961       1.564007436091e-10 
  962       1.554785814818e-10 
  963       1.545777027967e-10 
  964       1.536983007685e-10 
  965       1.528405692687e-10 
  966       1.520047028269e-10 
  967       1.511908966314e-10 
  968       1.503993465300e-10 
  969       1.496302490310e-10 
  970       1.488838013038e-10 
  971       1.481601482609e-10 
  972       1.474592229298e-10 
  973       1.467809036814e-10 
  974       1.461250669260e-10 
  975       1.454915871068e-10 
  976       1.448803366947e-10 
  977       1.442911861818e-10 
  978       1.437240040757e-10 
  979       1.431786568940e-10 
  980       1.426550091575e-10 
  981       1.421529233852e-10 
  982       1.416722600880e-10 
  983       1.412128777625e-10 
  984       1.407746328859e-10 
  985       1.403573799093e-10 
  986       1.399609712522e-10 
  987       1.395852572965e-10 
  988       1.392300863807e-10 
  989       1.388953047938e-10 
  990       1.385807567697e-10 
  991       1.382862844810e-10 
  992       1.380117280331e-10 
  993       1.377569254586e-10 
  994       1.375217127111e-10 
  995       1.373059236596e-10 
  996       1.371093900821e-10 
  997       1.369319416602e-10 
  998       1.367734059731e-10 
  999       1.366336084914e-10 
 1000       1.365123725714e-10 
 1001       1.364095194495e-10 
 1002       1.363248682357e-10 
 1003       1.362582359081e-10 
 1004       1.362094373070e-10 
 1005       1.361782851287e-10 
 1006       1.361645899199e-10 
 1007       1.361681600717e-10 
 1008       1.361888018138e-10 
 1009       1.362263192084e-10 
 1010       1.362805141442e-10 
 1011       1.363511711744e-10 
 1012       1.364380118003e-10 
 1013       1.365407395151e-10 
 1014       1.366590548930e-10 
 1015       1.367926555815e-10 
 1016       1.369412362939e-10 
 1017       1.371044888013e-10 
 1018       1.372821019252e-10 
 1019       1.374737615294e-10 
 1020       1.376791505130e-10 
 1021       1.378979488021e-10 
 1022       1.381298333426e-10 
 1023       1.383744780920e-10 
 1024       1.386315540122e-10 
 1025       1.389007290615e-10 
 1026       1.391816681873e-10 
 1027       1.394740333178e-10 
 1028       1.397774833550e-10 
 1029       1.400916741665e-10 
 1030       1.404162585783e-10 
 1031       1.407508863665e-10 
 1032       1.410952042503e-10 
 1033       1.414488558838e-10 
 1034       1.418114818486e-10 
 1035       1.421827196460e-10 
 1036       1.425622036894e-10 
 1037       1.429495652966e-10 
 1038       1.433444326821e-10 
 1039       1.437464309492e-10 
 1040       1.441551820829e-10 
 1041       1.445703049417e-10 
 1042       1.449914152501e-10 
 1043       1.454181255908e-10 
 1044       1.458500453974e-10 
 1045       1.462867809461e-10 
 1046       1.467279353487e-10 
 1047       1.471731085444e-10 
 1048       1.476218972923e-10 
 1049       1.480738951639e-10 
 1050       1.485286925351e-10 
 1051       1.489859018535e-10 
 1052       1.494452338391e-10 
 1053       1.499064223276e-10 
 1054       1.503691990866e-10 
 1055       1.508332938109e-10 
 1056       1.512984341173e-10 
 1057       1.517643455399e-10 
 1058       1.522307515249e-10 
 1059       1.526973734258e-10 
 1060       1.531639304988e-10 
 1061       1.536301398972e-10 
 1062       1.540957166669e-10 
 1063       1.545603737415e-10 
 1064       1.550238219371e-10 
 1065       1.554857699475e-10 
 1066       1.559459243395e-10 
 1067       1.564039895473e-10 
 1068       1.568596678685e-10 
 1069       1.573126594582e-10 
 1070       1.577626623249e-10 
 1071       1.582093723248e-10 
 1072       1.586524831577e-10 
 1073       1.590916863613e-10 
 1074       1.595266713067e-10 
 1075       1.599571251933e-10 
 1076       1.603827330439e-10 
 1077       1.608031776998e-10 
 1078       1.612181398158e-10 
 1079       1.616272978555e-10 
 1080       1.620303280859e-10 
 1081       1.624269045729e-10 
 1082       1.628166991761e-10 
 1083       1.631993815440e-10 
 1084       1.635746191091e-10 
 1085       1.639420770827e-10 
 1086       1.643014184503e-10 
 1087       1.646523039665e-10 
 1088       1.649943921501e-10 
 1089       1.653273392790e-10 
 1090       1.656507993857e-10 
 1091       1.659644690600e-10 
 1092       1.662682225267e-10 
 1093       1.665619783671e-10 
 1094       1.668456548752e-10 
 1095       1.671191700565e-10 
 1096       1.673824416284e-10 
 1097       1.676353870187e-10 
 1098       1.678779233664e-10 
 1099       1.681099675203e-10 
 1100       1.683314360391e-10 
 1101       1.685422451907e-10 
 1102       1.687423109521e-10 
 1103       1.689315490086e-10 
 1104       1.691098747537e-10 
 1105       1.692772032884e-10 
 1106       1.694334494211e-10 
 1107       1.695785276668e-10 
 1108       1.697123522470e-10 
 1109       1.698348370891e-10 
 1110       1.699458958260e-10 
 1111       1.700454417958e-10 
 1112       1.701333880412e-10 
 1113       1.702096473091e-10 
 1114       1.702741320504e-10 
 1115       1.703267544194e-10 
 1116       1.703674262731e-10 
 1117       1.703960591715e-10 
 1118       1.704125643765e-10 
 1119       1.704168528518e-10 
 1120       1.704088352622e-10 
 1121       1.703884219737e-10 
 1122       1.703555230525e-10 
 1123       1.703100482650e-10 
 1124       1.702519070772e-10 
 1125       1.701810086541e-10 
 1126       1.700972618598e-10 
 1127       1.700005752564e-10 
 1128       1.698908571041e-10 
 1129       1.697680153606e-10 
 1130       1.696319576807e-10 
 1131       1.694826267610e-10 
 1132       1.693201068753e-10 
 1133       1.691445187152e-10 
 1134       1.689559841721e-10 
 1135       1.687546263406e-10 
 1136       1.685405695211e-10 
 1137       1.683139392227e-10 
 1138       1.680748621662e-10 
 1139       1.678234662869e-10 
 1140       1.675598807378e-10 
 1141       1.672842358917e-10 
 1142       1.669966633451e-10 
 1143       1.666972959204e-10 
 1144       1.663862676689e-10 
 1145       1.660637138741e-10 
 1146       1.657297710538e-10 
 1147       1.653845769639e-10 
 1148       1.650282706007e-10 
 1149       1.646609922038e-10 
 1150       1.642828832594e-10 
 1151       1.638940865027e-10 
 1152       1.634947459212e-10 
 1153       1.630850067573e-10 
 1154       1.626650155112e-10 
 1155       1.622349199442e-10 
 1156       1.617948690809e-10 
 1157       1.613450132128e-10 
 1158       1.608855039006e-10 
 1159       1.604164939775e-10 
 1160       1.599381375519e-10 
 1161       1.594505900104e-10 
 1162       1.589540080205e-10 
 1163       1.584485495336e-10 
 1164       1.579343737881e-10 
 1165       1.574116413118e-10 
 1166       1.568805139254e-10 
 1167       1.563411547449e-10 
 1168       1.557937281846e-10 
 1169       1.552383999601e-10 
 1170       1.546753370914e-10 
 1171       1.541047151458e-10 
 1172       1.535267400628e-10 
 1173       1.529416266077e-10 
 1174       1.523495911592e-10 
 1175       1.517508517128e-10 
 1176       1.511456278848e-10 
 1177       1.505341409149e-10 
 1178       1.499166136708e-10 
 1179       1.492932706510e-10 
 1180       1.486643379886e-10 
 1181       1.480300434546e-10 
 1182       1.473906164617e-10 
 1183       1.467462880678e-10 
 1184       1.460972909793e-10 
 1185       1.454438595548e-10 
 1186       1.447862298085e-10 
 1187       1.441246394139e-10 
 1188       1.434593277072e-10 
 1189       1.427905356909e-10 
 1190       1.421185060372e-10 
 1191       1.414434830915e-10 
 1192       1.407657128762e-10 
 1193       1.400854430940e-10 
 1194       1.394029231314e-10 
 1195       1.387184040623e-10 
 1196       1.380321386516e-10 
 1197       1.373443813585e-10 
 1198       1.366553883402e-10 
 1199       1.359654174556e-10 
 1200       1.352747282683e-10 
 1201       1.345835820505e-10 
 1202       1.338922417866e-10 
 1203       1.332009721765e-10 
 1204       1.325100396391e-10 
 1205       1.318197123161e-10 
 1206       1.311302600751e-10 
 1207       1.304419545138e-10 
 1208       1.297550689626e-10 
 1209       1.290698784889e-10 
 1210       1.283866599004e-10 
 1211       1.277056716339e-10 
 1212       1.270270931509e-10 
 1213       1.263510848174e-10 
 1214       1.256778079543e-10 
 1215       1.250074248392e-10 
 1216       1.243400987082e-10 
 1217       1.236759937579e-10 
 1218       1.230152751470e-10 
 1219       1.223581089984e-10 
 1220       1.217046624011e-10 
 1221       1.210551034122e-10 
 1222       1.204096010582e-10 
 1223       1.197683253376e-10 
 1224       1.191314472224e-10 
 1225       1.184991386599e-10 
 1226       1.178715725748e-10 
 1227       1.172489228712e-10 
 1228       1.166313644339e-10 
 1229       1.160190731309e-10 
 1230       1.154122258150e-10 
 1231       1.148110003256e-10 
 1232       1.142155754909e-10 
 1233       1.136261311294e-10 
 1234       1.130428480519e-10 
 1235       1.124659080637e-10 
 1236       1.118954939659e-10 
 1237       1.113317895578e-10 
 1238       1.107749796385e-10 
 1239       1.102252500088e-10 
 1240       1.096827874731e-10 
 1241       1.091477798414e-10 
 1242       1.086204159310e-10 
 1243       1.081008855686e-10 
 1244       1.075893795919e-10 
 1245       1.070860898516e-10 
 1246       1.065912092134e-10 
 1247       1.061049315597e-10 
 1248       1.056274517917e-10 
 1249       1.051589658309e-10 
 1250       1.046996706213e-10 
 1251       1.042497332912e-10 
 1252       1.038091982393e-10 
 1253       1.033780789668e-10 
 1254       1.029563888179e-10 
 1255       1.025441409796e-10 
 1256       1.021413484816e-10 
 1257       1.017480241951e-10 
 1258       1.013641808327e-10 
 1259       1.009898309480e-10 
 1260       1.006249869350e-10 
 1261       1.002696610275e-10 
 1262       9.992386529888e-11 
 1263       9.958761166138e-11 
 1264       9.926091186572e-11 
 1265       9.894377750060e-11 
 1266       9.863621999223e-11 
 1267       9.833825060381e-11 
 1268       9.804988043511e-11 
 1269       9.777112042190e-11 
 1270       9.750198133555e-11 
 1271       9.724247378248e-11 
 1272       9.699260820373e-11 
 1273       9.675239487443e-11 
 1274       9.652184390335e-11 
 1275       9.630096523239e-11 
 1276       9.608976863613e-11 
 1277       9.588826372131e-11 
 1278       9.569645992636e-11 
 1279       9.551436652093e-11 
 1280       9.534199260538e-11 
 1281       9.517934711031e-11 
 1282       9.502643879610e-11 
 1283       9.488327625237e-11 
 1284       9.474986789755e-11 
 1285       9.462622197836e-11 
 1286       9.451234656936e-11 
 1287       9.440824957243e-11 
 1288       9.431393871631e-11 
 1289       9.422942155611e-11 
 1290       9.415470547281e-11 
 1291       9.408977640816e-11 
 1292       9.403453480660e-11 
 1293       9.398885894693e-11 
 1294       9.395262613910e-11 
 1295       9.392571272225e-11 
 1296       9.390799406266e-11 
 1297       9.389934455174e-11 
 1298       9.389963760404e-11 
 1299       9.390874565521e-11 
 1300       9.392654015998e-11 
 1301       9.395289159020e-11 
 1302       9.398766943275e-11 
 1303       9.403074218759e-11 
 1304       9.408197736570e-11 
 1305       9.414124148711e-11 
 1306       9.420840007884e-11 
 1307       9.428331767293e-11 
 1308       9.436585780440e-11 
 1309       9.445588300923e-11 
 1310       9.455325482237e-11 
 1311       9.465783377572e-11 
 1312       9.476947939611e-11 
 1313       9.488805020326e-11 
 1314       9.501340370784e-11 
 1315       9.514539640938e-11 
 1316       9.528388379428e-11 
 1317       9.542872033383e-11 
 1318       9.557975948215e-11 
 1319       9.573685367420e-11 
 1320       9.589985432376e-11 
 1321       9.606861182142e-11 
 1322       9.624297553256e-11 
 1323       9.642279379535e-11 
 1324       9.660791391873e-11 
 1325       9.679818218036e-11 
 1326       9.699344382469e-11 
 1327       9.719354306085e-11 
 1328       9.739832306072e-11 
 1329       9.760762595684e-11 
 1330       9.782129284047e-11 
 1331       9.803916321513e-11 
 1332       9.826107335495e-11 
 1333       9.848685792428e-11 
 1334       9.871635051845e-11 
 1335       9.894938366165e-11 
 1336       9.918578880493e-11 
 1337       9.942539632415e-11 
 1338       9.966803551789e-11 
 1339       9.991353460544e-11 
 1340       1.001617207247e-10 
 1341       1.004124199302e-10 
 1342       1.006654571911e-10 
 1343       1.009206563888e-10 
 1344       1.011778403153e-10 
 1345       1.014368306711e-10 
 1346       1.016974480629e-10 
 1347       1.019595120016e-10 
 1348       1.022228409006e-10 
 1349       1.024872520731e-10 
 1350       1.027525617310e-10 
 1351       1.030185849817e-10 
 1352       1.032851358270e-10 
 1353       1.035520271606e-10 
 1354       1.038190707660e-10 
 1355       1.040860773149e-10 
 1356       1.043528563645e-10 
 1357       1.046192163559e-10 
 1358       1.048849646121e-10 
 1359       1.051499073355e-10 
 1360       1.054138496063e-10 
 1361       1.056765953803e-10 
 1362       1.059379474867e-10 
 1363       1.061977076263e-10 
 1364       1.064556763693e-10 
 1365       1.067116531533e-10 
 1366       1.069654362811e-10 
 1367       1.072168229190e-10 
 1368       1.074656090943e-10 
 1369       1.077115896936e-10 
 1370       1.079545584607e-10 
 1371       1.081943255195e-10 
 1372       1.084307701529e-10 
 1373       1.086637885828e-10 
 1374       1.088932764953e-10 
 1375       1.091191290394e-10 
 1376       1.093412408266e-10 
 1377       1.095595059295e-10 
 1378       1.097738178810e-10 
 1379       1.099840696735e-10 
 1380       1.101901537579e-10 
 1381       1.103919620426e-10 
 1382       1.105893858924e-10 
 1383       1.107823161282e-10 
 1384       1.109706430252e-10 
 1385       1.111542563127e-10 
 1386       1.113330451728e-10 
 1387       1.115068982395e-10 
 1388       1.116757035978e-10 
 1389       1.118393487828e-10 
 1390       1.119977207789e-10 
 1391       1.121507060185e-10 
 1392       1.122981903813e-10 
 1393       1.124400591935e-10 
 1394       1.125761972266e-10 
 1395       1.127064886965e-10 
 1396       1.128308172629e-10 
 1397       1.129490660278e-10 
 1398       1.130611175353e-10 
 1399       1.131668537698e-10 
 1400       1.132661561559e-10 
 1401       1.133589055568e-10 
 1402       1.134449822738e-10 
 1403       1.135242660452e-10 
 1404       1.135966360454e-10 
 1405       1.136619708840e-10 
 1406       1.137201486047e-10 
 1407       1.137710466846e-10 
 1408       1.138145420332e-10 
 1409       1.138505109913e-10 
 1410       1.138788293302e-10 
 1411       1.138993948746e-10 
 1412       1.139121956294e-10 
 1413       1.139172423572e-10 
 1414       1.139145460185e-10 
 1415       1.139041177731e-10 
 1416       1.138859689794e-10 
 1417       1.138601111958e-10 
 1418       1.138265561804e-10 
 1419       1.137853158921e-10 
 1420       1.137364024903e-10 
 1421       1.136798283360e-10 
 1422       1.136156059918e-10 
 1423       1.135437482226e-10 
 1424       1.134642679956e-10 
 1425       1.133771784814e-10 
 1426       1.132824930538e-10 
 1427       1.131802252906e-10 
 1428       1.130703889740e-10 
 1429       1.129529980907e-10 
 1430       1.128280668328e-10 
 1431       1.126956095979e-10 
 1432       1.125556409898e-10 
 1433       1.124081758185e-10 
 1434       1.122532291012e-10 
 1435       1.120908160622e-10 
 1436       1.119209521337e-10 
 1437       1.117436529559e-10 
 1438       1.115589343779e-10 
 1439       1.113668124577e-10 
 1440       1.111673034628e-10 
 1441       1.109604238705e-10 
 1442       1.107461903686e-10 
 1443       1.105246198556e-10 
 1444       1.102957294413e-10 
 1445       1.100595364470e-10 
 1446       1.098160584061e-10 
 1447       1.095653130645e-10 
 1448       1.093073183811e-10 
 1449       1.090420925280e-10 
 1450       1.087696538912e-10 
 1451       1.084900349142e-10 
 1452       1.082033237806e-10 
 1453       1.079096231526e-10 
 1454       1.076090363670e-10 
 1455       1.073016674363e-10 
 1456       1.069876210499e-10 
 1457       1.066670025756e-10 
 1458       1.063399180604e-10 
 1459       1.060064742322e-10 
 1460       1.056667785005e-10 
 1461       1.053209389581e-10 
 1462       1.049690643820e-10 
 1463       1.046112642346e-10 
 1464       1.042476486654e-10 
 1465       1.038783285114e-10 
 1466       1.035034152992e-10 
 1467       1.031230212454e-10 
 1468       1.027372592584e-10 
 1469       1.023462429396e-10 
 1470       1.019500865841e-10 
 1471       1.015489051826e-10 
 1472       1.011428144220e-10 
 1473       1.007319306870e-10 
 1474       1.003163710614e-10 
 1475       9.989625332897e-11 
 1476       9.947169597480e-11 
 1477       9.904281818667e-11 
 1478       9.860973985609e-11 
 1479       9.817258157964e-11 
 1480       9.773146466008e-11 
 1481       9.728651110767e-11 
 1482       9.683784364131e-11 
 1483       9.638558568981e-11 
 1484       9.592986139307e-11 
 1485       9.547079560334e-11 
 1486       9.500851388639e-11 
 1487       9.454314252278e-11 
 1488       9.407480850904e-11 
 1489       9.360363955891e-11 
 1490       9.312976410454e-11 
 1491       9.265330992261e-11 
 1492       9.217439999540e-11 
 1493       9.169315661155e-11 
 1494       9.120970273860e-11 
 1495       9.072416202417e-11 
 1496       9.023665879709e-11 
 1497       8.974731806854e-11 
 1498       8.925626553321e-11 
 1499       8.876362757043e-11 
 1500       8.826953124530e-11 
 1501       8.777410430987e-11 
 1502       8.727747520427e-11 
 1503       8.677977305786e-11 
 1504       8.628112769032e-11 
 1505       8.578166961291e-11 
 1506       8.528153002948e-11 
 1507       8.478084083772e-11 
 1508       8.427973463025e-11 
 1509       8.377834469578e-11 
 1510       8.327680502025e-11 
 1511       8.277525028798e-11 
 1512       8.227381588281e-11 
 1513       8.177263788925e-11 
 1514       8.127185309362e-11 
 1515       8.077159898518e-11 
 1516       8.027201375731e-11 
 1517       7.977323630862e-11 
 1518       7.927540624412e-11 
 1519       7.877866387634e-11 
 1520       7.828315022650e-11 
 1521       7.778900702562e-11 
 1522       7.729637671571e-11 
 1523       7.680540245087e-11 
 1524       7.631622809848e-11 
 1525       7.582899824029e-11 
 1526       7.534385817361e-11 
 1527       7.486095391244e-11 
 1528       7.438043218860e-11 
 1529       7.390244045290e-11 
 1530       7.342712687626e-11 
 1531       7.295462693393e-11 
 1532       7.248502301557e-11 
 1533       7.201838443154e-11 
 1534       7.155478079530e-11 
 1535       7.109428202385e-11 
 1536       7.063695833820e-11 
 1537       7.018288026381e-11 
 1538       6.973211863109e-11 
 1539       6.928474457579e-11 
 1540       6.884082953952e-11 
 1541       6.840044527020e-11 
 1542       6.796366382246e-11 
 1543       6.753055755818e-11 
 1544       6.710119914690e-11 
 1545       6.667566156627e-11 
 1546       6.625401810255e-11 
 1547       6.583634235101e-11 
 1548       6.542270821646e-11 
 1549       6.501318991364e-11 
 1550       6.460786196773e-11 
 1551       6.420679921475e-11 
 1552       6.381007680209e-11 
 1553       6.341777018892e-11 
 1554       6.302995514664e-11 
 1555       6.264670775938e-11 
 1556       6.226810442442e-11 
 1557       6.189422185267e-11 
 1558       6.152513706913e-11 
 1559       6.116092741333e-11 
 1560       6.080167053978e-11 
 1561       6.044744441847e-11 
 1562       6.009832733529e-11 
 1563       5.975439789251e-11 
 1564       5.941573500922e-11 
 1565       5.908241792180e-11 
 1566       5.875452618437e-11 
 1567       5.843213966927e-11 
 1568       5.811533856747e-11 
 1569       5.780420338909e-11 
 1570       5.749881496382e-11 
 1571       5.719923872520e-11 
 1572       5.690547740259e-11 
 1573       5.661751788962e-11 
 1574       5.633534692005e-11 
 1575       5.605895106751e-11 
 1576       5.578831674517e-11 
 1577       5.552343020541e-11 
 1578       5.526427753956e-11 
 1579       5.501084467758e-11 
 1580       5.476311738772e-11 
 1581       5.452108127625e-11 
 1582       5.428472178718e-11 
 1583       5.405402420186e-11 
 1584       5.382897363880e-11 
 1585       5.360955505324e-11 
 1586       5.339575323695e-11 
 1587       5.318755281784e-11 
 1588       5.298493825973e-11 
 1589       5.278789386197e-11 
 1590       5.259640375919e-11 
 1591       5.241045192098e-11 
 1592       5.223002215157e-11 
 1593       5.205509808953e-11 
 1594       5.188566320747e-11 
 1595       5.172170081175e-11 
 1596       5.156319404213e-11 
 1597       5.141012587151e-11 
 1598       5.126247910559e-11 
 1599       5.112023638260e-11 
 1600       5.098338017295e-11 
 1601       5.085189277898e-11 
 1602       5.072575633458e-11 
 1603       5.060495280497e-11 
 1604       5.048946398632e-11 
 1605       5.037927150550e-11 
 1606       5.027435681972e-11 
 1607       5.017470121629e-11 
 1608       5.008028581225e-11 
 1609       4.999109155411e-11 
 1610       4.990709921752e-11 
 1611       4.982828060537e-11 
 1612       4.975457205528e-11 
 1613       4.968590069090e-11 
 1614       4.962219320103e-11 
 1615       4.956337583882e-11 
 1616       4.950937442116e-11 
 1617       4.946011432786e-11 
 1618       4.941552050102e-11 
 1619       4.937551744429e-11 
 1620       4.934002922214e-11 
 1621       4.930897945919e-11 
 1622       4.928229133943e-11 
 1623       4.925988760559e-11 
 1624       4.924169055837e-11 
 1625       4.922762205573e-11 
 1626       4.921760351221e-11 
 1627       4.921155589820e-11 
 1628       4.920939973922e-11 
 1629       4.921105511521e-11 
 1630       4.921644165984e-11 
 1631       4.922547855975e-11 
 1632       4.923808455390e-11 
 1633       4.925417793281e-11 
 1634       4.927367653786e-11 
 1635       4.929649776059e-11 
 1636       4.932255854196e-11 
 1637       4.935177537167e-11 
 1638       4.938406428744e-11 
 1639       4.941934087427e-11 
 1640       4.945752026377e-11 
 1641       4.949851713341e-11 
 1642       4.954224570583e-11 
 1643       4.958861974813e-11 
 1644       4.963755257112e-11 
 1645       4.968895702868e-11 
 1646       4.974274551697e-11 
 1647       4.979882997376e-11 
 1648       4.985712187772e-11 
 1649       4.991753224768e-11 
 1650       4.997997164196e-11 
 1651       5.004435200766e-11 
 1652       5.011059224813e-11 
 1653       5.017861270343e-11 
 1654       5.024833330415e-11 
 1655       5.031967357075e-11 
 1656       5.039255261297e-11 
 1657       5.046688912916e-11 
 1658       5.054260140565e-11 
 1659       5.061960731614e-11 
 1660       5.069782432108e-11 
 1661       5.077716946698e-11 
 1662       5.085755938587e-11 
 1663       5.093891029457e-11 
 1664       5.102113799414e-11 
 1665       5.110415786919e-11 
 1666       5.118788488730e-11 
 1667       5.127223359834e-11 
 1668       5.135711813388e-11 
 1669       5.144245220653e-11 
 1670       5.152814910934e-11 
 1671       5.161412171513e-11 
 1672       5.170028247589e-11 
 1673       5.178654342212e-11 
 1674       5.187281616225e-11 
 1675       5.195901188195e-11 
 1676       5.204504134353e-11 
 1677       5.213081488530e-11 
 1678       5.221624242097e-11 
 1679       5.230123343895e-11 
 1680       5.238569700180e-11 
 1681       5.246954174553e-11 
 1682       5.255267587902e-11 
 1683       5.263500718336e-11 
 1684       5.271644301122e-11 
 1685       5.279689028624e-11 
 1686       5.287625550239e-11 
 1687       5.295444472330e-11 
 1688       5.303136358171e-11 
 1689       5.310691727875e-11 
 1690       5.318101058339e-11 
 1691       5.325355727442e-11 
 1692       5.332450855724e-11 
 1693       5.339382489174e-11 
 1694       5.346146657164e-11 
 1695       5.352739372432e-11 
 1696       5.359156631055e-11 
 1697       5.365394412426e-11 
 1698       5.371448679232e-11 
 1699       5.377315377427e-11 
 1700       5.382990436214e-11 
 1701       5.388469768014e-11 
 1702       5.393749268452e-11 
 1703       5.398824816324e-11 
 1704       5.403692273581e-11 
 1705       5.408347485299e-11 
 1706       5.412786279662e-11 
 1707       5.417004467933e-11 
 1708       5.420997844435e-11 
 1709       5.424762186524e-11 
 1710       5.428293254567e-11 
 1711       5.431586791919e-11 
 1712       5.434638524897e-11 
 1713       5.437444162761e-11 
 1714       5.439999397687e-11 
 1715       5.442299904743e-11 
 1716       5.444341341869e-11 
 1717       5.446119349849e-11 
 1718       5.447629552293e-11 
 1719       5.448867555608e-11 
 1720       5.449828948977e-11 
 1721       5.450509304337e-11 
 1722       5.450904176353e-11 
 1723       5.451009102395e-11 
 1724       5.450819602515e-11 
 1725       5.450331179425e-11 
 1726       5.449539318470e-11 
 1727       5.448439487608e-11 
 1728       5.447027137384e-11 
 1729       5.445297700907e-11 
 1730       5.443246593828e-11 
 1731       5.440870240114e-11 
 1732       5.438169158896e-11 
 1733       5.435144903669e-11 
 1734       5.431799038875e-11 
 1735       5.428133139924e-11 
 1736       5.424148793213e-11 
 1737       5.419847596136e-11 
 1738       5.415231157112e-11 
 1739       5.410301095593e-11 
 1740       5.405059042090e-11 
 1741       5.399506638183e-11 
 1742       5.393645536544e-11 
 1743       5.387477400951e-11 
 1744       5.381003906309e-11 
 1745       5.374226738663e-11 
 1746       5.367147595222e-11 
 1747       5.359768184370e-11 
 1748       5.352090225686e-11 
 1749       5.344115449965e-11 
 1750       5.335845599228e-11 
 1751       5.327282426749e-11 
 1752       5.318427697064e-11 
 1753       5.309283185994e-11 
 1754       5.299850680660e-11 
 1755       5.290131979501e-11 
 1756       5.280128892293e-11 
 1757       5.269843240164e-11 
 1758       5.259276855615e-11 
 1759       5.248431582534e-11 
 1760       5.237309276215e-11 
 1761       5.225911803377e-11 
 1762       5.214241042179e-11 
 1763       5.202298882240e-11 
 1764       5.190087224654e-11 
 1765       5.177607982010e-11 
 1766       5.164863078408e-11 
 1767       5.151854449478e-11 
 1768       5.138584042395e-11 
 1769       5.125053815901e-11 
 1770       5.111265740315e-11 
 1771       5.097222303019e-11 
 1772       5.082928029406e-11 
 1773       5.068387974529e-11 
 1774       5.053607218821e-11 
 1775       5.038590868128e-11 
 1776       5.023344053752e-11 
 1777       5.007871932481e-11 
 1778       4.992179686630e-11 
 1779       4.976272524080e-11 
 1780       4.960155678308e-11 
 1781       4.943834408430e-11 
 1782       4.927313999236e-11 
 1783       4.910599761225e-11 
 1784       4.893697030647e-11 
 1785       4.876611169533e-11 
 1786       4.859347565736e-11 
 1787       4.841911632969e-11 
 1788       4.824308810839e-11 
 1789       4.806544564885e-11 
 1790       4.788624386616e-11 
 1791       4.770553793545e-11 
 1792       4.752338329228e-11 
 1793       4.733983563303e-11 
 1794       4.715495091522e-11 
 1795       4.696878535791e-11 
 1796       4.678139544208e-11 
 1797       4.659283791095e-11 
 1798       4.640316977040e-11 
 1799       4.621244828933e-11 
 1800       4.602073099999e-11 
 1801       4.582807569841e-11 
 1802       4.563454044471e-11 
 1803       4.544018356351e-11 
 1804       4.524506364428e-11 
 1805       4.504923954171e-11 
 1806       4.485277037609e-11 
 1807       4.465571553367e-11 
 1808       4.445813466701e-11 
 1809       4.426008769541e-11 
 1810       4.406163480519e-11 
 1811       4.386283442649e-11 
 1812       4.366373714480e-11 
 1813       4.346439174092e-11 
 1814       4.326484721046e-11 
 1815       4.306515276412e-11 
 1816       4.286535782803e-11 
 1817       4.266551204396e-11 
 1818       4.246566526969e-11 
 1819       4.226586757928e-11 
 1820       4.206616926335e-11 
 1821       4.186662082940e-11 
 1822       4.166727300208e-11 
 1823       4.146817672352e-11 
 1824       4.126938315358e-11 
 1825       4.107094367017e-11 
 1826       4.087290986956e-11 
 1827       4.067533356665e-11 
 1828       4.047826679526e-11 
 1829       4.028176180845e-11 
 1830       4.008587107880e-11 
 1831       3.989064729871e-11 
 1832       3.969614338069e-11 
 1833       3.950241245764e-11 
 1834       3.930950788320e-11 
 1835       3.911748323197e-11 
 1836       3.892639229986e-11 
 1837       3.873628910437e-11 
 1838       3.854722788487e-11 
 1839       3.835926310291e-11 
 1840       3.817244944251e-11 
 1841       3.798684181047e-11 
 1842       3.780249533664e-11 
 1843       3.761946537422e-11 
 1844       3.743780750007e-11 
 1845       3.725757751500e-11 
 1846       3.707883144404e-11 
 1847       3.690162553680e-11 
 1848       3.672601626766e-11 
 1849       3.655206033618e-11 
 1850       3.637981466732e-11 
 1851       3.620932986046e-11 
 1852       3.604063047933e-11 
 1853       3.587373460683e-11 
 1854       3.570866038225e-11 
 1855       3.554542600136e-11 
 1856       3.538404971643e-11 
 1857       3.522454983634e-11 
 1858       3.506694472660e-11 
 1859       3.491125280946e-11 
 1860       3.475749256396e-11 
 1861       3.460568252597e-11 
 1862       3.445584128828e-11 
 1863       3.430798750069e-11 
 1864       3.416213987002e-11 
 1865       3.401831716020e-11 
 1866       3.387653819236e-11 
 1867       3.373682184487e-11 
 1868       3.359918705341e-11 
 1869       3.346365281101e-11 
 1870       3.333023816819e-11 
 1871       3.319896223293e-11 
 1872       3.306984417081e-11 
 1873       3.294290320505e-11 
 1874       3.281815861656e-11 
 1875       3.269562974402e-11 
 1876       3.257533598395e-11 
 1877       3.245729679078e-11 
 1878       3.234153167689e-11 
 1879       3.222806021270e-11 
 1880       3.211690202673e-11 
 1881       3.200807680565e-11 
 1882       3.190160429437e-11 
 1883       3.179750429610e-11 
 1884       3.169579667239e-11 
 1885       3.159650134323e-11 
 1886       3.149963828711e-11 
 1887       3.140522754104e-11 
 1888       3.131328920070e-11 
 1889       3.122384342042e-11 
 1890       3.113691041330e-11 
 1891       3.105250401580e-11 
 1892       3.097061232702e-11 
 1893       3.089121691969e-11 
 1894       3.081429926193e-11 
 1895       3.073984071705e-11 
 1896       3.066782254343e-11 
 1897       3.059822589436e-11 
 1898       3.053103181787e-11 
 1899       3.046622125662e-11 
 1900       3.040377504772e-11 
 1901       3.034367392258e-11 
 1902       3.028589850679e-11 
 1903       3.023042931992e-11 
 1904       3.017724677542e-11 
 1905       3.012633118044e-11 
 1906       3.007766273567e-11 
 1907       3.003122153522e-11 
 1908       2.998698756647e-11 
 1909       2.994494070989e-11 
 1910       2.990506073889e-11 
 1911       2.986732731972e-11 
 1912       2.983172001127e-11 
 1913       2.979821826492e-11 
 1914       2.976680142442e-11 
 1915       2.973744872573e-11 
 1916       2.971013929684e-11 
 1917       2.968485215768e-11 
 1918       2.966156621989e-11 
 1919       2.964026028675e-11 
 1920       2.962091305297e-11 
 1921       2.960350310458e-11 
 1922       2.958800891875e-11 
 1923       2.957440886365e-11 
 1924       2.956268119832e-11 
 1925       2.955280407248e-11 
 1926       2.954475552640e-11 
 1927       2.953851349079e-11 
 1928       2.953405578656e-11 
 1929       2.953136012474e-11 
 1930       2.953040410633e-11 
 1931       2.953116267715e-11 
 1932       2.953360047176e-11 
 1933       2.953767941123e-11 
 1934       2.954336124262e-11 
 1935       2.955060753872e-11 
 1936       2.955937969783e-11 
 1937       2.956963894352e-11 
 1938       2.958134632442e-11 
 1939       2.959446271396e-11 
 1940       2.960894881015e-11 
 1941       2.962476513537e-11 
 1942       2.964187203608e-11 
 1943       2.966022968265e-11 
 1944       2.967979806910e-11 
 1945       2.970053701286e-11 
 1946       2.972240615455e-11 
 1947       2.974536495775e-11 
 1948       2.976937270876e-11 
 1949       2.979438851638e-11 
 1950       2.982037131165e-11 
 1951       2.984727984766e-11 
 1952       2.987507269928e-11 
 1953       2.990370826294e-11 
 1954       2.993314475642e-11 
 1955       2.996334021858e-11 
 1956       2.999425250915e-11 
 1957       3.002583930850e-11 
 1958       3.005805811740e-11 
 1959       3.009086625678e-11 
 1960       3.012422086753e-11 
 1961       3.015807891022e-11 
 1962       3.019239716491e-11 
 1963       3.022713223091e-11 
 1964       3.026224052651e-11 
 1965       3.029767828881e-11 
 1966       3.033340157343e-11 
 1967       3.036936625432e-11 
 1968       3.040552802350e-11 
 1969       3.044184239084e-11 
 1970       3.047826468383e-11 
 1971       3.051475217080e-11 
 1972       3.055127044826e-11 
 1973       3.058778710051e-11 
 1974       3.062426958035e-11 
 1975       3.066068520893e-11 
 1976       3.069700117552e-11 
 1977       3.073318453741e-11 
 1978       3.076920221970e-11 
 1979       3.080502101516e-11 
 1980       3.084060758406e-11 
 1981       3.087592845398e-11 
 1982       3.091095001966e-11 
 1983       3.094563854285e-11 
 1984       3.097996015212e-11 
 1985       3.101388084270e-11 
 1986       3.104736647630e-11 
 1987       3.108038278098e-11 
 1988       3.111289535095e-11 
 1989       3.114486964641e-11 
 1990       3.117627099339e-11 
 1991       3.120706458359e-11 
 1992       3.123721547420e-11 
 1993       3.126668858772e-11 
 1994       3.129544871184e-11 
 1995       3.132346049923e-11 
 1996       3.135068846739e-11 
 1997       3.137709699848e-11 
 1998       3.140265033915e-11 
 1999       3.142731260039e-11 
 2000       3.145104775735e-11 
 2001       3.147381964917e-11 
 2002       3.149559197883e-11 
 2003       3.151632831294e-11 
 2004       3.153599208165e-11 
 2005       3.155454657841e-11 
 2006       3.157195495984e-11 
 2007       3.158818024556e-11 
 2008       3.160318531801e-11 
 2009       3.161693292231e-11 
 2010       3.162938566606e-11 
 2011       3.164051080748e-11 
 2012       3.165029465826e-11 
 2013       3.165872828517e-11 
 2014       3.166580273134e-11 
 2015       3.167150901617e-11 
 2016       3.167583813534e-11 
 2017       3.167878106077e-11 
 2018       3.168032874060e-11 
 2019       3.168047209918e-11 
 2020       3.167920203701e-11 
 2021       3.167650943076e-11 
 2022       3.167238513320e-11 
 2023       3.166681997323e-11 
 2024       3.165980475579e-11 
 2025       3.165133026189e-11 
 2026       3.164138724856e-11 
 2027       3.162996644882e-11 
 2028       3.161705857168e-11 
 2029       3.160265430210e-11 
 2030       3.158674430096e-11 
 2031       3.156931920504e-11 
 2032       3.155036962700e-11 
 2033       3.152988615537e-11 
 2034       3.150785935447e-11 
 2035       3.148427976446e-11 
 2036       3.145913790126e-11 
 2037       3.143242425656e-11 
 2038       3.140412929776e-11 
 2039       3.137424346797e-11 
 2040       3.134275718600e-11 
 2041       3.130966084630e-11 
 2042       3.127494481895e-11 
 2043       3.123859944964e-11 
 2044       3.120061505966e-11 
 2045       3.116098194582e-11 
 2046       3.111969038051e-11 
 2047       3.107673061158e-11 
 2048       3.103209286242e-11 
 2049       3.098576733183e-11 
 2050       3.093774419407e-11 
 2051       3.088801783826e-11 
 2052       3.083659961977e-11 
 2053       3.078350519980e-11 
 2054       3.072875031425e-11 
 2055       3.067235077388e-11 
 2056       3.061432246431e-11 
 2057       3.055468134623e-11 
 2058       3.049344345540e-11 
 2059       3.043062490278e-11 
 2060       3.036624187467e-11 
 2061       3.030031063274e-11 
 2062       3.023284751415e-11 
 2063       3.016386893166e-11 
 2064       3.009339137372e-11 
 2065       3.002143140456e-11 
 2066       2.994800566427e-11 
 2067       2.987313086895e-11 
 2068       2.979682381075e-11 
 2069       2.971910135799e-11 
 2070       2.963998045525e-11 
 2071       2.955947812349e-11 
 2072       2.947761146010e-11 
 2073       2.939439763905e-11 
 2074       2.930985391095e-11 
 2075       2.922399760314e-11 
 2076       2.913684611982e-11 
 2077       2.904841694213e-11 
 2078       2.895872762823e-11 
 2079       2.886779581344e-11 
 2080       2.877563921026e-11 
 2081       2.868227560857e-11 
 2082       2.858772287563e-11 
 2083       2.849199895622e-11 
 2084       2.839512187276e-11 
 2085       2.829710972536e-11 
 2086       2.819798069192e-11 
 2087       2.809775302828e-11 
 2088       2.799644506824e-11 
 2089       2.789407522373e-11 
 2090       2.779066198484e-11 
 2091       2.768622533706e-11 
 2092       2.758079102352e-11 
 2093       2.747438631275e-11 
 2094       2.736703858444e-11 
 2095       2.725877532961e-11 
 2096       2.714962415066e-11 
 2097       2.703961276159e-11 
 2098       2.692876898810e-11 
 2099       2.681712076771e-11 
 2100       2.670469614993e-11 
 2101       2.659152329637e-11 
 2102       2.647763048088e-11 
 2103       2.636304608970e-11 
 2104       2.624779862156e-11 
 2105       2.613191668786e-11 
 2106       2.601542901276e-11 
 2107       2.589836443338e-11 
 2108       2.578075189984e-11 
 2109       2.566262047549e-11 
 2110       2.554399933699e-11 
 2111       2.542491777446e-11 
 2112       2.530540519160e-11 
 2113       2.518549110587e-11 
 2114       2.506520514858e-11 
 2115       2.494457706502e-11 
 2116       2.482363671465e-11 
 2117       2.470241407118e-11 
 2118       2.458093922272e-11 
 2119       2.445924237195e-11 
 2120       2.433735383619e-11 
 2121       2.421530404761e-11 
 2122       2.409312355328e-11 
 2123       2.397084301538e-11 
 2124       2.384849321132e-11 
 2125       2.372610503384e-11 
 2126       2.360370949116e-11 
 2127       2.348133770715e-11 
 2128       2.335902092141e-11 
 2129       2.323679048946e-11 
 2130       2.311467788283e-11 
 2131       2.299271298772e-11 
 2132       2.287091898793e-11 
 2133       2.274931744705e-11 
 2134       2.262793000683e-11 
 2135       2.250677838732e-11 
 2136       2.238588438690e-11 
 2137       2.226526988244e-11 
 2138       2.214495682932e-11 
 2139       2.202496726156e-11 
 2140       2.190532329191e-11 
 2141       2.178604711192e-11 
 2142       2.166716099205e-11 
 2143       2.154868728176e-11 
 2144       2.143064840958e-11 
 2145       2.131306688323e-11 
 2146       2.119596528966e-11 
 2147       2.107936629522e-11 
 2148       2.096329264567e-11 
 2149       2.084776716632e-11 
 2150       2.073281276209e-11 
 2151       2.061845241764e-11 
 2152       2.050470919741e-11 
 2153       2.039160624575e-11 
 2154       2.027916678700e-11 
 2155       2.016741412555e-11 
 2156       2.005637164599e-11 
 2157       1.994606281315e-11 
 2158       1.983651117220e-11 
 2159       1.972774034876e-11 
 2160       1.961977404897e-11 
 2161       1.951263605959e-11 
 2162       1.940635024809e-11 
 2163       1.930094056273e-11 
 2164       1.919643103267e-11 
 2165       1.909284576805e-11 
 2166       1.899020896005e-11 
 2167       1.888854488105e-11 
 2168       1.878787788466e-11 
 2169       1.868823240582e-11 
 2170       1.858963296092e-11 
 2171       1.849210086690e-11 
 2172       1.839564437437e-11 
 2173       1.830026846815e-11 
 2174       1.820597814220e-11 
 2175       1.811277839961e-11 
 2176       1.802067425261e-11 
 2177       1.792967072262e-11 
 2178       1.783977284018e-11 
 2179       1.775098564502e-11 
 2180       1.766331418603e-11 
 2181       1.757676352131e-11 
 2182       1.749133871810e-11 
 2183       1.740704485288e-11 
 2184       1.732388701131e-11 
 2185       1.724187028825e-11 
 2186       1.716099978780e-11 
 2187       1.708128062326e-11 
 2188       1.700271791716e-11 
 2189       1.692531680128e-11 
 2190       1.684908241662e-11 
 2191       1.677401991345e-11 
 2192       1.670013445129e-11 
 2193       1.662743119891e-11 
 2194       1.655591533436e-11 
 2195       1.648559204495e-11 
 2196       1.641646652731e-11 
 2197       1.634854398731e-11 
 2198       1.628182964015e-11 
 2199       1.621632871033e-11 
 2200       1.615204643164e-11 
 2201       1.608898804720e-11 
 2202       1.602715880946e-11 
 2203       1.596656398018e-11 
 2204       1.590720883047e-11 
 2205       1.584909864079e-11 
 2206       1.579223870093e-11 
 2207       1.573663431005e-11 
 2208       1.568229077667e-11 
 2209       1.562921341869e-11 
 2210       1.557740756337e-11 
 2211       1.552687581979e-11 
 2212       1.547760987640e-11 
 2213       1.542959864917e-11 
 2214       1.538283100416e-11 
 2215       1.533729575746e-11 
 2216       1.529298167514e-11 
 2217       1.524987747320e-11 
 2218       1.520797181747e-11 
 2219       1.516725332359e-11 
 2220       1.512771055693e-11 
 2221       1.508933203254e-11 
 2222       1.505210621509e-11 
 2223       1.501602151879e-11 
 2224       1.498106630734e-11 
 2225       1.494722889389e-11 
 2226       1.491449754097e-11 
 2227       1.488286046040e-11 
 2228       1.485230581327e-11 
 2229       1.482282170985e-11 
 2230       1.479439620957e-11 
 2231       1.476701732090e-11 
 2232       1.474067300135e-11 
 2233       1.471535115736e-11 
 2234       1.469103964429e-11 
 2235       1.466772626630e-11 
 2236       1.464539877634e-11 
 2237       1.462404487609e-11 
 2238       1.460365221584e-11 
 2239       1.458420839451e-11 
 2240       1.456570095953e-11 
 2241       1.454811740681e-11 
 2242       1.453144518067e-11 
 2243       1.451567167378e-11 
 2244       1.450078422710e-11 
 2245       1.448677012982e-11 
 2246       1.447361661932e-11 
 2247       1.446131088106e-11 
 2248       1.444984004856e-11 
 2249       1.443919120335e-11 
 2250       1.442935137486e-11 
 2251       1.442030676764e-11 
 2252       1.441204043745e-11 
 2253       1.440453459990e-11 
 2254       1.439777140181e-11 
 2255       1.439173292108e-11 
 2256       1.438640116667e-11 
 2257       1.438175807846e-11 
 2258       1.437778552721e-11 
 2259       1.437446531449e-11 
 2260       1.437177917255e-11 
 2261       1.436970876432e-11 
 2262       1.436823568325e-11 
 2263       1.436734145329e-11 
 2264       1.436700752878e-11 
 2265       1.436721529440e-11 
 2266       1.436794606504e-11 
 2267       1.436918108579e-11 
 2268       1.437090153182e-11 
 2269       1.437308850828e-11 
 2270       1.437572305030e-11 
 2271       1.437878612281e-11 
 2272       1.438225862054e-11 
 2273       1.438612136792e-11 
 2274       1.439035511899e-11 
 2275       1.439494055731e-11 
 2276       1.439985829593e-11 
 2277       1.440508887726e-11 
 2278       1.441061277301e-11 
 2279       1.441641038414e-11 
 2280       1.442246204072e-11 
 2281       1.442874800191e-11 
 2282       1.443524845586e-11 
 2283       1.444194351961e-11 
 2284       1.444881323906e-11 
 2285       1.445583758884e-11 
 2286       1.446299647226e-11 
 2287       1.447026972124e-11 
 2288       1.447763709620e-11 
 2289       1.448507828600e-11 
 2290       1.449257290788e-11 
 2291       1.450010173537e-11 
 2292       1.450765039089e-11 
 2293       1.451520567661e-11 
 2294       1.452275434852e-11 
 2295       1.453028311637e-11 
 2296       1.453777864361e-11 
 2297       1.454522754739e-11 
 2298       1.455261639844e-11 
 2299       1.455993172107e-11 
 2300       1.456715999309e-11 
 2301       1.457428764581e-11 
 2302       1.458130106390e-11 
 2303       1.458818658542e-11 
 2304       1.459493050175e-11 
 2305       1.460151905751e-11 
 2306       1.460793845054e-11 
 2307       1.461417483185e-11 
 2308       1.462021430554e-11 
 2309       1.462604292879e-11 
 2310       1.463164671178e-11 
 2311       1.463701161764e-11 
 2312       1.464212356243e-11 
 2313       1.464696841504e-11 
 2314       1.465153199719e-11 
 2315       1.465580008336e-11 
 2316       1.465975840071e-11 
 2317       1.466339262909e-11 
 2318       1.466668840093e-11 
 2319       1.466963130124e-11 
 2320       1.467220686750e-11 
 2321       1.467440058967e-11 
 2322       1.467619791013e-11 
 2323       1.467758422358e-11 
 2324       1.467854487704e-11 
 2325       1.467906516978e-11 
 2326       1.467913035328e-11 
 2327       1.467872563116e-11 
 2328       1.467783615917e-11 
 2329       1.467644704507e-11 
 2330       1.467454334865e-11 
 2331       1.467211221053e-11 
 2332       1.466914925333e-11 
 2333       1.466565222062e-11 
 2334       1.466161885167e-11 
 2335       1.465704688144e-11 
 2336       1.465193404060e-11 
 2337       1.464627805551e-11 
 2338       1.464007664821e-11 
 2339       1.463332753644e-11 
 2340       1.462602843363e-11 
 2341       1.461817704886e-11 
 2342       1.460977108691e-11 
 2343       1.460080824822e-11 
 2344       1.459128622893e-11 
 2345       1.458120272080e-11 
 2346       1.457055541129e-11 
 2347       1.455934198349e-11 
 2348       1.454756011618e-11 
 2349       1.453520748376e-11 
 2350       1.452228175630e-11 
 2351       1.450878059951e-11 
 2352       1.449470167474e-11 
 2353       1.448004263899e-11 
 2354       1.446480114487e-11 
 2355       1.444897484065e-11 
 2356       1.443256137021e-11 
 2357       1.441555837307e-11 
 2358       1.439796348437e-11 
 2359       1.437977433485e-11 
 2360       1.436098855089e-11 
 2361       1.434160375447e-11 
 2362       1.432161756318e-11 
 2363       1.430102759022e-11 
 2364       1.427983144438e-11 
 2365       1.425802673006e-11 
 2366       1.423561104724e-11 
 2367       1.421258199152e-11 
 2368       1.418893715405e-11 
 2369       1.416467412160e-11 
 2370       1.413979047650e-11 
 2371       1.411428546904e-11 
 2372       1.408816504580e-11 
 2373       1.406143685237e-11 
 2374       1.403410856382e-11 
 2375       1.400618788471e-11 
 2376       1.397768254913e-11 
 2377       1.394860032078e-11 
 2378       1.391894899292e-11 
 2379       1.388873638847e-11 
 2380       1.385797036001e-11 
 2381       1.382665878982e-11 
 2382       1.379480958993e-11 
 2383       1.376243070210e-11 
 2384       1.372953009792e-11 
 2385       1.369611577879e-11 
 2386       1.366219577597e-11 
 2387       1.362777815064e-11 
 2388       1.359287099388e-11 
 2389       1.355748242673e-11 
 2390       1.352162060023e-11 
 2391       1.348529369545e-11 
 2392       1.344850992349e-11 
 2393       1.341127752557e-11 
 2394       1.337360477300e-11 
 2395       1.333549996725e-11 
 2396       1.329697144000e-11 
 2397       1.325802755312e-11 
 2398       1.321867669873e-11 
 2399       1.317892729923e-11 
 2400       1.313878780737e-11 
 2401       1.309826670618e-11 
 2402       1.305737250914e-11 
 2403       1.301611376008e-11 
 2404       1.297449903332e-11 
 2405       1.293253693362e-11 
 2406       1.289023609626e-11 
 2407       1.284760518707e-11 
 2408       1.280465290244e-11 
 2409       1.276138796937e-11 
 2410       1.271781914548e-11 
 2411       1.267395555354e-11 
 2412       1.262980768694e-11 
 2413       1.258538641041e-11 
 2414       1.254070262607e-11 
 2415       1.249576727352e-11 
 2416       1.245059132989e-11 
 2417       1.240518580986e-11 
 2418       1.235956176567e-11 
 2419       1.231373028722e-11 
 2420       1.226770250208e-11 
 2421       1.222148957551e-11 
 2422       1.217510271052e-11 
 2423       1.212855314791e-11 
 2424       1.208185216632e-11 
 2425       1.203501108224e-11 
 2426       1.198804125005e-11 
 2427       1.194095406211e-11 
 2428       1.189376094872e-11 
 2429       1.184647337825e-11 
 2430       1.179910285708e-11 
 2431       1.175166092972e-11 
 2432       1.170415917881e-11 
 2433       1.165660922519e-11 
 2434       1.160902272788e-11 
 2435       1.156141138417e-11 
 2436       1.151378692967e-11 
 2437       1.146616113830e-11 
 2438       1.141854582236e-11 
 2439       1.137095283256e-11 
 2440       1.132339405807e-11 
 2441       1.127588142654e-11 
 2442       1.122842690418e-11 
 2443       1.118104249573e-11 
 2444       1.113374024457e-11 
 2445       1.108653223272e-11 
 2446       1.103943058087e-11 
 2447       1.099244744847e-11 
 2448       1.094559503371e-11 
 2449       1.089888557360e-11 
 2450       1.085233134399e-11 
 2451       1.080594382254e-11 
 2452       1.075973117211e-11 
 2453       1.071370074243e-11 
 2454       1.066785990581e-11 
 2455       1.062221605715e-11 
 2456       1.057677661401e-11 
 2457       1.053154901659e-11 
 2458       1.048654072775e-11 
 2459       1.044175923307e-11 
 2460       1.039721204083e-11 
 2461       1.035290668208e-11 
 2462       1.030885071059e-11 
 2463       1.026505170297e-11 
 2464       1.022151725860e-11 
 2465       1.017825499971e-11 
 2466       1.013527257138e-11 
 2467       1.009257764157e-11 
 2468       1.005017790114e-11 
 2469       1.000808106386e-11 
 2470       9.966294866457e-12 
 2471       9.924827068629e-12 
 2472       9.883685453053e-12 
 2473       9.842877825422e-12 
 2474       9.802412014464e-12 
 2475       9.762295871963e-12 
 2476       9.722537272784e-12 
 2477       9.683144114891e-12 
 2478       9.644124319376e-12 
 2479       9.605485830475e-12 
 2480       9.567236615595e-12 
 2481       9.529384665335e-12 
 2482       9.491937993507e-12 
 2483       9.454904637160e-12 
 2484       9.418292656603e-12 
 2485       9.382110135427e-12 
 2486       9.346365180527e-12 
 2487       9.311065922124e-12 
 2488       9.276220513789e-12 
 2489       9.241837132463e-12 
 2490       9.207923978484e-12 
 2491       9.174486045800e-12 
 2492       9.141515411841e-12 
 2493       9.109000890614e-12 
 2494       9.076931257289e-12 
 2495       9.045295248155e-12 
 2496       9.014081560580e-12 
 2497       8.983278852976e-12 
 2498       8.952875744753e-12 
 2499       8.922860816282e-12 
 2500       8.893222608855e-12 
