# dimensionless total [l(l+1)/2pi] C_l's
# for l=2 to 2500, i.e. number of multipoles equal to 2499
#
# -> if you prefer output in CAMB/HealPix/LensPix units/order, set 'format' to 'camb' in input file
# -> if you don't want to see such a header, set 'headers' to 'no' in input file
#
# 1:l     2:TT                 
    2       9.951493245180e-06 
    3       2.240186198326e-06 
    4       2.824176963933e-07 
    5       2.683303707339e-08 
    6       4.673547306707e-09 
    7       3.149562323806e-09 
    8       2.916938411612e-09 
    9       2.759930071007e-09 
   10       2.619808060989e-09 
   11       2.492363876210e-09 
   12       2.375794376551e-09 
   13       2.268546056554e-09 
   14       2.169593185502e-09 
   15       2.078027287442e-09 
   16       1.992942905924e-09 
   17       1.913626782158e-09 
   18       1.838929300509e-09 
   19       1.770311346154e-09 
   20       1.705351232013e-09 
   21       1.644114452939e-09 
   22       1.586473745951e-09 
   23       1.532375064149e-09 
   24       1.481140692295e-09 
   25       1.432762406460e-09 
   26       1.386974363136e-09 
   27       1.343667364982e-09 
   28       1.302498991583e-09 
   29       1.263579320599e-09 
   30       1.226804277119e-09 
   31       1.191769929143e-09 
   32       1.158511844537e-09 
   33       1.126975250185e-09 
   34       1.096917441224e-09 
   35       1.068352729273e-09 
   36       1.041221312463e-09 
   37       1.015348648692e-09 
   38       9.907812942554e-10 
   39       9.675351934409e-10 
   40       9.454892616125e-10 
   41       9.244550731731e-10 
   42       9.044442273351e-10 
   43       8.854663011430e-10 
   44       8.674466770841e-10 
   45       8.502731481883e-10 
   46       8.339693836270e-10 
   47       8.185610255803e-10 
   48       8.040223357557e-10 
   49       7.902720666954e-10 
   50       7.772089752668e-10 
   51       7.648393060197e-10 
   52       7.531767750468e-10 
   53       7.422037427195e-10 
   54       7.318689505102e-10 
   55       7.221103472781e-10 
   56       7.129353932388e-10 
   57       7.043567410899e-10 
   58       6.963676366919e-10 
   59       6.889406334016e-10 
   60       6.820263064052e-10 
   61       6.755712625043e-10 
   62       6.695798019121e-10 
   63       6.640638786590e-10 
   64       6.590243663667e-10 
   65       6.544503848117e-10 
   66       6.503186264886e-10 
   67       6.465926831727e-10 
   68       6.432351835766e-10 
   69       6.402485675648e-10 
   70       6.376414020378e-10 
   71       6.354159612635e-10 
   72       6.335678810900e-10 
   73       6.320858131580e-10 
   74       6.309510791139e-10 
   75       6.301373248217e-10 
   76       6.296183014875e-10 
   77       6.293936115317e-10 
   78       6.294670511875e-10 
   79       6.298387238507e-10 
   80       6.305048609419e-10 
   81       6.314576427676e-10 
   82       6.326850193818e-10 
   83       6.341705314478e-10 
   84       6.358979311539e-10 
   85       6.378663175333e-10 
   86       6.400771934848e-10 
   87       6.425297917928e-10 
   88       6.452209766627e-10 
   89       6.481451452550e-10 
   90       6.512941292206e-10 
   91       6.546570962354e-10 
   92       6.582204515347e-10 
   93       6.619713259508e-10 
   94       6.659088539875e-10 
   95       6.700344178090e-10 
   96       6.743481632997e-10 
   97       6.788489508308e-10 
   98       6.835343060261e-10 
   99       6.884003705281e-10 
  100       6.934418527639e-10 
  101       6.986519787117e-10 
  102       7.040224426664e-10 
  103       7.095433580060e-10 
  104       7.152055028298e-10 
  105       7.210075083992e-10 
  106       7.269495544853e-10 
  107       7.330311374836e-10 
  108       7.392510463993e-10 
  109       7.456073388311e-10 
  110       7.520973169560e-10 
  111       7.587175035136e-10 
  112       7.654636177905e-10 
  113       7.723305516050e-10 
  114       7.793123452913e-10 
  115       7.864021636839e-10 
  116       7.935936542137e-10 
  117       8.008852598625e-10 
  118       8.082763879253e-10 
  119       8.157660631520e-10 
  120       8.233529159519e-10 
  121       8.310351705984e-10 
  122       8.388106334338e-10 
  123       8.466766810738e-10 
  124       8.546302486125e-10 
  125       8.626678178269e-10 
  126       8.707854053816e-10 
  127       8.789785510337e-10 
  128       8.872423058373e-10 
  129       8.955720734560e-10 
  130       9.039662635025e-10 
  131       9.124239083382e-10 
  132       9.209438304219e-10 
  133       9.295246366194e-10 
  134       9.381647125126e-10 
  135       9.468622167090e-10 
  136       9.556150751503e-10 
  137       9.644209754223e-10 
  138       9.732773610637e-10 
  139       9.821814258758e-10 
  140       9.911301082310e-10 
  141       1.000120085383e-09 
  142       1.009147767774e-09 
  143       1.018209293349e-09 
  144       1.027301066812e-09 
  145       1.036421449362e-09 
  146       1.045569225502e-09 
  147       1.054743070507e-09 
  148       1.063941547869e-09 
  149       1.073163106731e-09 
  150       1.082406079335e-09 
  151       1.091668678459e-09 
  152       1.100948994861e-09 
  153       1.110244994718e-09 
  154       1.119554517066e-09 
  155       1.128875271246e-09 
  156       1.138204834341e-09 
  157       1.147540648617e-09 
  158       1.156880018967e-09 
  159       1.166220110351e-09 
  160       1.175557945235e-09 
  161       1.184890724525e-09 
  162       1.194216827620e-09 
  163       1.203534896317e-09 
  164       1.212843518213e-09 
  165       1.222141225632e-09 
  166       1.231426494561e-09 
  167       1.240697743573e-09 
  168       1.249953332760e-09 
  169       1.259191562661e-09 
  170       1.268410673193e-09 
  171       1.277608842578e-09 
  172       1.286784186275e-09 
  173       1.295934755909e-09 
  174       1.305058538199e-09 
  175       1.314153453889e-09 
  176       1.323217356677e-09 
  177       1.332248032144e-09 
  178       1.341243196684e-09 
  179       1.350200496435e-09 
  180       1.359117697037e-09 
  181       1.367993272019e-09 
  182       1.376825859238e-09 
  183       1.385614073882e-09 
  184       1.394356508105e-09 
  185       1.403051730659e-09 
  186       1.411698286525e-09 
  187       1.420294696547e-09 
  188       1.428839457065e-09 
  189       1.437331039543e-09 
  190       1.445767890207e-09 
  191       1.454148429673e-09 
  192       1.462471052583e-09 
  193       1.470734127235e-09 
  194       1.478935995214e-09 
  195       1.487074971029e-09 
  196       1.495149341742e-09 
  197       1.503157366600e-09 
  198       1.511097276669e-09 
  199       1.518967274466e-09 
  200       1.526765533590e-09 
  201       1.534490311497e-09 
  202       1.542140297545e-09 
  203       1.549714289132e-09 
  204       1.557211080751e-09 
  205       1.564629463964e-09 
  206       1.571968227364e-09 
  207       1.579226156543e-09 
  208       1.586402034057e-09 
  209       1.593494639399e-09 
  210       1.600502748958e-09 
  211       1.607425135989e-09 
  212       1.614260570583e-09 
  213       1.621007819627e-09 
  214       1.627665646776e-09 
  215       1.634232812420e-09 
  216       1.640708073645e-09 
  217       1.647090184206e-09 
  218       1.653377894493e-09 
  219       1.659569951492e-09 
  220       1.665665098760e-09 
  221       1.671662076385e-09 
  222       1.677559620957e-09 
  223       1.683356465532e-09 
  224       1.689051404563e-09 
  225       1.694643493395e-09 
  226       1.700131861530e-09 
  227       1.705515648945e-09 
  228       1.710794006207e-09 
  229       1.715966094599e-09 
  230       1.721031086238e-09 
  231       1.725988164198e-09 
  232       1.730836522633e-09 
  233       1.735575366895e-09 
  234       1.740203913659e-09 
  235       1.744721391042e-09 
  236       1.749127038724e-09 
  237       1.753420108073e-09 
  238       1.757599862261e-09 
  239       1.761665576390e-09 
  240       1.765616537612e-09 
  241       1.769452045251e-09 
  242       1.773171410921e-09 
  243       1.776773958653e-09 
  244       1.780259025012e-09 
  245       1.783625959221e-09 
  246       1.786874123279e-09 
  247       1.790002892087e-09 
  248       1.793011653568e-09 
  249       1.795899808784e-09 
  250       1.798666801156e-09 
  251       1.801312205709e-09 
  252       1.803835645209e-09 
  253       1.806236761715e-09 
  254       1.808515216756e-09 
  255       1.810670691504e-09 
  256       1.812702886955e-09 
  257       1.814611524104e-09 
  258       1.816396344124e-09 
  259       1.818057108540e-09 
  260       1.819593599411e-09 
  261       1.821005619501e-09 
  262       1.822292992461e-09 
  263       1.823455563002e-09 
  264       1.824493197076e-09 
  265       1.825405782051e-09 
  266       1.826193226888e-09 
  267       1.826855462317e-09 
  268       1.827392441017e-09 
  269       1.827804137792e-09 
  270       1.828090549746e-09 
  271       1.828251696462e-09 
  272       1.828287620179e-09 
  273       1.828198385967e-09 
  274       1.827984081909e-09 
  275       1.827644819272e-09 
  276       1.827180732688e-09 
  277       1.826591980329e-09 
  278       1.825878744086e-09 
  279       1.825041224759e-09 
  280       1.824079626993e-09 
  281       1.822994173907e-09 
  282       1.821785112180e-09 
  283       1.820452712214e-09 
  284       1.818997268312e-09 
  285       1.817419098839e-09 
  286       1.815718546397e-09 
  287       1.813895977995e-09 
  288       1.811951785212e-09 
  289       1.809886384374e-09 
  290       1.807700216718e-09 
  291       1.805393748564e-09 
  292       1.802967471484e-09 
  293       1.800421902470e-09 
  294       1.797757584107e-09 
  295       1.794975084738e-09 
  296       1.792074998634e-09 
  297       1.789057946169e-09 
  298       1.785924573981e-09 
  299       1.782675555148e-09 
  300       1.779311589353e-09 
  301       1.775833403059e-09 
  302       1.772241749669e-09 
  303       1.768537409707e-09 
  304       1.764721190978e-09 
  305       1.760793928742e-09 
  306       1.756756485881e-09 
  307       1.752609753073e-09 
  308       1.748354648956e-09 
  309       1.743992120298e-09 
  310       1.739523142170e-09 
  311       1.734948718114e-09 
  312       1.730269833946e-09 
  313       1.725487316457e-09 
  314       1.720601968490e-09 
  315       1.715614614822e-09 
  316       1.710526102277e-09 
  317       1.705337299841e-09 
  318       1.700049098770e-09 
  319       1.694662412708e-09 
  320       1.689178177794e-09 
  321       1.683597352777e-09 
  322       1.677920919130e-09 
  323       1.672149881158e-09 
  324       1.666285266116e-09 
  325       1.660328124315e-09 
  326       1.654279529242e-09 
  327       1.648140577664e-09 
  328       1.641912389749e-09 
  329       1.635596109172e-09 
  330       1.629192903228e-09 
  331       1.622703962950e-09 
  332       1.616130503215e-09 
  333       1.609473762858e-09 
  334       1.602735004788e-09 
  335       1.595915516096e-09 
  336       1.589016608170e-09 
  337       1.582039616805e-09 
  338       1.574985902320e-09 
  339       1.567856849664e-09 
  340       1.560653868535e-09 
  341       1.553378393487e-09 
  342       1.546031884046e-09 
  343       1.538615824821e-09 
  344       1.531131725617e-09 
  345       1.523581121545e-09 
  346       1.515965573140e-09 
  347       1.508286666466e-09 
  348       1.500546013235e-09 
  349       1.492745167714e-09 
  350       1.484885373417e-09 
  351       1.476967806110e-09 
  352       1.468993656100e-09 
  353       1.460964128259e-09 
  354       1.452880442058e-09 
  355       1.444743831599e-09 
  356       1.436555545643e-09 
  357       1.428316847642e-09 
  358       1.420029015769e-09 
  359       1.411693342949e-09 
  360       1.403311136891e-09 
  361       1.394883720116e-09 
  362       1.386412429990e-09 
  363       1.377898618754e-09 
  364       1.369343653554e-09 
  365       1.360748916474e-09 
  366       1.352115804562e-09 
  367       1.343445729866e-09 
  368       1.334740119461e-09 
  369       1.326000415482e-09 
  370       1.317228075153e-09 
  371       1.308424570818e-09 
  372       1.299591389974e-09 
  373       1.290730035298e-09 
  374       1.281842024679e-09 
  375       1.272928891252e-09 
  376       1.263992183422e-09 
  377       1.255033464901e-09 
  378       1.246054314737e-09 
  379       1.237056327340e-09 
  380       1.228041112522e-09 
  381       1.219010295517e-09 
  382       1.209965517020e-09 
  383       1.200908433216e-09 
  384       1.191840715805e-09 
  385       1.182764052040e-09 
  386       1.173680144754e-09 
  387       1.164590712393e-09 
  388       1.155497391222e-09 
  389       1.146401437865e-09 
  390       1.137304015702e-09 
  391       1.128206291635e-09 
  392       1.119109436044e-09 
  393       1.110014622738e-09 
  394       1.100923028909e-09 
  395       1.091835835084e-09 
  396       1.082754225078e-09 
  397       1.073679385950e-09 
  398       1.064612507949e-09 
  399       1.055554784474e-09 
  400       1.046507412024e-09 
  401       1.037471590149e-09 
  402       1.028448521407e-09 
  403       1.019439411314e-09 
  404       1.010445468297e-09 
  405       1.001467903648e-09 
  406       9.925079314782e-10 
  407       9.835667686668e-10 
  408       9.746456348176e-10 
  409       9.657457522106e-10 
  410       9.568683457548e-10 
  411       9.480146429414e-10 
  412       9.391858737968e-10 
  413       9.303832708352e-10 
  414       9.216080690115e-10 
  415       9.128615056747e-10 
  416       9.041448205202e-10 
  417       8.954592555433e-10 
  418       8.868060549917e-10 
  419       8.781864653183e-10 
  420       8.696017351349e-10 
  421       8.610531151640e-10 
  422       8.525418581927e-10 
  423       8.440692190249e-10 
  424       8.356364544349e-10 
  425       8.272448231196e-10 
  426       8.188955856519e-10 
  427       8.105899291202e-10 
  428       8.023287383199e-10 
  429       7.941128166847e-10 
  430       7.859429608007e-10 
  431       7.778199603094e-10 
  432       7.697445978116e-10 
  433       7.617176487706e-10 
  434       7.537398814157e-10 
  435       7.458120566456e-10 
  436       7.379349279321e-10 
  437       7.301092412233e-10 
  438       7.223357348473e-10 
  439       7.146151394153e-10 
  440       7.069481777256e-10 
  441       6.993355646666e-10 
  442       6.917780071205e-10 
  443       6.842762038666e-10 
  444       6.768308454850e-10 
  445       6.694426142598e-10 
  446       6.621121840829e-10 
  447       6.548402203569e-10 
  448       6.476273798992e-10 
  449       6.404743108452e-10 
  450       6.333816525516e-10 
  451       6.263500355000e-10 
  452       6.193800812005e-10 
  453       6.124724020950e-10 
  454       6.056276014606e-10 
  455       5.988462733134e-10 
  456       5.921290023114e-10 
  457       5.854763636587e-10 
  458       5.788889230082e-10 
  459       5.723672363656e-10 
  460       5.659118499927e-10 
  461       5.595233003108e-10 
  462       5.532021138041e-10 
  463       5.469488069237e-10 
  464       5.407638859900e-10 
  465       5.346478470975e-10 
  466       5.286011440089e-10 
  467       5.226240909361e-10 
  468       5.167169565364e-10 
  469       5.108799955327e-10 
  470       5.051134485992e-10 
  471       4.994175422475e-10 
  472       4.937924887121e-10 
  473       4.882384858363e-10 
  474       4.827557169583e-10 
  475       4.773443507964e-10 
  476       4.720045413356e-10 
  477       4.667364277125e-10 
  478       4.615401341022e-10 
  479       4.564157696029e-10 
  480       4.513634281229e-10 
  481       4.463831882656e-10 
  482       4.414751132154e-10 
  483       4.366392506241e-10 
  484       4.318756324960e-10 
  485       4.271842750740e-10 
  486       4.225651787256e-10 
  487       4.180183278284e-10 
  488       4.135436906562e-10 
  489       4.091412192645e-10 
  490       4.048108493766e-10 
  491       4.005525002693e-10 
  492       3.963660746586e-10 
  493       3.922514585859e-10 
  494       3.882085213032e-10 
  495       3.842371151595e-10 
  496       3.803370754862e-10 
  497       3.765082204832e-10 
  498       3.727503511047e-10 
  499       3.690632509447e-10 
  500       3.654466861231e-10 
  501       3.619004051715e-10 
  502       3.584241389190e-10 
  503       3.550176003777e-10 
  504       3.516804846292e-10 
  505       3.484124936971e-10 
  506       3.452134121866e-10 
  507       3.420830335993e-10 
  508       3.390211354406e-10 
  509       3.360274791173e-10 
  510       3.331018098349e-10 
  511       3.302438564955e-10 
  512       3.274533315953e-10 
  513       3.247299311219e-10 
  514       3.220733344520e-10 
  515       3.194832042489e-10 
  516       3.169591863604e-10 
  517       3.145009097156e-10 
  518       3.121079862233e-10 
  519       3.097800106688e-10 
  520       3.075165606121e-10 
  521       3.053171962849e-10 
  522       3.031814604885e-10 
  523       3.011088784913e-10 
  524       2.990989579261e-10 
  525       2.971511886880e-10 
  526       2.952650428318e-10 
  527       2.934399744693e-10 
  528       2.916754196673e-10 
  529       2.899707963450e-10 
  530       2.883255041712e-10 
  531       2.867389244623e-10 
  532       2.852104200798e-10 
  533       2.837393353274e-10 
  534       2.823249958492e-10 
  535       2.809667085266e-10 
  536       2.796637613766e-10 
  537       2.784154234484e-10 
  538       2.772209447220e-10 
  539       2.760795560048e-10 
  540       2.749904688298e-10 
  541       2.739528753528e-10 
  542       2.729659482501e-10 
  543       2.720288406161e-10 
  544       2.711407591048e-10 
  545       2.703011857143e-10 
  546       2.695096617350e-10 
  547       2.687657149699e-10 
  548       2.680688596614e-10 
  549       2.674185964188e-10 
  550       2.668144121456e-10 
  551       2.662557799662e-10 
  552       2.657421591536e-10 
  553       2.652729950563e-10 
  554       2.648477190257e-10 
  555       2.644657483432e-10 
  556       2.641264861473e-10 
  557       2.638293213607e-10 
  558       2.635736286181e-10 
  559       2.633587681926e-10 
  560       2.631840859235e-10 
  561       2.630489131430e-10 
  562       2.629525666038e-10 
  563       2.628943484063e-10 
  564       2.628735459252e-10 
  565       2.628894317376e-10 
  566       2.629412635495e-10 
  567       2.630282841231e-10 
  568       2.631497212044e-10 
  569       2.633047874498e-10 
  570       2.634926803540e-10 
  571       2.637125821763e-10 
  572       2.639636598687e-10 
  573       2.642450650025e-10 
  574       2.645559336956e-10 
  575       2.648953865401e-10 
  576       2.652625285287e-10 
  577       2.656564489828e-10 
  578       2.660762214790e-10 
  579       2.665209037766e-10 
  580       2.669895377448e-10 
  581       2.674811492897e-10 
  582       2.679947482819e-10 
  583       2.685294263126e-10 
  584       2.690846527944e-10 
  585       2.696599861144e-10 
  586       2.702549764351e-10 
  587       2.708691656569e-10 
  588       2.715020873790e-10 
  589       2.721532668619e-10 
  590       2.728222209884e-10 
  591       2.735084582255e-10 
  592       2.742114785863e-10 
  593       2.749307735913e-10 
  594       2.756658262304e-10 
  595       2.764161109241e-10 
  596       2.771810934860e-10 
  597       2.779602310835e-10 
  598       2.787529722001e-10 
  599       2.795587565972e-10 
  600       2.803770152750e-10 
  601       2.812071704352e-10 
  602       2.820486354416e-10 
  603       2.829008147827e-10 
  604       2.837631040329e-10 
  605       2.846348898142e-10 
  606       2.855155497581e-10 
  607       2.864044524669e-10 
  608       2.873009574757e-10 
  609       2.882044152141e-10 
  610       2.891141669674e-10 
  611       2.900295448389e-10 
  612       2.909498717112e-10 
  613       2.918744612081e-10 
  614       2.928026176558e-10 
  615       2.937336360452e-10 
  616       2.946668019933e-10 
  617       2.956013917046e-10 
  618       2.965366719333e-10 
  619       2.974718999446e-10 
  620       2.984063234764e-10 
  621       2.993391807013e-10 
  622       3.002697929023e-10 
  623       3.011978449628e-10 
  624       3.021231113719e-10 
  625       3.030453640947e-10 
  626       3.039643725628e-10 
  627       3.048799036649e-10 
  628       3.057917217368e-10 
  629       3.066995885523e-10 
  630       3.076032633129e-10 
  631       3.085025026391e-10 
  632       3.093970605597e-10 
  633       3.102866885031e-10 
  634       3.111711352874e-10 
  635       3.120501471103e-10 
  636       3.129234675404e-10 
  637       3.137908375067e-10 
  638       3.146519952897e-10 
  639       3.155066765112e-10 
  640       3.163546141251e-10 
  641       3.171955384075e-10 
  642       3.180291769474e-10 
  643       3.188552546368e-10 
  644       3.196734936612e-10 
  645       3.204836134900e-10 
  646       3.212853308667e-10 
  647       3.220783597998e-10 
  648       3.228624115524e-10 
  649       3.236371946334e-10 
  650       3.244024147873e-10 
  651       3.251577749848e-10 
  652       3.259029754131e-10 
  653       3.266377134667e-10 
  654       3.273616837371e-10 
  655       3.280745780035e-10 
  656       3.287760852236e-10 
  657       3.294658915232e-10 
  658       3.301436801872e-10 
  659       3.308091316497e-10 
  660       3.314619234846e-10 
  661       3.321017923085e-10 
  662       3.327287210090e-10 
  663       3.333427556262e-10 
  664       3.339439438214e-10 
  665       3.345323348838e-10 
  666       3.351079797386e-10 
  667       3.356709309537e-10 
  668       3.362212427477e-10 
  669       3.367589709966e-10 
  670       3.372841732418e-10 
  671       3.377969086969e-10 
  672       3.382972382556e-10 
  673       3.387852244986e-10 
  674       3.392609317012e-10 
  675       3.397244258407e-10 
  676       3.401757746036e-10 
  677       3.406150473931e-10 
  678       3.410423153365e-10 
  679       3.414576512922e-10 
  680       3.418611298577e-10 
  681       3.422528273764e-10 
  682       3.426328219452e-10 
  683       3.430011934219e-10 
  684       3.433580234324e-10 
  685       3.437033953782e-10 
  686       3.440373944438e-10 
  687       3.443601076041e-10 
  688       3.446716236312e-10 
  689       3.449720331029e-10 
  690       3.452614284087e-10 
  691       3.455399037584e-10 
  692       3.458075551885e-10 
  693       3.460644805704e-10 
  694       3.463107796169e-10 
  695       3.465465538904e-10 
  696       3.467719068097e-10 
  697       3.469869436574e-10 
  698       3.471917715876e-10 
  699       3.473864996330e-10 
  700       3.475712575998e-10 
  701       3.477462531692e-10 
  702       3.479117159996e-10 
  703       3.480678789595e-10 
  704       3.482149781389e-10 
  705       3.483532528614e-10 
  706       3.484829456966e-10 
  707       3.486043024715e-10 
  708       3.487175722828e-10 
  709       3.488230075089e-10 
  710       3.489208638217e-10 
  711       3.490114001987e-10 
  712       3.490948789352e-10 
  713       3.491715656557e-10 
  714       3.492417293266e-10 
  715       3.493056422676e-10 
  716       3.493635801639e-10 
  717       3.494158220783e-10 
  718       3.494626504631e-10 
  719       3.495043511719e-10 
  720       3.495412134718e-10 
  721       3.495735300556e-10 
  722       3.496015970530e-10 
  723       3.496257140436e-10 
  724       3.496461840679e-10 
  725       3.496633136402e-10 
  726       3.496774127598e-10 
  727       3.496887949235e-10 
  728       3.496977771374e-10 
  729       3.497046799288e-10 
  730       3.497098273584e-10 
  731       3.497135470320e-10 
  732       3.497161701128e-10 
  733       3.497180313331e-10 
  734       3.497194690066e-10 
  735       3.497208250398e-10 
  736       3.497224449448e-10 
  737       3.497246778506e-10 
  738       3.497278765154e-10 
  739       3.497323786066e-10 
  740       3.497384501106e-10 
  741       3.497463408300e-10 
  742       3.497563030218e-10 
  743       3.497685914057e-10 
  744       3.497834631715e-10 
  745       3.498011779874e-10 
  746       3.498219980077e-10 
  747       3.498461878808e-10 
  748       3.498740147567e-10 
  749       3.499057482952e-10 
  750       3.499416606739e-10 
  751       3.499820265957e-10 
  752       3.500271232968e-10 
  753       3.500772305548e-10 
  754       3.501326306962e-10 
  755       3.501936086046e-10 
  756       3.502604517283e-10 
  757       3.503334500886e-10 
  758       3.504128962870e-10 
  759       3.504990855137e-10 
  760       3.505923155552e-10 
  761       3.506928868021e-10 
  762       3.508011022572e-10 
  763       3.509172675431e-10 
  764       3.510416909104e-10 
  765       3.511746832453e-10 
  766       3.513165580775e-10 
  767       3.514676315881e-10 
  768       3.516282226178e-10 
  769       3.517986526742e-10 
  770       3.519792459400e-10 
  771       3.521703292809e-10 
  772       3.523722322534e-10 
  773       3.525852871126e-10 
  774       3.528098288202e-10 
  775       3.530461950523e-10 
  776       3.532947262073e-10 
  777       3.535557654138e-10 
  778       3.538296192556e-10 
  779       3.541164391241e-10 
  780       3.544163376566e-10 
  781       3.547294278175e-10 
  782       3.550558228986e-10 
  783       3.553956365188e-10 
  784       3.557489826248e-10 
  785       3.561159754904e-10 
  786       3.564967297174e-10 
  787       3.568913602352e-10 
  788       3.572999823008e-10 
  789       3.577227114995e-10 
  790       3.581596637443e-10 
  791       3.586109552764e-10 
  792       3.590767026654e-10 
  793       3.595570228088e-10 
  794       3.600520329328e-10 
  795       3.605618505919e-10 
  796       3.610865936694e-10 
  797       3.616263803770e-10 
  798       3.621813292553e-10 
  799       3.627515591738e-10 
  800       3.633371893308e-10 
  801       3.639383392539e-10 
  802       3.645551287996e-10 
  803       3.651876781538e-10 
  804       3.658361078316e-10 
  805       3.665005386777e-10 
  806       3.671810918662e-10 
  807       3.678778889008e-10 
  808       3.685910516149e-10 
  809       3.693207021719e-10 
  810       3.700669630650e-10 
  811       3.708299571172e-10 
  812       3.716098074818e-10 
  813       3.724066376424e-10 
  814       3.732205714125e-10 
  815       3.740517329363e-10 
  816       3.749002466885e-10 
  817       3.757662001885e-10 
  818       3.766495314148e-10 
  819       3.775501393796e-10 
  820       3.784679212264e-10 
  821       3.794027722228e-10 
  822       3.803545857541e-10 
  823       3.813232533167e-10 
  824       3.823086645117e-10 
  825       3.833107070378e-10 
  826       3.843292666852e-10 
  827       3.853642273286e-10 
  828       3.864154709211e-10 
  829       3.874828774869e-10 
  830       3.885663251155e-10 
  831       3.896656899545e-10 
  832       3.907808462030e-10 
  833       3.919116661056e-10 
  834       3.930580199452e-10 
  835       3.942197760365e-10 
  836       3.953968007196e-10 
  837       3.965889583532e-10 
  838       3.977961113083e-10 
  839       3.990181199613e-10 
  840       4.002548426873e-10 
  841       4.015061358539e-10 
  842       4.027718538144e-10 
  843       4.040518489012e-10 
  844       4.053459714190e-10 
  845       4.066540696385e-10 
  846       4.079759897899e-10 
  847       4.093115760557e-10 
  848       4.106606705649e-10 
  849       4.120231133856e-10 
  850       4.133987425192e-10 
  851       4.147873938929e-10 
  852       4.161889013542e-10 
  853       4.176030966631e-10 
  854       4.190298094864e-10 
  855       4.204688673908e-10 
  856       4.219200789275e-10 
  857       4.233831825827e-10 
  858       4.248578969440e-10 
  859       4.263439375202e-10 
  860       4.278410167320e-10 
  861       4.293488439033e-10 
  862       4.308671252509e-10 
  863       4.323955638759e-10 
  864       4.339338597538e-10 
  865       4.354817097256e-10 
  866       4.370388074880e-10 
  867       4.386048435844e-10 
  868       4.401795053952e-10 
  869       4.417624771287e-10 
  870       4.433534398116e-10 
  871       4.449520712796e-10 
  872       4.465580461683e-10 
  873       4.481710359033e-10 
  874       4.497907086917e-10 
  875       4.514167295115e-10 
  876       4.530487601036e-10 
  877       4.546864589613e-10 
  878       4.563294813217e-10 
  879       4.579774791558e-10 
  880       4.596301011595e-10 
  881       4.612869927442e-10 
  882       4.629477960272e-10 
  883       4.646121498224e-10 
  884       4.662796896312e-10 
  885       4.679500476328e-10 
  886       4.696228526751e-10 
  887       4.712977302651e-10 
  888       4.729743025596e-10 
  889       4.746521883560e-10 
  890       4.763310030828e-10 
  891       4.780103587901e-10 
  892       4.796898641406e-10 
  893       4.813691243998e-10 
  894       4.830477414270e-10 
  895       4.847253241437e-10 
  896       4.864015201459e-10 
  897       4.880759845889e-10 
  898       4.897483697483e-10 
  899       4.914183250125e-10 
  900       4.930854968742e-10 
  901       4.947495289234e-10 
  902       4.964100618391e-10 
  903       4.980667333816e-10 
  904       4.997191783848e-10 
  905       5.013670287483e-10 
  906       5.030099134296e-10 
  907       5.046474584364e-10 
  908       5.062792868188e-10 
  909       5.079050186613e-10 
  910       5.095242710753e-10 
  911       5.111366581911e-10 
  912       5.127417911501e-10 
  913       5.143392780970e-10 
  914       5.159287241722e-10 
  915       5.175097315039e-10 
  916       5.190818992000e-10 
  917       5.206448233409e-10 
  918       5.221980969710e-10 
  919       5.237413100915e-10 
  920       5.252740496524e-10 
  921       5.267958995445e-10 
  922       5.283064405918e-10 
  923       5.298052505438e-10 
  924       5.312919040675e-10 
  925       5.327659727397e-10 
  926       5.342270250390e-10 
  927       5.356746263385e-10 
  928       5.371083388974e-10 
  929       5.385277218536e-10 
  930       5.399323312158e-10 
  931       5.413217198556e-10 
  932       5.426954375000e-10 
  933       5.440530307231e-10 
  934       5.453940754226e-10 
  935       5.467182748202e-10 
  936       5.480253629775e-10 
  937       5.493150724481e-10 
  938       5.505871342742e-10 
  939       5.518412779830e-10 
  940       5.530772315837e-10 
  941       5.542947215639e-10 
  942       5.554934728865e-10 
  943       5.566732089861e-10 
  944       5.578336517660e-10 
  945       5.589745215945e-10 
  946       5.600955373018e-10 
  947       5.611964161767e-10 
  948       5.622768739631e-10 
  949       5.633366248567e-10 
  950       5.643753815018e-10 
  951       5.653928549877e-10 
  952       5.663887548458e-10 
  953       5.673627890458e-10 
  954       5.683146639925e-10 
  955       5.692440845228e-10 
  956       5.701507539020e-10 
  957       5.710343738203e-10 
  958       5.718946443901e-10 
  959       5.727312641422e-10 
  960       5.735439300223e-10 
  961       5.743323373883e-10 
  962       5.750961800063e-10 
  963       5.758351500477e-10 
  964       5.765489380857e-10 
  965       5.772372330920e-10 
  966       5.778997224334e-10 
  967       5.785360918685e-10 
  968       5.791460255446e-10 
  969       5.797292059938e-10 
  970       5.802853141303e-10 
  971       5.808140292467e-10 
  972       5.813150290106e-10 
  973       5.817880303970e-10 
  974       5.822329131642e-10 
  975       5.826495982244e-10 
  976       5.830380068784e-10 
  977       5.833980608172e-10 
  978       5.837296821241e-10 
  979       5.840327932765e-10 
  980       5.843073171476e-10 
  981       5.845531770081e-10 
  982       5.847702965288e-10 
  983       5.849585997814e-10 
  984       5.851180112413e-10 
  985       5.852484557887e-10 
  986       5.853498587110e-10 
  987       5.854221457044e-10 
  988       5.854652428756e-10 
  989       5.854790767439e-10 
  990       5.854635742432e-10 
  991       5.854186627233e-10 
  992       5.853442699523e-10 
  993       5.852403241180e-10 
  994       5.851067538302e-10 
  995       5.849434881221e-10 
  996       5.847504564526e-10 
  997       5.845275887076e-10 
  998       5.842748152025e-10 
  999       5.839920666835e-10 
 1000       5.836792743297e-10 
 1001       5.833363697550e-10 
 1002       5.829632850097e-10 
 1003       5.825599525826e-10 
 1004       5.821263054027e-10 
 1005       5.816622768412e-10 
 1006       5.811678007132e-10 
 1007       5.806428112796e-10 
 1008       5.800872432489e-10 
 1009       5.795010317793e-10 
 1010       5.788841124799e-10 
 1011       5.782364214136e-10 
 1012       5.775579274916e-10 
 1013       5.768487301694e-10 
 1014       5.761089631650e-10 
 1015       5.753387621989e-10 
 1016       5.745382649994e-10 
 1017       5.737076113086e-10 
 1018       5.728469428880e-10 
 1019       5.719564035236e-10 
 1020       5.710361390325e-10 
 1021       5.700862972676e-10 
 1022       5.691070281238e-10 
 1023       5.680984835435e-10 
 1024       5.670608175222e-10 
 1025       5.659941861142e-10 
 1026       5.648987474381e-10 
 1027       5.637746616828e-10 
 1028       5.626220911126e-10 
 1029       5.614412000733e-10 
 1030       5.602321549976e-10 
 1031       5.589951244109e-10 
 1032       5.577302789368e-10 
 1033       5.564377913028e-10 
 1034       5.551178363458e-10 
 1035       5.537705910182e-10 
 1036       5.523962343929e-10 
 1037       5.509949476695e-10 
 1038       5.495669141794e-10 
 1039       5.481123193920e-10 
 1040       5.466313509200e-10 
 1041       5.451241985252e-10 
 1042       5.435910541238e-10 
 1043       5.420321117927e-10 
 1044       5.404475677743e-10 
 1045       5.388376204829e-10 
 1046       5.372024705099e-10 
 1047       5.355423206297e-10 
 1048       5.338573758049e-10 
 1049       5.321478431926e-10 
 1050       5.304139321494e-10 
 1051       5.286558665764e-10 
 1052       5.268739221291e-10 
 1053       5.250683895355e-10 
 1054       5.232395623116e-10 
 1055       5.213877367681e-10 
 1056       5.195132120174e-10 
 1057       5.176162899804e-10 
 1058       5.156972753938e-10 
 1059       5.137564758172e-10 
 1060       5.117942016394e-10 
 1061       5.098107660860e-10 
 1062       5.078064852264e-10 
 1063       5.057816779801e-10 
 1064       5.037366661245e-10 
 1065       5.016717743015e-10 
 1066       4.995873300245e-10 
 1067       4.974836636851e-10 
 1068       4.953611085608e-10 
 1069       4.932200008212e-10 
 1070       4.910606795356e-10 
 1071       4.888834866795e-10 
 1072       4.866887671419e-10 
 1073       4.844768687321e-10 
 1074       4.822481421869e-10 
 1075       4.800029411771e-10 
 1076       4.777416223151e-10 
 1077       4.754645451615e-10 
 1078       4.731720722322e-10 
 1079       4.708645690053e-10 
 1080       4.685424039281e-10 
 1081       4.662059484241e-10 
 1082       4.638555769000e-10 
 1083       4.614916667529e-10 
 1084       4.591145983765e-10 
 1085       4.567247551692e-10 
 1086       4.543225235402e-10 
 1087       4.519082929169e-10 
 1088       4.494824557515e-10 
 1089       4.470454075287e-10 
 1090       4.445975357593e-10 
 1091       4.421391867889e-10 
 1092       4.396706985584e-10 
 1093       4.371924115822e-10 
 1094       4.347046689541e-10 
 1095       4.322078163528e-10 
 1096       4.297022020485e-10 
 1097       4.271881769079e-10 
 1098       4.246660944009e-10 
 1099       4.221363106057e-10 
 1100       4.195991842153e-10 
 1101       4.170550765429e-10 
 1102       4.145043515282e-10 
 1103       4.119473757428e-10 
 1104       4.093845183965e-10 
 1105       4.068161513429e-10 
 1106       4.042426490852e-10 
 1107       4.016643887826e-10 
 1108       3.990817502554e-10 
 1109       3.964951159914e-10 
 1110       3.939048711517e-10 
 1111       3.913114035762e-10 
 1112       3.887151037902e-10 
 1113       3.861163650095e-10 
 1114       3.835155831466e-10 
 1115       3.809131568168e-10 
 1116       3.783094873436e-10 
 1117       3.757049787648e-10 
 1118       3.731000378386e-10 
 1119       3.704950740490e-10 
 1120       3.678904996120e-10 
 1121       3.652867294813e-10 
 1122       3.626841813545e-10 
 1123       3.600832756783e-10 
 1124       3.574844356552e-10 
 1125       3.548880872486e-10 
 1126       3.522946591892e-10 
 1127       3.497045829808e-10 
 1128       3.471182929057e-10 
 1129       3.445361972320e-10 
 1130       3.419585914131e-10 
 1131       3.393857437761e-10 
 1132       3.368179242221e-10 
 1133       3.342554042296e-10 
 1134       3.316984568574e-10 
 1135       3.291473567482e-10 
 1136       3.266023801310e-10 
 1137       3.240638048251e-10 
 1138       3.215319102428e-10 
 1139       3.190069773925e-10 
 1140       3.164892888822e-10 
 1141       3.139791289223e-10 
 1142       3.114767833289e-10 
 1143       3.089825395272e-10 
 1144       3.064966865541e-10 
 1145       3.040195150621e-10 
 1146       3.015513173217e-10 
 1147       2.990923872252e-10 
 1148       2.966430202893e-10 
 1149       2.942035136587e-10 
 1150       2.917741661092e-10 
 1151       2.893552780505e-10 
 1152       2.869471515299e-10 
 1153       2.845500902348e-10 
 1154       2.821643994966e-10 
 1155       2.797903862934e-10 
 1156       2.774283592532e-10 
 1157       2.750786286570e-10 
 1158       2.727415064423e-10 
 1159       2.704173062059e-10 
 1160       2.681063432073e-10 
 1161       2.658089343716e-10 
 1162       2.635253982929e-10 
 1163       2.612560552375e-10 
 1164       2.590012271466e-10 
 1165       2.567612376401e-10 
 1166       2.545364120194e-10 
 1167       2.523270772704e-10 
 1168       2.501335275254e-10 
 1169       2.479559199670e-10 
 1170       2.457943776280e-10 
 1171       2.436490238143e-10 
 1172       2.415199821059e-10 
 1173       2.394073763565e-10 
 1174       2.373113306936e-10 
 1175       2.352319695189e-10 
 1176       2.331694175084e-10 
 1177       2.311237996121e-10 
 1178       2.290952410548e-10 
 1179       2.270838673357e-10 
 1180       2.250898042286e-10 
 1181       2.231131777822e-10 
 1182       2.211541143202e-10 
 1183       2.192127404414e-10 
 1184       2.172891830195e-10 
 1185       2.153835692038e-10 
 1186       2.134960264189e-10 
 1187       2.116266823651e-10 
 1188       2.097756650181e-10 
 1189       2.079431026298e-10 
 1190       2.061291237276e-10 
 1191       2.043338571152e-10 
 1192       2.025574318725e-10 
 1193       2.007999773557e-10 
 1194       1.990616231972e-10 
 1195       1.973424993062e-10 
 1196       1.956427358684e-10 
 1197       1.939624633465e-10 
 1198       1.923018124800e-10 
 1199       1.906609142854e-10 
 1200       1.890399000564e-10 
 1201       1.874389013640e-10 
 1202       1.858580500567e-10 
 1203       1.842974782603e-10 
 1204       1.827573183786e-10 
 1205       1.812377030930e-10 
 1206       1.797387653627e-10 
 1207       1.782606101073e-10 
 1208       1.768032288774e-10 
 1209       1.753665841507e-10 
 1210       1.739506375540e-10 
 1211       1.725553498607e-10 
 1212       1.711806809890e-10 
 1213       1.698265899993e-10 
 1214       1.684930350923e-10 
 1215       1.671799736065e-10 
 1216       1.658873620164e-10 
 1217       1.646151559299e-10 
 1218       1.633633100861e-10 
 1219       1.621317783536e-10 
 1220       1.609205137276e-10 
 1221       1.597294683282e-10 
 1222       1.585585933980e-10 
 1223       1.574078392999e-10 
 1224       1.562771555148e-10 
 1225       1.551664906397e-10 
 1226       1.540757923851e-10 
 1227       1.530050075730e-10 
 1228       1.519540821349e-10 
 1229       1.509229611092e-10 
 1230       1.499115886391e-10 
 1231       1.489199079705e-10 
 1232       1.479478614499e-10 
 1233       1.469953905219e-10 
 1234       1.460624357272e-10 
 1235       1.451489367003e-10 
 1236       1.442548321672e-10 
 1237       1.433800599436e-10 
 1238       1.425245569322e-10 
 1239       1.416882591208e-10 
 1240       1.408711015799e-10 
 1241       1.400730184607e-10 
 1242       1.392939429927e-10 
 1243       1.385338074817e-10 
 1244       1.377925433073e-10 
 1245       1.370700809210e-10 
 1246       1.363663369359e-10 
 1247       1.356811752352e-10 
 1248       1.350144454030e-10 
 1249       1.343659955879e-10 
 1250       1.337356724993e-10 
 1251       1.331233214047e-10 
 1252       1.325287861261e-10 
 1253       1.319519090372e-10 
 1254       1.313925310598e-10 
 1255       1.308504916608e-10 
 1256       1.303256288489e-10 
 1257       1.298177791717e-10 
 1258       1.293267777120e-10 
 1259       1.288524580849e-10 
 1260       1.283946524347e-10 
 1261       1.279531914313e-10 
 1262       1.275279042675e-10 
 1263       1.271186186554e-10 
 1264       1.267251608234e-10 
 1265       1.263473555127e-10 
 1266       1.259850259747e-10 
 1267       1.256379939671e-10 
 1268       1.253060797513e-10 
 1269       1.249891020886e-10 
 1270       1.246868782377e-10 
 1271       1.243992239507e-10 
 1272       1.241259534706e-10 
 1273       1.238668795277e-10 
 1274       1.236218133365e-10 
 1275       1.233905645925e-10 
 1276       1.231729414690e-10 
 1277       1.229687506138e-10 
 1278       1.227777971463e-10 
 1279       1.225998846539e-10 
 1280       1.224348151890e-10 
 1281       1.222823892658e-10 
 1282       1.221424058570e-10 
 1283       1.220146623909e-10 
 1284       1.218989547477e-10 
 1285       1.217950809600e-10 
 1286       1.217028523653e-10 
 1287       1.216220825741e-10 
 1288       1.215525837747e-10 
 1289       1.214941667308e-10 
 1290       1.214466407781e-10 
 1291       1.214098138216e-10 
 1292       1.213834923326e-10 
 1293       1.213674813458e-10 
 1294       1.213615844564e-10 
 1295       1.213656038170e-10 
 1296       1.213793401350e-10 
 1297       1.214025926692e-10 
 1298       1.214351592273e-10 
 1299       1.214768361625e-10 
 1300       1.215274183713e-10 
 1301       1.215866992897e-10 
 1302       1.216544708908e-10 
 1303       1.217305236818e-10 
 1304       1.218146467010e-10 
 1305       1.219066275147e-10 
 1306       1.220062522147e-10 
 1307       1.221133054150e-10 
 1308       1.222275702488e-10 
 1309       1.223488283659e-10 
 1310       1.224768599297e-10 
 1311       1.226114436138e-10 
 1312       1.227523565998e-10 
 1313       1.228993745739e-10 
 1314       1.230522717238e-10 
 1315       1.232108207363e-10 
 1316       1.233747927941e-10 
 1317       1.235439575727e-10 
 1318       1.237180832378e-10 
 1319       1.238969364418e-10 
 1320       1.240802823218e-10 
 1321       1.242678844957e-10 
 1322       1.244595050598e-10 
 1323       1.246549045859e-10 
 1324       1.248538586233e-10 
 1325       1.250562074125e-10 
 1326       1.252618067146e-10 
 1327       1.254705113547e-10 
 1328       1.256821752192e-10 
 1329       1.258966512548e-10 
 1330       1.261137914662e-10 
 1331       1.263334469146e-10 
 1332       1.265554677155e-10 
 1333       1.267797030374e-10 
 1334       1.270060010996e-10 
 1335       1.272342091705e-10 
 1336       1.274641735660e-10 
 1337       1.276957396472e-10 
 1338       1.279287518192e-10 
 1339       1.281630535289e-10 
 1340       1.283984872633e-10 
 1341       1.286348945477e-10 
 1342       1.288721159439e-10 
 1343       1.291099910483e-10 
 1344       1.293483584903e-10 
 1345       1.295870559303e-10 
 1346       1.298259200580e-10 
 1347       1.300647865905e-10 
 1348       1.303034902707e-10 
 1349       1.305418648651e-10 
 1350       1.307797431625e-10 
 1351       1.310169569719e-10 
 1352       1.312533371205e-10 
 1353       1.314887134524e-10 
 1354       1.317229148263e-10 
 1355       1.319557691142e-10 
 1356       1.321871031990e-10 
 1357       1.324167429732e-10 
 1358       1.326445133368e-10 
 1359       1.328702381956e-10 
 1360       1.330937404596e-10 
 1361       1.333148420406e-10 
 1362       1.335333638510e-10 
 1363       1.337491463567e-10 
 1364       1.339621114802e-10 
 1365       1.341722013584e-10 
 1366       1.343793578465e-10 
 1367       1.345835225187e-10 
 1368       1.347846366667e-10 
 1369       1.349826412997e-10 
 1370       1.351774771440e-10 
 1371       1.353690846422e-10 
 1372       1.355574039532e-10 
 1373       1.357423749510e-10 
 1374       1.359239372251e-10 
 1375       1.361020300792e-10 
 1376       1.362765925312e-10 
 1377       1.364475633128e-10 
 1378       1.366148808685e-10 
 1379       1.367784833557e-10 
 1380       1.369383086439e-10 
 1381       1.370942943143e-10 
 1382       1.372463776592e-10 
 1383       1.373944956818e-10 
 1384       1.375385850955e-10 
 1385       1.376785823234e-10 
 1386       1.378144234981e-10 
 1387       1.379460444607e-10 
 1388       1.380733807610e-10 
 1389       1.381963676564e-10 
 1390       1.383149401118e-10 
 1391       1.384290327989e-10 
 1392       1.385385800960e-10 
 1393       1.386435160872e-10 
 1394       1.387437745621e-10 
 1395       1.388392890153e-10 
 1396       1.389299926459e-10 
 1397       1.390158183571e-10 
 1398       1.390966987556e-10 
 1399       1.391725661511e-10 
 1400       1.392433525560e-10 
 1401       1.393089896848e-10 
 1402       1.393694255358e-10 
 1403       1.394246743267e-10 
 1404       1.394747670790e-10 
 1405       1.395197350834e-10 
 1406       1.395596099007e-10 
 1407       1.395944233619e-10 
 1408       1.396242075691e-10 
 1409       1.396489948957e-10 
 1410       1.396688179872e-10 
 1411       1.396837097617e-10 
 1412       1.396937034102e-10 
 1413       1.396988323974e-10 
 1414       1.396991304622e-10 
 1415       1.396946316180e-10 
 1416       1.396853701536e-10 
 1417       1.396713806333e-10 
 1418       1.396526978979e-10 
 1419       1.396293570648e-10 
 1420       1.396013935289e-10 
 1421       1.395688429627e-10 
 1422       1.395317413174e-10 
 1423       1.394901248231e-10 
 1424       1.394440299890e-10 
 1425       1.393934936048e-10 
 1426       1.393385527403e-10 
 1427       1.392792447466e-10 
 1428       1.392156072564e-10 
 1429       1.391476781843e-10 
 1430       1.390754957278e-10 
 1431       1.389990983676e-10 
 1432       1.389185248678e-10 
 1433       1.388338142771e-10 
 1434       1.387450059289e-10 
 1435       1.386521394418e-10 
 1436       1.385552547204e-10 
 1437       1.384543919556e-10 
 1438       1.383495916252e-10 
 1439       1.382408944946e-10 
 1440       1.381283416170e-10 
 1441       1.380119812950e-10 
 1442       1.378918900409e-10 
 1443       1.377681518301e-10 
 1444       1.376408511604e-10 
 1445       1.375100730533e-10 
 1446       1.373759030546e-10 
 1447       1.372384272355e-10 
 1448       1.370977321933e-10 
 1449       1.369539050529e-10 
 1450       1.368070334669e-10 
 1451       1.366572056172e-10 
 1452       1.365045102159e-10 
 1453       1.363490365058e-10 
 1454       1.361908742616e-10 
 1455       1.360301137910e-10 
 1456       1.358668459354e-10 
 1457       1.357011620707e-10 
 1458       1.355331541087e-10 
 1459       1.353629144976e-10 
 1460       1.351905362231e-10 
 1461       1.350161128096e-10 
 1462       1.348397383205e-10 
 1463       1.346615073596e-10 
 1464       1.344815150721e-10 
 1465       1.342998571453e-10 
 1466       1.341166298096e-10 
 1467       1.339319298392e-10 
 1468       1.337458545538e-10 
 1469       1.335585018185e-10 
 1470       1.333699700456e-10 
 1471       1.331803581950e-10 
 1472       1.329897657753e-10 
 1473       1.327982928448e-10 
 1474       1.326060400126e-10 
 1475       1.324131084389e-10 
 1476       1.322195998366e-10 
 1477       1.320256164721e-10 
 1478       1.318312611658e-10 
 1479       1.316366372937e-10 
 1480       1.314418455536e-10 
 1481       1.312469742283e-10 
 1482       1.310521088284e-10 
 1483       1.308573353182e-10 
 1484       1.306627401168e-10 
 1485       1.304684100984e-10 
 1486       1.302744325936e-10 
 1487       1.300808953897e-10 
 1488       1.298878867318e-10 
 1489       1.296954953232e-10 
 1490       1.295038103265e-10 
 1491       1.293129213642e-10 
 1492       1.291229185194e-10 
 1493       1.289338923368e-10 
 1494       1.287459338232e-10 
 1495       1.285591344483e-10 
 1496       1.283735861454e-10 
 1497       1.281893813126e-10 
 1498       1.280066128129e-10 
 1499       1.278253739754e-10 
 1500       1.276457585960e-10 
 1501       1.274678609381e-10 
 1502       1.272917757331e-10 
 1503       1.271175981816e-10 
 1504       1.269454239542e-10 
 1505       1.267753491915e-10 
 1506       1.266074705058e-10 
 1507       1.264418849813e-10 
 1508       1.262786901749e-10 
 1509       1.261179841173e-10 
 1510       1.259598653133e-10 
 1511       1.258044327428e-10 
 1512       1.256517858616e-10 
 1513       1.255020246020e-10 
 1514       1.253552493738e-10 
 1515       1.252115610648e-10 
 1516       1.250710610415e-10 
 1517       1.249338511503e-10 
 1518       1.248000337178e-10 
 1519       1.246697013781e-10 
 1520       1.245429064457e-10 
 1521       1.244196912491e-10 
 1522       1.243000982779e-10 
 1523       1.241841701833e-10 
 1524       1.240719497779e-10 
 1525       1.239634800365e-10 
 1526       1.238588040956e-10 
 1527       1.237579652543e-10 
 1528       1.236610069741e-10 
 1529       1.235679728795e-10 
 1530       1.234789067578e-10 
 1531       1.233938525596e-10 
 1532       1.233128543990e-10 
 1533       1.232359565537e-10 
 1534       1.231632034656e-10 
 1535       1.230946397403e-10 
 1536       1.230303101482e-10 
 1537       1.229702596241e-10 
 1538       1.229145332678e-10 
 1539       1.228631763440e-10 
 1540       1.228162342827e-10 
 1541       1.227737526796e-10 
 1542       1.227357772961e-10 
 1543       1.227023540595e-10 
 1544       1.226735290633e-10 
 1545       1.226493485676e-10 
 1546       1.226298589990e-10 
 1547       1.226151069512e-10 
 1548       1.226051391848e-10 
 1549       1.226000026280e-10 
 1550       1.225997443763e-10 
 1551       1.226044116934e-10 
 1552       1.226140520107e-10 
 1553       1.226287129280e-10 
 1554       1.226484422137e-10 
 1555       1.226732878048e-10 
 1556       1.227032978073e-10 
 1557       1.227385204964e-10 
 1558       1.227789928923e-10 
 1559       1.228247063693e-10 
 1560       1.228756407245e-10 
 1561       1.229317755721e-10 
 1562       1.229930903434e-10 
 1563       1.230595642863e-10 
 1564       1.231311764652e-10 
 1565       1.232079057603e-10 
 1566       1.232897308676e-10 
 1567       1.233766302983e-10 
 1568       1.234685823789e-10 
 1569       1.235655652501e-10 
 1570       1.236675568672e-10 
 1571       1.237745349996e-10 
 1572       1.238864772300e-10 
 1573       1.240033609548e-10 
 1574       1.241251633832e-10 
 1575       1.242518615369e-10 
 1576       1.243834322501e-10 
 1577       1.245198521690e-10 
 1578       1.246610977513e-10 
 1579       1.248071452661e-10 
 1580       1.249579707935e-10 
 1581       1.251135502241e-10 
 1582       1.252738592589e-10 
 1583       1.254388734088e-10 
 1584       1.256085679943e-10 
 1585       1.257829181454e-10 
 1586       1.259618988008e-10 
 1587       1.261454847080e-10 
 1588       1.263336504226e-10 
 1589       1.265263703083e-10 
 1590       1.267236185363e-10 
 1591       1.269253690853e-10 
 1592       1.271315957407e-10 
 1593       1.273422720946e-10 
 1594       1.275573715453e-10 
 1595       1.277768672971e-10 
 1596       1.280007323600e-10 
 1597       1.282289319611e-10 
 1598       1.284614007049e-10 
 1599       1.286980652031e-10 
 1600       1.289388516432e-10 
 1601       1.291836857878e-10 
 1602       1.294324929735e-10 
 1603       1.296851981109e-10 
 1604       1.299417256833e-10 
 1605       1.302019997462e-10 
 1606       1.304659439268e-10 
 1607       1.307334814230e-10 
 1608       1.310045350029e-10 
 1609       1.312790270041e-10 
 1610       1.315568793329e-10 
 1611       1.318380134637e-10 
 1612       1.321223504384e-10 
 1613       1.324098108654e-10 
 1614       1.327003149192e-10 
 1615       1.329937823397e-10 
 1616       1.332901324311e-10 
 1617       1.335892840619e-10 
 1618       1.338911556637e-10 
 1619       1.341956652304e-10 
 1620       1.345027303182e-10 
 1621       1.348122680440e-10 
 1622       1.351241950854e-10 
 1623       1.354384276798e-10 
 1624       1.357548816236e-10 
 1625       1.360734722715e-10 
 1626       1.363941145361e-10 
 1627       1.367167228868e-10 
 1628       1.370412113494e-10 
 1629       1.373674935053e-10 
 1630       1.376954824909e-10 
 1631       1.380250909966e-10 
 1632       1.383562312667e-10 
 1633       1.386888150980e-10 
 1634       1.390227538395e-10 
 1635       1.393579583920e-10 
 1636       1.396943386047e-10 
 1637       1.400318014633e-10 
 1638       1.403702528846e-10 
 1639       1.407095983165e-10 
 1640       1.410497427373e-10 
 1641       1.413905906544e-10 
 1642       1.417320461046e-10 
 1643       1.420740126524e-10 
 1644       1.424163933899e-10 
 1645       1.427590909357e-10 
 1646       1.431020074347e-10 
 1647       1.434450445565e-10 
 1648       1.437881034958e-10 
 1649       1.441310849707e-10 
 1650       1.444738892225e-10 
 1651       1.448164160148e-10 
 1652       1.451585646331e-10 
 1653       1.455002338835e-10 
 1654       1.458413220925e-10 
 1655       1.461817271059e-10 
 1656       1.465213462884e-10 
 1657       1.468600765229e-10 
 1658       1.471978142092e-10 
 1659       1.475344552641e-10 
 1660       1.478698951201e-10 
 1661       1.482040287250e-10 
 1662       1.485367505408e-10 
 1663       1.488679545434e-10 
 1664       1.491975342218e-10 
 1665       1.495253825772e-10 
 1666       1.498513921222e-10 
 1667       1.501754548806e-10 
 1668       1.504974623859e-10 
 1669       1.508173056815e-10 
 1670       1.511348753191e-10 
 1671       1.514500613586e-10 
 1672       1.517627533669e-10 
 1673       1.520728404179e-10 
 1674       1.523802110908e-10 
 1675       1.526847593897e-10 
 1676       1.529864025580e-10 
 1677       1.532850634176e-10 
 1678       1.535806644637e-10 
 1679       1.538731278636e-10 
 1680       1.541623754568e-10 
 1681       1.544483287544e-10 
 1682       1.547309089383e-10 
 1683       1.550100368614e-10 
 1684       1.552856330462e-10 
 1685       1.555576176854e-10 
 1686       1.558259106405e-10 
 1687       1.560904314420e-10 
 1688       1.563510992885e-10 
 1689       1.566078330464e-10 
 1690       1.568605512495e-10 
 1691       1.571091720985e-10 
 1692       1.573536134605e-10 
 1693       1.575937928684e-10 
 1694       1.578296275207e-10 
 1695       1.580610342808e-10 
 1696       1.582879296768e-10 
 1697       1.585102299007e-10 
 1698       1.587278508082e-10 
 1699       1.589407079180e-10 
 1700       1.591487164117e-10 
 1701       1.593517911330e-10 
 1702       1.595498465872e-10 
 1703       1.597427969411e-10 
 1704       1.599305560221e-10 
 1705       1.601130373182e-10 
 1706       1.602901539769e-10 
 1707       1.604618188055e-10 
 1708       1.606279442700e-10 
 1709       1.607884424948e-10 
 1710       1.609432252627e-10 
 1711       1.610922040136e-10 
 1712       1.612352898447e-10 
 1713       1.613723935098e-10 
 1714       1.615034350765e-10 
 1715       1.616283729896e-10 
 1716       1.617471752547e-10 
 1717       1.618598098033e-10 
 1718       1.619662444926e-10 
 1719       1.620664471053e-10 
 1720       1.621603853499e-10 
 1721       1.622480268600e-10 
 1722       1.623293391949e-10 
 1723       1.624042898391e-10 
 1724       1.624728462025e-10 
 1725       1.625349756199e-10 
 1726       1.625906453514e-10 
 1727       1.626398225822e-10 
 1728       1.626824744223e-10 
 1729       1.627185679067e-10 
 1730       1.627480699953e-10 
 1731       1.627709475725e-10 
 1732       1.627871674477e-10 
 1733       1.627966963545e-10 
 1734       1.627995009515e-10 
 1735       1.627955478214e-10 
 1736       1.627848034716e-10 
 1737       1.627672343334e-10 
 1738       1.627428067628e-10 
 1739       1.627114870396e-10 
 1740       1.626732413681e-10 
 1741       1.626280358762e-10 
 1742       1.625758366161e-10 
 1743       1.625166095636e-10 
 1744       1.624503206187e-10 
 1745       1.623769356047e-10 
 1746       1.622964202688e-10 
 1747       1.622087402819e-10 
 1748       1.621138612383e-10 
 1749       1.620117486556e-10 
 1750       1.619023679751e-10 
 1751       1.617856845613e-10 
 1752       1.616616637017e-10 
 1753       1.615302802860e-10 
 1754       1.613915479298e-10 
 1755       1.612454900934e-10 
 1756       1.610921304257e-10 
 1757       1.609314927645e-10 
 1758       1.607636011365e-10 
 1759       1.605884797581e-10 
 1760       1.604061530350e-10 
 1761       1.602166455633e-10 
 1762       1.600199821293e-10 
 1763       1.598161877099e-10 
 1764       1.596052874730e-10 
 1765       1.593873067777e-10 
 1766       1.591622711748e-10 
 1767       1.589302064067e-10 
 1768       1.586911384082e-10 
 1769       1.584450933065e-10 
 1770       1.581920974215e-10 
 1771       1.579321772662e-10 
 1772       1.576653595472e-10 
 1773       1.573916711646e-10 
 1774       1.571111392124e-10 
 1775       1.568237909791e-10 
 1776       1.565296539478e-10 
 1777       1.562287557965e-10 
 1778       1.559211243982e-10 
 1779       1.556067878219e-10 
 1780       1.552857743319e-10 
 1781       1.549581123891e-10 
 1782       1.546238306505e-10 
 1783       1.542829579700e-10 
 1784       1.539355233987e-10 
 1785       1.535815561848e-10 
 1786       1.532210857743e-10 
 1787       1.528541418112e-10 
 1788       1.524807541378e-10 
 1789       1.521009527948e-10 
 1790       1.517147680220e-10 
 1791       1.513222302583e-10 
 1792       1.509233759242e-10 
 1793       1.505182648201e-10 
 1794       1.501069628703e-10 
 1795       1.496895363550e-10 
 1796       1.492660519106e-10 
 1797       1.488365765298e-10 
 1798       1.484011775627e-10 
 1799       1.479599227171e-10 
 1800       1.475128800589e-10 
 1801       1.470601180128e-10 
 1802       1.466017053627e-10 
 1803       1.461377112524e-10 
 1804       1.456682051859e-10 
 1805       1.451932570279e-10 
 1806       1.447129370047e-10 
 1807       1.442273157042e-10 
 1808       1.437364640768e-10 
 1809       1.432404534360e-10 
 1810       1.427393554584e-10 
 1811       1.422332421846e-10 
 1812       1.417221860199e-10 
 1813       1.412062597344e-10 
 1814       1.406855364638e-10 
 1815       1.401600897096e-10 
 1816       1.396299933403e-10 
 1817       1.390953215911e-10 
 1818       1.385561490648e-10 
 1819       1.380125507327e-10 
 1820       1.374646019343e-10 
 1821       1.369123783785e-10 
 1822       1.363559561439e-10 
 1823       1.357954116791e-10 
 1824       1.352308218037e-10 
 1825       1.346622637084e-10 
 1826       1.340898149557e-10 
 1827       1.335135534804e-10 
 1828       1.329335575900e-10 
 1829       1.323499059655e-10 
 1830       1.317626776618e-10 
 1831       1.311719524906e-10 
 1832       1.305778121720e-10 
 1833       1.299803391933e-10 
 1834       1.293796164279e-10 
 1835       1.287757271357e-10 
 1836       1.281687549634e-10 
 1837       1.275587839457e-10 
 1838       1.269458985052e-10 
 1839       1.263301834532e-10 
 1840       1.257117239903e-10 
 1841       1.250906057066e-10 
 1842       1.244669145828e-10 
 1843       1.238407369903e-10 
 1844       1.232121596916e-10 
 1845       1.225812698414e-10 
 1846       1.219481549867e-10 
 1847       1.213129030675e-10 
 1848       1.206756024172e-10 
 1849       1.200363417632e-10 
 1850       1.193952102277e-10 
 1851       1.187522973277e-10 
 1852       1.181076929760e-10 
 1853       1.174614874815e-10 
 1854       1.168137715498e-10 
 1855       1.161646362838e-10 
 1856       1.155141731841e-10 
 1857       1.148624741497e-10 
 1858       1.142096314784e-10 
 1859       1.135557378672e-10 
 1860       1.129008864133e-10 
 1861       1.122451706142e-10 
 1862       1.115886843684e-10 
 1863       1.109315219759e-10 
 1864       1.102737781388e-10 
 1865       1.096155479617e-10 
 1866       1.089569269526e-10 
 1867       1.082980110227e-10 
 1868       1.076388964878e-10 
 1869       1.069796800682e-10 
 1870       1.063204545156e-10 
 1871       1.056612954531e-10 
 1872       1.050022744336e-10 
 1873       1.043434633038e-10 
 1874       1.036849342057e-10 
 1875       1.030267595761e-10 
 1876       1.023690121476e-10 
 1877       1.017117649484e-10 
 1878       1.010550913033e-10 
 1879       1.003990648336e-10 
 1880       9.974375945797e-11 
 1881       9.908924939223e-11 
 1882       9.843560915020e-11 
 1883       9.778291354395e-11 
 1884       9.713123768413e-11 
 1885       9.648065698043e-11 
 1886       9.583124714191e-11 
 1887       9.518308417744e-11 
 1888       9.453624439603e-11 
 1889       9.389080440726e-11 
 1890       9.324684112163e-11 
 1891       9.260443175098e-11 
 1892       9.196365380885e-11 
 1893       9.132458511086e-11 
 1894       9.068730377513e-11 
 1895       9.005188822262e-11 
 1896       8.941841717756e-11 
 1897       8.878696966781e-11 
 1898       8.815762502523e-11 
 1899       8.753046288611e-11 
 1900       8.690556319152e-11 
 1901       8.628300618770e-11 
 1902       8.566287242646e-11 
 1903       8.504524276555e-11 
 1904       8.443019836905e-11 
 1905       8.381782070776e-11 
 1906       8.320819155959e-11 
 1907       8.260139300992e-11 
 1908       8.199750745202e-11 
 1909       8.139661042960e-11 
 1910       8.079874910384e-11 
 1911       8.020396362204e-11 
 1912       7.961229426061e-11 
 1913       7.902378142524e-11 
 1914       7.843846565101e-11 
 1915       7.785638760256e-11 
 1916       7.727758807423e-11 
 1917       7.670210799024e-11 
 1918       7.612998840479e-11 
 1919       7.556127050225e-11 
 1920       7.499599559730e-11 
 1921       7.443420513507e-11 
 1922       7.387594069130e-11 
 1923       7.332124397247e-11 
 1924       7.277015681599e-11 
 1925       7.222272119032e-11 
 1926       7.167897919510e-11 
 1927       7.113897306136e-11 
 1928       7.060274515161e-11 
 1929       7.007033796003e-11 
 1930       6.954179411259e-11 
 1931       6.901715636721e-11 
 1932       6.849646761395e-11 
 1933       6.797977087508e-11 
 1934       6.746710930529e-11 
 1935       6.695852619183e-11 
 1936       6.645406495464e-11 
 1937       6.595376914653e-11 
 1938       6.545768245329e-11 
 1939       6.496584869388e-11 
 1940       6.447831182055e-11 
 1941       6.399511591901e-11 
 1942       6.351630520857e-11 
 1943       6.304192404228e-11 
 1944       6.257201690711e-11 
 1945       6.210662842407e-11 
 1946       6.164580334836e-11 
 1947       6.118958656956e-11 
 1948       6.073801586637e-11 
 1949       6.029110011128e-11 
 1950       5.984884090250e-11 
 1951       5.941123979429e-11 
 1952       5.897829829696e-11 
 1953       5.855001787678e-11 
 1954       5.812639995583e-11 
 1955       5.770744591202e-11 
 1956       5.729315707892e-11 
 1957       5.688353474577e-11 
 1958       5.647858015731e-11 
 1959       5.607829451378e-11 
 1960       5.568267897078e-11 
 1961       5.529173463922e-11 
 1962       5.490546258526e-11 
 1963       5.452386383017e-11 
 1964       5.414693935033e-11 
 1965       5.377469007709e-11 
 1966       5.340711689669e-11 
 1967       5.304422065023e-11 
 1968       5.268600213355e-11 
 1969       5.233246209718e-11 
 1970       5.198360124621e-11 
 1971       5.163942024026e-11 
 1972       5.129991969340e-11 
 1973       5.096510017404e-11 
 1974       5.063496220487e-11 
 1975       5.030950626276e-11 
 1976       4.998873277873e-11 
 1977       4.967264213782e-11 
 1978       4.936123467903e-11 
 1979       4.905451069524e-11 
 1980       4.875247043313e-11 
 1981       4.845511409311e-11 
 1982       4.816244182923e-11 
 1983       4.787445374909e-11 
 1984       4.759114991380e-11 
 1985       4.731253033785e-11 
 1986       4.703859498906e-11 
 1987       4.676933920300e-11 
 1988       4.650473988945e-11 
 1989       4.624476922416e-11 
 1990       4.598939922494e-11 
 1991       4.573860175140e-11 
 1992       4.549234850477e-11 
 1993       4.525061102766e-11 
 1994       4.501336070385e-11 
 1995       4.478056875807e-11 
 1996       4.455220625576e-11 
 1997       4.432824410291e-11 
 1998       4.410865304577e-11 
 1999       4.389340367068e-11 
 2000       4.368246640383e-11 
 2001       4.347581151106e-11 
 2002       4.327340909761e-11 
 2003       4.307522910793e-11 
 2004       4.288124132546e-11 
 2005       4.269141537238e-11 
 2006       4.250572070945e-11 
 2007       4.232412663572e-11 
 2008       4.214660228838e-11 
 2009       4.197311664248e-11 
 2010       4.180363851076e-11 
 2011       4.163813654341e-11 
 2012       4.147657922785e-11 
 2013       4.131893488851e-11 
 2014       4.116517168662e-11 
 2015       4.101525762001e-11 
 2016       4.086916052282e-11 
 2017       4.072684806539e-11 
 2018       4.058828775394e-11 
 2019       4.045344693041e-11 
 2020       4.032229277221e-11 
 2021       4.019479229206e-11 
 2022       4.007091233767e-11 
 2023       3.995061959162e-11 
 2024       3.983388057109e-11 
 2025       3.972066162765e-11 
 2026       3.961092772798e-11 
 2027       3.950463878685e-11 
 2028       3.940175330718e-11 
 2029       3.930222959649e-11 
 2030       3.920602576665e-11 
 2031       3.911309973360e-11 
 2032       3.902340921708e-11 
 2033       3.893691174042e-11 
 2034       3.885356463028e-11 
 2035       3.877332501635e-11 
 2036       3.869614983116e-11 
 2037       3.862199580977e-11 
 2038       3.855081948955e-11 
 2039       3.848257720990e-11 
 2040       3.841722511204e-11 
 2041       3.835471913870e-11 
 2042       3.829501503390e-11 
 2043       3.823806834270e-11 
 2044       3.818383441093e-11 
 2045       3.813226838492e-11 
 2046       3.808332521129e-11 
 2047       3.803695963667e-11 
 2048       3.799312620743e-11 
 2049       3.795177926947e-11 
 2050       3.791287296791e-11 
 2051       3.787636124688e-11 
 2052       3.784219784927e-11 
 2053       3.781033631642e-11 
 2054       3.778072998793e-11 
 2055       3.775333200137e-11 
 2056       3.772809529203e-11 
 2057       3.770497259268e-11 
 2058       3.768391643329e-11 
 2059       3.766487914082e-11 
 2060       3.764781283891e-11 
 2061       3.763266944766e-11 
 2062       3.761940068339e-11 
 2063       3.760795805834e-11 
 2064       3.759829288046e-11 
 2065       3.759035821535e-11 
 2066       3.758411478797e-11 
 2067       3.757952512228e-11 
 2068       3.757655158257e-11 
 2069       3.757515637334e-11 
 2070       3.757530153903e-11 
 2071       3.757694896384e-11 
 2072       3.758006037156e-11 
 2073       3.758459732533e-11 
 2074       3.759052122747e-11 
 2075       3.759779331926e-11 
 2076       3.760637468076e-11 
 2077       3.761622623061e-11 
 2078       3.762730872580e-11 
 2079       3.763958276151e-11 
 2080       3.765300877091e-11 
 2081       3.766754702491e-11 
 2082       3.768315763204e-11 
 2083       3.769980053818e-11 
 2084       3.771743552639e-11 
 2085       3.773602221673e-11 
 2086       3.775552006603e-11 
 2087       3.777588836769e-11 
 2088       3.779708625153e-11 
 2089       3.781907268352e-11 
 2090       3.784180646563e-11 
 2091       3.786524623561e-11 
 2092       3.788935046682e-11 
 2093       3.791407746799e-11 
 2094       3.793938538304e-11 
 2095       3.796523219088e-11 
 2096       3.799157570522e-11 
 2097       3.801837357438e-11 
 2098       3.804558328103e-11 
 2099       3.807316214207e-11 
 2100       3.810106730839e-11 
 2101       3.812925576468e-11 
 2102       3.815768432922e-11 
 2103       3.818630965369e-11 
 2104       3.821509199267e-11 
 2105       3.824400654121e-11 
 2106       3.827303217575e-11 
 2107       3.830214769144e-11 
 2108       3.833133180214e-11 
 2109       3.836056314020e-11 
 2110       3.838982025647e-11 
 2111       3.841908162014e-11 
 2112       3.844832561869e-11 
 2113       3.847753055773e-11 
 2114       3.850667466096e-11 
 2115       3.853573607005e-11 
 2116       3.856469284455e-11 
 2117       3.859352296178e-11 
 2118       3.862220431675e-11 
 2119       3.865071472206e-11 
 2120       3.867903190779e-11 
 2121       3.870713352140e-11 
 2122       3.873499712768e-11 
 2123       3.876260020859e-11 
 2124       3.878992016319e-11 
 2125       3.881693430757e-11 
 2126       3.884361987469e-11 
 2127       3.886995401437e-11 
 2128       3.889591379310e-11 
 2129       3.892147619401e-11 
 2130       3.894661811674e-11 
 2131       3.897131637737e-11 
 2132       3.899554770828e-11 
 2133       3.901928875811e-11 
 2134       3.904251609161e-11 
 2135       3.906520618958e-11 
 2136       3.908733544875e-11 
 2137       3.910888018171e-11 
 2138       3.912981661677e-11 
 2139       3.915012089792e-11 
 2140       3.916976908467e-11 
 2141       3.918873715201e-11 
 2142       3.920700099027e-11 
 2143       3.922454016697e-11 
 2144       3.924134924051e-11 
 2145       3.925742652352e-11 
 2146       3.927277032803e-11 
 2147       3.928737896545e-11 
 2148       3.930125074653e-11 
 2149       3.931438398141e-11 
 2150       3.932677697962e-11 
 2151       3.933842805005e-11 
 2152       3.934933550096e-11 
 2153       3.935949764002e-11 
 2154       3.936891277425e-11 
 2155       3.937757921008e-11 
 2156       3.938549525331e-11 
 2157       3.939265920912e-11 
 2158       3.939906938209e-11 
 2159       3.940472407618e-11 
 2160       3.940962159474e-11 
 2161       3.941376024053e-11 
 2162       3.941713831568e-11 
 2163       3.941975412172e-11 
 2164       3.942160595957e-11 
 2165       3.942269212957e-11 
 2166       3.942301093145e-11 
 2167       3.942256066431e-11 
 2168       3.942133962669e-11 
 2169       3.941934611653e-11 
 2170       3.941657843114e-11 
 2171       3.941303486727e-11 
 2172       3.940871372107e-11 
 2173       3.940361328809e-11 
 2174       3.939773186329e-11 
 2175       3.939106774106e-11 
 2176       3.938361921517e-11 
 2177       3.937538457884e-11 
 2178       3.936636212469e-11 
 2179       3.935655014475e-11 
 2180       3.934594693047e-11 
 2181       3.933455077274e-11 
 2182       3.932236228557e-11 
 2183       3.930939139431e-11 
 2184       3.929565039436e-11 
 2185       3.928115163173e-11 
 2186       3.926590750311e-11 
 2187       3.924993045595e-11 
 2188       3.923323298849e-11 
 2189       3.921582764985e-11 
 2190       3.919772704006e-11 
 2191       3.917894381015e-11 
 2192       3.915949066220e-11 
 2193       3.913938034936e-11 
 2194       3.911862567598e-11 
 2195       3.909723949763e-11 
 2196       3.907523472116e-11 
 2197       3.905262430475e-11 
 2198       3.902942125800e-11 
 2199       3.900563864199e-11 
 2200       3.898128956929e-11 
 2201       3.895638720409e-11 
 2202       3.893094476220e-11 
 2203       3.890497551114e-11 
 2204       3.887849277020e-11 
 2205       3.885150991050e-11 
 2206       3.882404035503e-11 
 2207       3.879609757874e-11 
 2208       3.876769510857e-11 
 2209       3.873884652353e-11 
 2210       3.870956545475e-11 
 2211       3.867986558557e-11 
 2212       3.864976065154e-11 
 2213       3.861926444054e-11 
 2214       3.858839079279e-11 
 2215       3.855715360096e-11 
 2216       3.852556681019e-11 
 2217       3.849364441817e-11 
 2218       3.846140047519e-11 
 2219       3.842884908420e-11 
 2220       3.839600440089e-11 
 2221       3.836288101040e-11 
 2222       3.832949506022e-11 
 2223       3.829586313486e-11 
 2224       3.826200187998e-11 
 2225       3.822792800241e-11 
 2226       3.819365827024e-11 
 2227       3.815920951288e-11 
 2228       3.812459862115e-11 
 2229       3.808984254732e-11 
 2230       3.805495830520e-11 
 2231       3.801996297020e-11 
 2232       3.798487367939e-11 
 2233       3.794970763160e-11 
 2234       3.791448208745e-11 
 2235       3.787921436945e-11 
 2236       3.784392186207e-11 
 2237       3.780862201176e-11 
 2238       3.777333232709e-11 
 2239       3.773807037877e-11 
 2240       3.770285379973e-11 
 2241       3.766770028521e-11 
 2242       3.763262759279e-11 
 2243       3.759765354250e-11 
 2244       3.756279601687e-11 
 2245       3.752807296099e-11 
 2246       3.749350238258e-11 
 2247       3.745910235209e-11 
 2248       3.742489100275e-11 
 2249       3.739088653060e-11 
 2250       3.735710719463e-11 
 2251       3.732357131680e-11 
 2252       3.729029728213e-11 
 2253       3.725730353876e-11 
 2254       3.722460859802e-11 
 2255       3.719223103450e-11 
 2256       3.716018948613e-11 
 2257       3.712850265422e-11 
 2258       3.709718930357e-11 
 2259       3.706626826251e-11 
 2260       3.703575709012e-11 
 2261       3.700566806833e-11 
 2262       3.697601218403e-11 
 2263       3.694680045954e-11 
 2264       3.691804395270e-11 
 2265       3.688975375687e-11 
 2266       3.686194100102e-11 
 2267       3.683461684969e-11 
 2268       3.680779250309e-11 
 2269       3.678147919714e-11 
 2270       3.675568820344e-11 
 2271       3.673043082940e-11 
 2272       3.670571841821e-11 
 2273       3.668156234890e-11 
 2274       3.665797403638e-11 
 2275       3.663496493148e-11 
 2276       3.661254652099e-11 
 2277       3.659073032767e-11 
 2278       3.656952791032e-11 
 2279       3.654895086383e-11 
 2280       3.652901081915e-11 
 2281       3.650971944341e-11 
 2282       3.649108843991e-11 
 2283       3.647312954816e-11 
 2284       3.645585454393e-11 
 2285       3.643927523930e-11 
 2286       3.642340348265e-11 
 2287       3.640825115877e-11 
 2288       3.639383018882e-11 
 2289       3.638015253042e-11 
 2290       3.636723017769e-11 
 2291       3.635507516125e-11 
 2292       3.634369954828e-11 
 2293       3.633311544257e-11 
 2294       3.632333498453e-11 
 2295       3.631437035125e-11 
 2296       3.630623375654e-11 
 2297       3.629893745093e-11 
 2298       3.629249372176e-11 
 2299       3.628691278403e-11 
 2300       3.628219643834e-11 
 2301       3.627834437262e-11 
 2302       3.627535626766e-11 
 2303       3.627323179704e-11 
 2304       3.627197062719e-11 
 2305       3.627157241734e-11 
 2306       3.627203681948e-11 
 2307       3.627336347842e-11 
 2308       3.627555203172e-11 
 2309       3.627860210973e-11 
 2310       3.628251333554e-11 
 2311       3.628728532496e-11 
 2312       3.629291768657e-11 
 2313       3.629941002167e-11 
 2314       3.630676192424e-11 
 2315       3.631497298100e-11 
 2316       3.632404277134e-11 
 2317       3.633397086736e-11 
 2318       3.634475683380e-11 
 2319       3.635640022809e-11 
 2320       3.636890060030e-11 
 2321       3.638225749315e-11 
 2322       3.639647044199e-11 
 2323       3.641153897478e-11 
 2324       3.642746261212e-11 
 2325       3.644424086720e-11 
 2326       3.646187324580e-11 
 2327       3.648035924628e-11 
 2328       3.649969835959e-11 
 2329       3.651989006923e-11 
 2330       3.654093385124e-11 
 2331       3.656282917424e-11 
 2332       3.658557549934e-11 
 2333       3.660917228021e-11 
 2334       3.663361896301e-11 
 2335       3.665891498641e-11 
 2336       3.668505978157e-11 
 2337       3.671205277214e-11 
 2338       3.673989155892e-11 
 2339       3.676856646157e-11 
 2340       3.679806594270e-11 
 2341       3.682837842003e-11 
 2342       3.685949226636e-11 
 2343       3.689139580950e-11 
 2344       3.692407733224e-11 
 2345       3.695752507229e-11 
 2346       3.699172722221e-11 
 2347       3.702667192939e-11 
 2348       3.706234729599e-11 
 2349       3.709874137888e-11 
 2350       3.713584218963e-11 
 2351       3.717363769438e-11 
 2352       3.721211581387e-11 
 2353       3.725126442337e-11 
 2354       3.729107135259e-11 
 2355       3.733152438568e-11 
 2356       3.737261126115e-11 
 2357       3.741431967184e-11 
 2358       3.745663726485e-11 
 2359       3.749955164151e-11 
 2360       3.754305035730e-11 
 2361       3.758712092185e-11 
 2362       3.763175079885e-11 
 2363       3.767692740599e-11 
 2364       3.772263811496e-11 
 2365       3.776887025136e-11 
 2366       3.781561109466e-11 
 2367       3.786284787814e-11 
 2368       3.791056778887e-11 
 2369       3.795875796764e-11 
 2370       3.800740550891e-11 
 2371       3.805649746074e-11 
 2372       3.810602082480e-11 
 2373       3.815596255624e-11 
 2374       3.820630956373e-11 
 2375       3.825704870932e-11 
 2376       3.830816680845e-11 
 2377       3.835964988492e-11 
 2378       3.841148093089e-11 
 2379       3.846364213299e-11 
 2380       3.851611561593e-11 
 2381       3.856888344250e-11 
 2382       3.862192761344e-11 
 2383       3.867523006740e-11 
 2384       3.872877268088e-11 
 2385       3.878253726817e-11 
 2386       3.883650558126e-11 
 2387       3.889065930979e-11 
 2388       3.894498008098e-11 
 2389       3.899944945956e-11 
 2390       3.905404894774e-11 
 2391       3.910875998508e-11 
 2392       3.916356394847e-11 
 2393       3.921844215206e-11 
 2394       3.927337584718e-11 
 2395       3.932834622230e-11 
 2396       3.938333440291e-11 
 2397       3.943832145153e-11 
 2398       3.949328836758e-11 
 2399       3.954821608735e-11 
 2400       3.960308548391e-11 
 2401       3.965787736708e-11 
 2402       3.971257248333e-11 
 2403       3.976715151571e-11 
 2404       3.982159508384e-11 
 2405       3.987588374377e-11 
 2406       3.992999798797e-11 
 2407       3.998391824523e-11 
 2408       4.003762488061e-11 
 2409       4.009109819539e-11 
 2410       4.014431842696e-11 
 2411       4.019726574879e-11 
 2412       4.024992027038e-11 
 2413       4.030226203713e-11 
 2414       4.035427103034e-11 
 2415       4.040592716711e-11 
 2416       4.045721089737e-11 
 2417       4.050810499901e-11 
 2418       4.055859279351e-11 
 2419       4.060865754974e-11 
 2420       4.065828248398e-11 
 2421       4.070745075981e-11 
 2422       4.075614548807e-11 
 2423       4.080434972684e-11 
 2424       4.085204648132e-11 
 2425       4.089921870383e-11 
 2426       4.094584929376e-11 
 2427       4.099192109748e-11 
 2428       4.103741690830e-11 
 2429       4.108231946642e-11 
 2430       4.112661145890e-11 
 2431       4.117027551957e-11 
 2432       4.121329422898e-11 
 2433       4.125565011437e-11 
 2434       4.129732564960e-11 
 2435       4.133830325512e-11 
 2436       4.137856529786e-11 
 2437       4.141809409125e-11 
 2438       4.145687189509e-11 
 2439       4.149488091559e-11 
 2440       4.153210330522e-11 
 2441       4.156852116271e-11 
 2442       4.160411653300e-11 
 2443       4.163887140716e-11 
 2444       4.167276772236e-11 
 2445       4.170578736180e-11 
 2446       4.173791215466e-11 
 2447       4.176912387605e-11 
 2448       4.179940424697e-11 
 2449       4.182873493423e-11 
 2450       4.185709755041e-11 
 2451       4.188447365381e-11 
 2452       4.191084474838e-11 
 2453       4.193619228371e-11 
 2454       4.196049765490e-11 
 2455       4.198374375582e-11 
 2456       4.200591964875e-11 
 2457       4.202701592245e-11 
 2458       4.204702314142e-11 
 2459       4.206593184591e-11 
 2460       4.208373255187e-11 
 2461       4.210041575093e-11 
 2462       4.211597191039e-11 
 2463       4.213039147319e-11 
 2464       4.214366485790e-11 
 2465       4.215578245867e-11 
 2466       4.216673464523e-11 
 2467       4.217651176286e-11 
 2468       4.218510413236e-11 
 2469       4.219250205007e-11 
 2470       4.219869578776e-11 
 2471       4.220367559271e-11 
 2472       4.220743168762e-11 
 2473       4.220995427059e-11 
 2474       4.221123351514e-11 
 2475       4.221125957015e-11 
 2476       4.221002255985e-11 
 2477       4.220751258379e-11 
 2478       4.220371971683e-11 
 2479       4.219863400912e-11 
 2480       4.219224548605e-11 
 2481       4.218454414825e-11 
 2482       4.217551997157e-11 
 2483       4.216516290706e-11 
 2484       4.215346288092e-11 
 2485       4.214040979450e-11 
 2486       4.212599352429e-11 
 2487       4.211020392186e-11 
 2488       4.209303081388e-11 
 2489       4.207446400205e-11 
 2490       4.205449326312e-11 
 2491       4.203310834885e-11 
 2492       4.201029898599e-11 
 2493       4.198605487625e-11 
 2494       4.196036984623e-11 
 2495       4.193325432384e-11 
 2496       4.190472293508e-11 
 2497       4.187479036081e-11 
 2498       4.184347133680e-11 
 2499       4.181078065381e-11 
 2500       4.177673315761e-11 
