# dimensionless total [l(l+1)/2pi] C_l's
# for l=2 to 2500, i.e. number of multipoles equal to 2499
#
# -> if you prefer output in CAMB/HealPix/LensPix units/order, set 'format' to 'camb' in input file
# -> if you don't want to see such a header, set 'headers' to 'no' in input file
#
# 1:l     2:TT                 
    2       1.436495331600e-10 
    3       1.296838459514e-10 
    4       1.206213229787e-10 
    5       1.154278699377e-10 
    6       1.126470226789e-10 
    7       1.112403820777e-10 
    8       1.106698687357e-10 
    9       1.106078363775e-10 
   10       1.109357480858e-10 
   11       1.115002571508e-10 
   12       1.122472948090e-10 
   13       1.132033110451e-10 
   14       1.143356996426e-10 
   15       1.155499883719e-10 
   16       1.168958001469e-10 
   17       1.183802047030e-10 
   18       1.199177354330e-10 
   19       1.215218843788e-10 
   20       1.231908299195e-10 
   21       1.249344514511e-10 
   22       1.267349026041e-10 
   23       1.285935052991e-10 
   24       1.304977770049e-10 
   25       1.324571445095e-10 
   26       1.344727534036e-10 
   27       1.365484333758e-10 
   28       1.386696509189e-10 
   29       1.408078511545e-10 
   30       1.429716108255e-10 
   31       1.451722035508e-10 
   32       1.474113885131e-10 
   33       1.496901379715e-10 
   34       1.520006976179e-10 
   35       1.543298337824e-10 
   36       1.566826000130e-10 
   37       1.590652363865e-10 
   38       1.614779823385e-10 
   39       1.639174050936e-10 
   40       1.663860400519e-10 
   41       1.688848675246e-10 
   42       1.714101066357e-10 
   43       1.739558983318e-10 
   44       1.765244721169e-10 
   45       1.791183538489e-10 
   46       1.817372225161e-10 
   47       1.843776384440e-10 
   48       1.870353037575e-10 
   49       1.897132314434e-10 
   50       1.924154120744e-10 
   51       1.951443435164e-10 
   52       1.979008883314e-10 
   53       2.006850311701e-10 
   54       2.034987078392e-10 
   55       2.063434551820e-10 
   56       2.092194722640e-10 
   57       2.121255155108e-10 
   58       2.150587938466e-10 
   59       2.180162951365e-10 
   60       2.209993633880e-10 
   61       2.240100010729e-10 
   62       2.270494760914e-10 
   63       2.301182654298e-10 
   64       2.332159988168e-10 
   65       2.363420926021e-10 
   66       2.394979339780e-10 
   67       2.426850599864e-10 
   68       2.459044717714e-10 
   69       2.491565975436e-10 
   70       2.524412555434e-10 
   71       2.557576170055e-10 
   72       2.591047539971e-10 
   73       2.624834869780e-10 
   74       2.658948266009e-10 
   75       2.693393969792e-10 
   76       2.728174120042e-10 
   77       2.763286516626e-10 
   78       2.798724383531e-10 
   79       2.834476132044e-10 
   80       2.870530558128e-10 
   81       2.906893995066e-10 
   82       2.943575721264e-10 
   83       2.980582656528e-10 
   84       3.017919225862e-10 
   85       3.055587223284e-10 
   86       3.093585675621e-10 
   87       3.131910706323e-10 
   88       3.170555399267e-10 
   89       3.209512668482e-10 
   90       3.248784680126e-10 
   91       3.288374664466e-10 
   92       3.328283951632e-10 
   93       3.368511880461e-10 
   94       3.409055707334e-10 
   95       3.449910515012e-10 
   96       3.491069121475e-10 
   97       3.532521988764e-10 
   98       3.574257131813e-10 
   99       3.616263013419e-10 
  100       3.658537894066e-10 
  101       3.701081643235e-10 
  102       3.743892817145e-10 
  103       3.786968603794e-10 
  104       3.830304767987e-10 
  105       3.873895596373e-10 
  106       3.917733842480e-10 
  107       3.961810671743e-10 
  108       4.006115606545e-10 
  109       4.050636471244e-10 
  110       4.095361415285e-10 
  111       4.140285394720e-10 
  112       4.185404421170e-10 
  113       4.230713523762e-10 
  114       4.276206714578e-10 
  115       4.321876954117e-10 
  116       4.367716116750e-10 
  117       4.413714956178e-10 
  118       4.459863070889e-10 
  119       4.506148869614e-10 
  120       4.552559536786e-10 
  121       4.599080997993e-10 
  122       4.645697885441e-10 
  123       4.692395334912e-10 
  124       4.739164683981e-10 
  125       4.785998366372e-10 
  126       4.832888119160e-10 
  127       4.879824962637e-10 
  128       4.926799180181e-10 
  129       4.973800298119e-10 
  130       5.020817065600e-10 
  131       5.067837434456e-10 
  132       5.114848539073e-10 
  133       5.161836676258e-10 
  134       5.208787285101e-10 
  135       5.255684926850e-10 
  136       5.302513264770e-10 
  137       5.349256456883e-10 
  138       5.395903539445e-10 
  139       5.442444461003e-10 
  140       5.488868699168e-10 
  141       5.535165249446e-10 
  142       5.581322614079e-10 
  143       5.627328790874e-10 
  144       5.673171262042e-10 
  145       5.718836983027e-10 
  146       5.764312371348e-10 
  147       5.809583295428e-10 
  148       5.854635063433e-10 
  149       5.899452412102e-10 
  150       5.944019495586e-10 
  151       5.988319874281e-10 
  152       6.032336503662e-10 
  153       6.076052971843e-10 
  154       6.119457365160e-10 
  155       6.162538742232e-10 
  156       6.205285912751e-10 
  157       6.247687432687e-10 
  158       6.289731599473e-10 
  159       6.331406447208e-10 
  160       6.372699741843e-10 
  161       6.413598976383e-10 
  162       6.454091366075e-10 
  163       6.494163843609e-10 
  164       6.533803054306e-10 
  165       6.572995351316e-10 
  166       6.611726790812e-10 
  167       6.649983127185e-10 
  168       6.687749808235e-10 
  169       6.725011970371e-10 
  170       6.761754433800e-10 
  171       6.797962685742e-10 
  172       6.833625932118e-10 
  173       6.868734292287e-10 
  174       6.903277833172e-10 
  175       6.937246568477e-10 
  176       6.970630457919e-10 
  177       7.003419406450e-10 
  178       7.035603263484e-10 
  179       7.067171822121e-10 
  180       7.098114818375e-10 
  181       7.128421930397e-10 
  182       7.158082777703e-10 
  183       7.187086920395e-10 
  184       7.215423858393e-10 
  185       7.243083030654e-10 
  186       7.270053814403e-10 
  187       7.296325524355e-10 
  188       7.321887411940e-10 
  189       7.346728664533e-10 
  190       7.370838404674e-10 
  191       7.394206430430e-10 
  192       7.416825500102e-10 
  193       7.438689217790e-10 
  194       7.459791309316e-10 
  195       7.480125623866e-10 
  196       7.499686135647e-10 
  197       7.518466945538e-10 
  198       7.536462282736e-10 
  199       7.553666506411e-10 
  200       7.570074107353e-10 
  201       7.585679709627e-10 
  202       7.600478072221e-10 
  203       7.614464090695e-10 
  204       7.627632798836e-10 
  205       7.639979370305e-10 
  206       7.651499120290e-10 
  207       7.662187507155e-10 
  208       7.672040134091e-10 
  209       7.681052750769e-10 
  210       7.689221254985e-10 
  211       7.696541694319e-10 
  212       7.703010267777e-10 
  213       7.708623694224e-10 
  214       7.713380341912e-10 
  215       7.717279178452e-10 
  216       7.720319413491e-10 
  217       7.722500501334e-10 
  218       7.723822143554e-10 
  219       7.724284291612e-10 
  220       7.723887149474e-10 
  221       7.722631176222e-10 
  222       7.720517088677e-10 
  223       7.717545864010e-10 
  224       7.713718742362e-10 
  225       7.709037229458e-10 
  226       7.703503099223e-10 
  227       7.697118396399e-10 
  228       7.689885439164e-10 
  229       7.681806821741e-10 
  230       7.672885417023e-10 
  231       7.663124379184e-10 
  232       7.652527146294e-10 
  233       7.641097442940e-10 
  234       7.628839282840e-10 
  235       7.615756971457e-10 
  236       7.601855108619e-10 
  237       7.587138591133e-10 
  238       7.571612534856e-10 
  239       7.555282030252e-10 
  240       7.538152377102e-10 
  241       7.520229166146e-10 
  242       7.501518281535e-10 
  243       7.482025903272e-10 
  244       7.461758509663e-10 
  245       7.440722879761e-10 
  246       7.418926095810e-10 
  247       7.396375545698e-10 
  248       7.373078925396e-10 
  249       7.349044241409e-10 
  250       7.324279813220e-10 
  251       7.298794275738e-10 
  252       7.272596581743e-10 
  253       7.245696004334e-10 
  254       7.218102139372e-10 
  255       7.189824907930e-10 
  256       7.160874558738e-10 
  257       7.131261670628e-10 
  258       7.100997154983e-10 
  259       7.070092258181e-10 
  260       7.038558564041e-10 
  261       7.006407996273e-10 
  262       6.973652820920e-10 
  263       6.940305648805e-10 
  264       6.906379437982e-10 
  265       6.871887496176e-10 
  266       6.836842852965e-10 
  267       6.801256333517e-10 
  268       6.765138385010e-10 
  269       6.728499698859e-10 
  270       6.691351212094e-10 
  271       6.653704108747e-10 
  272       6.615569821228e-10 
  273       6.576960031708e-10 
  274       6.537886673503e-10 
  275       6.498361932452e-10 
  276       6.458398248299e-10 
  277       6.418008316076e-10 
  278       6.377205087484e-10 
  279       6.336001772273e-10 
  280       6.294411839626e-10 
  281       6.252449019537e-10 
  282       6.210127304195e-10 
  283       6.167460949365e-10 
  284       6.124464475768e-10 
  285       6.081152670465e-10 
  286       6.037540588235e-10 
  287       5.993643552960e-10 
  288       5.949477159005e-10 
  289       5.905057272596e-10 
  290       5.860400033209e-10 
  291       5.815521854944e-10 
  292       5.770439427910e-10 
  293       5.725169719607e-10 
  294       5.679729976304e-10 
  295       5.634137724424e-10 
  296       5.588410771925e-10 
  297       5.542566112751e-10 
  298       5.496616578340e-10 
  299       5.450574025702e-10 
  300       5.404450419546e-10 
  301       5.358257832168e-10 
  302       5.312008443353e-10 
  303       5.265714540260e-10 
  304       5.219388517324e-10 
  305       5.173042876147e-10 
  306       5.126690225392e-10 
  307       5.080343280676e-10 
  308       5.034014864468e-10 
  309       4.987717905979e-10 
  310       4.941465441058e-10 
  311       4.895270612087e-10 
  312       4.849146667874e-10 
  313       4.803106963547e-10 
  314       4.757164960448e-10 
  315       4.711334226029e-10 
  316       4.665628433744e-10 
  317       4.620061362944e-10 
  318       4.574646898773e-10 
  319       4.529399032057e-10 
  320       4.484331859204e-10 
  321       4.439459582095e-10 
  322       4.394796507978e-10 
  323       4.350357049365e-10 
  324       4.306155723922e-10 
  325       4.262207154366e-10 
  326       4.218526068359e-10 
  327       4.175127298401e-10 
  328       4.132025781725e-10 
  329       4.089236560191e-10 
  330       4.046774780179e-10 
  331       4.004655692486e-10 
  332       3.962893454684e-10 
  333       3.921497480699e-10 
  334       3.880475931727e-10 
  335       3.839836898001e-10 
  336       3.799588397379e-10 
  337       3.759738373947e-10 
  338       3.720294696603e-10 
  339       3.681265157663e-10 
  340       3.642657471444e-10 
  341       3.604479272868e-10 
  342       3.566738116049e-10 
  343       3.529441472891e-10 
  344       3.492596731682e-10 
  345       3.456211195689e-10 
  346       3.420292081748e-10 
  347       3.384846518865e-10 
  348       3.349881546805e-10 
  349       3.315404114689e-10 
  350       3.281421079587e-10 
  351       3.247939205114e-10 
  352       3.214965160023e-10 
  353       3.182505516797e-10 
  354       3.150566750250e-10 
  355       3.119155236115e-10 
  356       3.088277249639e-10 
  357       3.057938964182e-10 
  358       3.028146449807e-10 
  359       2.998905671874e-10 
  360       2.970222489638e-10 
  361       2.942102654840e-10 
  362       2.914551810303e-10 
  363       2.887575488525e-10 
  364       2.861179110276e-10 
  365       2.835367983189e-10 
  366       2.810147300355e-10 
  367       2.785522138920e-10 
  368       2.761497458677e-10 
  369       2.738078100660e-10 
  370       2.715268785739e-10 
  371       2.693073559403e-10 
  372       2.671494105026e-10 
  373       2.650531361893e-10 
  374       2.630186071172e-10 
  375       2.610458774035e-10 
  376       2.591349809762e-10 
  377       2.572859313862e-10 
  378       2.554987216179e-10 
  379       2.537733239011e-10 
  380       2.521096895218e-10 
  381       2.505077486335e-10 
  382       2.489674100689e-10 
  383       2.474885611507e-10 
  384       2.460710675032e-10 
  385       2.447147728634e-10 
  386       2.434194988924e-10 
  387       2.421850449865e-10 
  388       2.410111880887e-10 
  389       2.398976824998e-10 
  390       2.388442596899e-10 
  391       2.378506281094e-10 
  392       2.369164730005e-10 
  393       2.360414562083e-10 
  394       2.352252159922e-10 
  395       2.344673668372e-10 
  396       2.337674992652e-10 
  397       2.331251796460e-10 
  398       2.325399500091e-10 
  399       2.320113278542e-10 
  400       2.315388059635e-10 
  401       2.311218522120e-10 
  402       2.307599093795e-10 
  403       2.304523949614e-10 
  404       2.301987009801e-10 
  405       2.299981937967e-10 
  406       2.298502139215e-10 
  407       2.297540758260e-10 
  408       2.297090677538e-10 
  409       2.297144515318e-10 
  410       2.297694623820e-10 
  411       2.298733630725e-10 
  412       2.300256088658e-10 
  413       2.302256880282e-10 
  414       2.304730678662e-10 
  415       2.307671945761e-10 
  416       2.311074930938e-10 
  417       2.314933669448e-10 
  418       2.319241980936e-10 
  419       2.323993467941e-10 
  420       2.329181514388e-10 
  421       2.334799284088e-10 
  422       2.340839719237e-10 
  423       2.347295538913e-10 
  424       2.354159237572e-10 
  425       2.361423083550e-10 
  426       2.369079117557e-10 
  427       2.377119151178e-10 
  428       2.385534765368e-10 
  429       2.394317308951e-10 
  430       2.403457897119e-10 
  431       2.412947409929e-10 
  432       2.422776490800e-10 
  433       2.432935545013e-10 
  434       2.443414738207e-10 
  435       2.454203994878e-10 
  436       2.465292996875e-10 
  437       2.476671181901e-10 
  438       2.488327742008e-10 
  439       2.500251622097e-10 
  440       2.512431518415e-10 
  441       2.524855877051e-10 
  442       2.537512892438e-10 
  443       2.550390505848e-10 
  444       2.563476403890e-10 
  445       2.576758017009e-10 
  446       2.590222517982e-10 
  447       2.603856820419e-10 
  448       2.617647577257e-10 
  449       2.631581179262e-10 
  450       2.645643753524e-10 
  451       2.659822532679e-10 
  452       2.674110014212e-10 
  453       2.688499932240e-10 
  454       2.702985898215e-10 
  455       2.717561400226e-10 
  456       2.732219802302e-10 
  457       2.746954343721e-10 
  458       2.761758138311e-10 
  459       2.776624173757e-10 
  460       2.791545310905e-10 
  461       2.806514283068e-10 
  462       2.821523695326e-10 
  463       2.836566023838e-10 
  464       2.851633615143e-10 
  465       2.866718685463e-10 
  466       2.881813320011e-10 
  467       2.896909472294e-10 
  468       2.911998963419e-10 
  469       2.927073481396e-10 
  470       2.942124580446e-10 
  471       2.957143680301e-10 
  472       2.972122065514e-10 
  473       2.987050884758e-10 
  474       3.001921150137e-10 
  475       3.016723736486e-10 
  476       3.031449380679e-10 
  477       3.046088680930e-10 
  478       3.060632096103e-10 
  479       3.075069945012e-10 
  480       3.089392405728e-10 
  481       3.103589514883e-10 
  482       3.117651166977e-10 
  483       3.131567113678e-10 
  484       3.145326963133e-10 
  485       3.158920179267e-10 
  486       3.172336081092e-10 
  487       3.185563842009e-10 
  488       3.198592489115e-10 
  489       3.211410902505e-10 
  490       3.224007814581e-10 
  491       3.236373293524e-10 
  492       3.248503243486e-10 
  493       3.260395036345e-10 
  494       3.272046039625e-10 
  495       3.283453616541e-10 
  496       3.294615126040e-10 
  497       3.305527922842e-10 
  498       3.316189357484e-10 
  499       3.326596776361e-10 
  500       3.336747521770e-10 
  501       3.346638931946e-10 
  502       3.356268341113e-10 
  503       3.365633079518e-10 
  504       3.374730473477e-10 
  505       3.383557845418e-10 
  506       3.392112513919e-10 
  507       3.400391793755e-10 
  508       3.408392995934e-10 
  509       3.416113427747e-10 
  510       3.423550392801e-10 
  511       3.430701191070e-10 
  512       3.437563118929e-10 
  513       3.444133469201e-10 
  514       3.450409531198e-10 
  515       3.456388590762e-10 
  516       3.462067930309e-10 
  517       3.467444828869e-10 
  518       3.472516562129e-10 
  519       3.477280402474e-10 
  520       3.481733619031e-10 
  521       3.485873477710e-10 
  522       3.489697241246e-10 
  523       3.493202169239e-10 
  524       3.496385518201e-10 
  525       3.499244541593e-10 
  526       3.501776489871e-10 
  527       3.503978610524e-10 
  528       3.505848148119e-10 
  529       3.507382344344e-10 
  530       3.508578438046e-10 
  531       3.509434519679e-10 
  532       3.509952120299e-10 
  533       3.510133693616e-10 
  534       3.509981768409e-10 
  535       3.509498948936e-10 
  536       3.508687915333e-10 
  537       3.507551424028e-10 
  538       3.506092308136e-10 
  539       3.504313477871e-10 
  540       3.502217920948e-10 
  541       3.499808702988e-10 
  542       3.497088967925e-10 
  543       3.494061938408e-10 
  544       3.490730916208e-10 
  545       3.487099282623e-10 
  546       3.483170498881e-10 
  547       3.478948106549e-10 
  548       3.474435727934e-10 
  549       3.469637066488e-10 
  550       3.464555907216e-10 
  551       3.459196117079e-10 
  552       3.453561645400e-10 
  553       3.447656524267e-10 
  554       3.441484868940e-10 
  555       3.435050878256e-10 
  556       3.428358835031e-10 
  557       3.421413106471e-10 
  558       3.414218144568e-10 
  559       3.406778486516e-10 
  560       3.399098755105e-10 
  561       3.391183659134e-10 
  562       3.383037993813e-10 
  563       3.374666641167e-10 
  564       3.366074570443e-10 
  565       3.357266838514e-10 
  566       3.348248590284e-10 
  567       3.339025059091e-10 
  568       3.329601567118e-10 
  569       3.319983525790e-10 
  570       3.310176436186e-10 
  571       3.300185795892e-10 
  572       3.290016816149e-10 
  573       3.279674698291e-10 
  574       3.269164727013e-10 
  575       3.258492270740e-10 
  576       3.247662781994e-10 
  577       3.236681797770e-10 
  578       3.225554939906e-10 
  579       3.214287915448e-10 
  580       3.202886517027e-10 
  581       3.191356623227e-10 
  582       3.179704198956e-10 
  583       3.167935295817e-10 
  584       3.156056052474e-10 
  585       3.144072695033e-10 
  586       3.131991537401e-10 
  587       3.119818981664e-10 
  588       3.107561518456e-10 
  589       3.095225727327e-10 
  590       3.082818277119e-10 
  591       3.070345926329e-10 
  592       3.057815523487e-10 
  593       3.045234007523e-10 
  594       3.032608408138e-10 
  595       3.019945846173e-10 
  596       3.007253533984e-10 
  597       2.994538775808e-10 
  598       2.981808968137e-10 
  599       2.969071600086e-10 
  600       2.956334253765e-10 
  601       2.943604604650e-10 
  602       2.930890421952e-10 
  603       2.918199568990e-10 
  604       2.905540003558e-10 
  605       2.892919778299e-10 
  606       2.880347041076e-10 
  607       2.867830035339e-10 
  608       2.855377100497e-10 
  609       2.842996672292e-10 
  610       2.830697283164e-10 
  611       2.818486759719e-10 
  612       2.806369793348e-10 
  613       2.794350312414e-10 
  614       2.782432280022e-10 
  615       2.770619694141e-10 
  616       2.758916587708e-10 
  617       2.747327028749e-10 
  618       2.735855120486e-10 
  619       2.724505001452e-10 
  620       2.713280845604e-10 
  621       2.702186862438e-10 
  622       2.691227297097e-10 
  623       2.680406430488e-10 
  624       2.669728579395e-10 
  625       2.659198096590e-10 
  626       2.648819370945e-10 
  627       2.638596827548e-10 
  628       2.628534927817e-10 
  629       2.618638169605e-10 
  630       2.608911087324e-10 
  631       2.599358252049e-10 
  632       2.589984271635e-10 
  633       2.580793790831e-10 
  634       2.571791491389e-10 
  635       2.562982092179e-10 
  636       2.554370349305e-10 
  637       2.545961056213e-10 
  638       2.537759043806e-10 
  639       2.529769180557e-10 
  640       2.521996372623e-10 
  641       2.514445563955e-10 
  642       2.507121736415e-10 
  643       2.500029909884e-10 
  644       2.493175142381e-10 
  645       2.486562530170e-10 
  646       2.480197207877e-10 
  647       2.474084348601e-10 
  648       2.468229164027e-10 
  649       2.462636904541e-10 
  650       2.457312859339e-10 
  651       2.452261458886e-10 
  652       2.447483559997e-10 
  653       2.442979100193e-10 
  654       2.438747989718e-10 
  655       2.434790111396e-10 
  656       2.431105320495e-10 
  657       2.427693444578e-10 
  658       2.424554283371e-10 
  659       2.421687608616e-10 
  660       2.419093163931e-10 
  661       2.416770664672e-10 
  662       2.414719797790e-10 
  663       2.412940221691e-10 
  664       2.411431566093e-10 
  665       2.410193431889e-10 
  666       2.409225391003e-10 
  667       2.408526986251e-10 
  668       2.408097731198e-10 
  669       2.407937110020e-10 
  670       2.408044577361e-10 
  671       2.408419558194e-10 
  672       2.409061447676e-10 
  673       2.409969611014e-10 
  674       2.411143383317e-10 
  675       2.412582069462e-10 
  676       2.414284943947e-10 
  677       2.416251250754e-10 
  678       2.418480203207e-10 
  679       2.420970983829e-10 
  680       2.423722744208e-10 
  681       2.426734604847e-10 
  682       2.430005655029e-10 
  683       2.433534952677e-10 
  684       2.437321524208e-10 
  685       2.441364364396e-10 
  686       2.445662436231e-10 
  687       2.450214670778e-10 
  688       2.455019967033e-10 
  689       2.460077191788e-10 
  690       2.465385179484e-10 
  691       2.470942311410e-10 
  692       2.476745243823e-10 
  693       2.482790152708e-10 
  694       2.489073151771e-10 
  695       2.495590292191e-10 
  696       2.502337562375e-10 
  697       2.509310887706e-10 
  698       2.516506130306e-10 
  699       2.523919088782e-10 
  700       2.531545497980e-10 
  701       2.539381028745e-10 
  702       2.547421287667e-10 
  703       2.555661816838e-10 
  704       2.564098093607e-10 
  705       2.572725530331e-10 
  706       2.581539474130e-10 
  707       2.590535206639e-10 
  708       2.599707943763e-10 
  709       2.609052835433e-10 
  710       2.618564965353e-10 
  711       2.628239350761e-10 
  712       2.638070942176e-10 
  713       2.648054623157e-10 
  714       2.658185210054e-10 
  715       2.668457451761e-10 
  716       2.678866029471e-10 
  717       2.689405556430e-10 
  718       2.700070577688e-10 
  719       2.710855569855e-10 
  720       2.721754940854e-10 
  721       2.732763029675e-10 
  722       2.743874106128e-10 
  723       2.755082370594e-10 
  724       2.766381953786e-10 
  725       2.777766916493e-10 
  726       2.789231249343e-10 
  727       2.800768872548e-10 
  728       2.812373635664e-10 
  729       2.824039317341e-10 
  730       2.835759625079e-10 
  731       2.847528476231e-10 
  732       2.859340847663e-10 
  733       2.871191942563e-10 
  734       2.883076910534e-10 
  735       2.894990847419e-10 
  736       2.906928795109e-10 
  737       2.918885741369e-10 
  738       2.930856619648e-10 
  739       2.942836308898e-10 
  740       2.954819633389e-10 
  741       2.966801362529e-10 
  742       2.978776210679e-10 
  743       2.990738836967e-10 
  744       3.002683845109e-10 
  745       3.014605783223e-10 
  746       3.026499143647e-10 
  747       3.038358362755e-10 
  748       3.050177820772e-10 
  749       3.061951841594e-10 
  750       3.073674692604e-10 
  751       3.085340584485e-10 
  752       3.096943671042e-10 
  753       3.108478049014e-10 
  754       3.119937757894e-10 
  755       3.131316779744e-10 
  756       3.142609039011e-10 
  757       3.153808402348e-10 
  758       3.164908678423e-10 
  759       3.175903617744e-10 
  760       3.186786912468e-10 
  761       3.197552196225e-10 
  762       3.208193043928e-10 
  763       3.218702971594e-10 
  764       3.229075436160e-10 
  765       3.239303835299e-10 
  766       3.249381507235e-10 
  767       3.259301730563e-10 
  768       3.269057724063e-10 
  769       3.278642646520e-10 
  770       3.288049596535e-10 
  771       3.297272349785e-10 
  772       3.306307586461e-10 
  773       3.315152705610e-10 
  774       3.323805091485e-10 
  775       3.332262113511e-10 
  776       3.340521126246e-10 
  777       3.348579469350e-10 
  778       3.356434467549e-10 
  779       3.364083430600e-10 
  780       3.371523653257e-10 
  781       3.378752415237e-10 
  782       3.385766981183e-10 
  783       3.392564600633e-10 
  784       3.399142507980e-10 
  785       3.405497922443e-10 
  786       3.411628048030e-10 
  787       3.417530073501e-10 
  788       3.423201172338e-10 
  789       3.428638502707e-10 
  790       3.433839207423e-10 
  791       3.438800413917e-10 
  792       3.443519234204e-10 
  793       3.447992764840e-10 
  794       3.452218086897e-10 
  795       3.456192265922e-10 
  796       3.459912351904e-10 
  797       3.463375379240e-10 
  798       3.466578366700e-10 
  799       3.469518317393e-10 
  800       3.472192218730e-10 
  801       3.474597042393e-10 
  802       3.476729744296e-10 
  803       3.478587264554e-10 
  804       3.480166527448e-10 
  805       3.481464441387e-10 
  806       3.482477898877e-10 
  807       3.483203776485e-10 
  808       3.483638934804e-10 
  809       3.483780218418e-10 
  810       3.483624455871e-10 
  811       3.483169173183e-10 
  812       3.482414748571e-10 
  813       3.481362296433e-10 
  814       3.480012957403e-10 
  815       3.478367898439e-10 
  816       3.476428312926e-10 
  817       3.474195420769e-10 
  818       3.471670468485e-10 
  819       3.468854729302e-10 
  820       3.465749503255e-10 
  821       3.462356117278e-10 
  822       3.458675925301e-10 
  823       3.454710308346e-10 
  824       3.450460674622e-10 
  825       3.445928459620e-10 
  826       3.441115126209e-10 
  827       3.436022164731e-10 
  828       3.430651093094e-10 
  829       3.425003456874e-10 
  830       3.419080829402e-10 
  831       3.412884811865e-10 
  832       3.406417033401e-10 
  833       3.399679151191e-10 
  834       3.392672850558e-10 
  835       3.385399845061e-10 
  836       3.377861876588e-10 
  837       3.370060715456e-10 
  838       3.361998160503e-10 
  839       3.353676039186e-10 
  840       3.345096207672e-10 
  841       3.336260550938e-10 
  842       3.327170982863e-10 
  843       3.317829446327e-10 
  844       3.308237913302e-10 
  845       3.298398384950e-10 
  846       3.288312891720e-10 
  847       3.277983493439e-10 
  848       3.267412279410e-10 
  849       3.256601368507e-10 
  850       3.245552909272e-10 
  851       3.234269348179e-10 
  852       3.222754239295e-10 
  853       3.211011448695e-10 
  854       3.199044887693e-10 
  855       3.186858512976e-10 
  856       3.174456326748e-10 
  857       3.161842376870e-10 
  858       3.149020756995e-10 
  859       3.135995606712e-10 
  860       3.122771111685e-10 
  861       3.109351503793e-10 
  862       3.095741061268e-10 
  863       3.081944108835e-10 
  864       3.067965017855e-10 
  865       3.053808206460e-10 
  866       3.039478139697e-10 
  867       3.024979329665e-10 
  868       3.010316335655e-10 
  869       2.995493764291e-10 
  870       2.980516269670e-10 
  871       2.965388553499e-10 
  872       2.950115365238e-10 
  873       2.934701502237e-10 
  874       2.919151809880e-10 
  875       2.903471181718e-10 
  876       2.887664559615e-10 
  877       2.871736933886e-10 
  878       2.855693343433e-10 
  879       2.839538875892e-10 
  880       2.823278667765e-10 
  881       2.806917904565e-10 
  882       2.790461820954e-10 
  883       2.773915700884e-10 
  884       2.757284877733e-10 
  885       2.740574734450e-10 
  886       2.723790703691e-10 
  887       2.706938267958e-10 
  888       2.690022959745e-10 
  889       2.673050361670e-10 
  890       2.656026106619e-10 
  891       2.638955595873e-10 
  892       2.621843148152e-10 
  893       2.604692836905e-10 
  894       2.587508771154e-10 
  895       2.570295095594e-10 
  896       2.553055990685e-10 
  897       2.535795672757e-10 
  898       2.518518394100e-10 
  899       2.501228443064e-10 
  900       2.483930144156e-10 
  901       2.466627858139e-10 
  902       2.449325982124e-10 
  903       2.432028949674e-10 
  904       2.414741230895e-10 
  905       2.397467332538e-10 
  906       2.380211798093e-10 
  907       2.362979207888e-10 
  908       2.345774179184e-10 
  909       2.328601366275e-10 
  910       2.311465460582e-10 
  911       2.294371190755e-10 
  912       2.277323322763e-10 
  913       2.260326659999e-10 
  914       2.243386043372e-10 
  915       2.226506351404e-10 
  916       2.209692500332e-10 
  917       2.192949444199e-10 
  918       2.176282174956e-10 
  919       2.159695722556e-10 
  920       2.143195155053e-10 
  921       2.126785578700e-10 
  922       2.110472138043e-10 
  923       2.094260016020e-10 
  924       2.078154434059e-10 
  925       2.062160652174e-10 
  926       2.046283969063e-10 
  927       2.030529722203e-10 
  928       2.014903287951e-10 
  929       1.999410081638e-10 
  930       1.984055557666e-10 
  931       1.968844605700e-10 
  932       1.953779728654e-10 
  933       1.938862836317e-10 
  934       1.924095846687e-10 
  935       1.909480685984e-10 
  936       1.895019288663e-10 
  937       1.880713597426e-10 
  938       1.866565563240e-10 
  939       1.852577145347e-10 
  940       1.838750311279e-10 
  941       1.825087036872e-10 
  942       1.811589306278e-10 
  943       1.798259111979e-10 
  944       1.785098454806e-10 
  945       1.772109343942e-10 
  946       1.759293796946e-10 
  947       1.746653839761e-10 
  948       1.734191506729e-10 
  949       1.721908840604e-10 
  950       1.709807892568e-10 
  951       1.697890722242e-10 
  952       1.686159397701e-10 
  953       1.674615995486e-10 
  954       1.663262600621e-10 
  955       1.652101306623e-10 
  956       1.641134215518e-10 
  957       1.630363437854e-10 
  958       1.619791092715e-10 
  959       1.609419307732e-10 
  960       1.599250219102e-10 
  961       1.589285971596e-10 
  962       1.579528718577e-10 
  963       1.569980622010e-10 
  964       1.560643852478e-10 
  965       1.551520589197e-10 
  966       1.542613020026e-10 
  967       1.533923341482e-10 
  968       1.525453758756e-10 
  969       1.517206485723e-10 
  970       1.509183744957e-10 
  971       1.501387227341e-10 
  972       1.493816461952e-10 
  973       1.486470421684e-10 
  974       1.479348061372e-10 
  975       1.472448317742e-10 
  976       1.465770109351e-10 
  977       1.459312336538e-10 
  978       1.453073881361e-10 
  979       1.447053607550e-10 
  980       1.441250360446e-10 
  981       1.435662966950e-10 
  982       1.430290235463e-10 
  983       1.425130955838e-10 
  984       1.420183899318e-10 
  985       1.415447818485e-10 
  986       1.410921447205e-10 
  987       1.406603500569e-10 
  988       1.402492674845e-10 
  989       1.398587647414e-10 
  990       1.394887076724e-10 
  991       1.391389602227e-10 
  992       1.388093844329e-10 
  993       1.384998404335e-10 
  994       1.382101864391e-10 
  995       1.379402787429e-10 
  996       1.376899717115e-10 
  997       1.374591177793e-10 
  998       1.372475674428e-10 
  999       1.370551692552e-10 
 1000       1.368817698210e-10 
 1001       1.367272137903e-10 
 1002       1.365913438535e-10 
 1003       1.364740007356e-10 
 1004       1.363750231909e-10 
 1005       1.362942479971e-10 
 1006       1.362315099506e-10 
 1007       1.361866418599e-10 
 1008       1.361594745410e-10 
 1009       1.361498368115e-10 
 1010       1.361575554851e-10 
 1011       1.361824373516e-10 
 1012       1.362242148425e-10 
 1013       1.362825995692e-10 
 1014       1.363573002591e-10 
 1015       1.364480227480e-10 
 1016       1.365544699720e-10 
 1017       1.366763419606e-10 
 1018       1.368133358284e-10 
 1019       1.369651457680e-10 
 1020       1.371314630420e-10 
 1021       1.373119759757e-10 
 1022       1.375063699492e-10 
 1023       1.377143273900e-10 
 1024       1.379355277653e-10 
 1025       1.381696475742e-10 
 1026       1.384163603405e-10 
 1027       1.386753366048e-10 
 1028       1.389462439166e-10 
 1029       1.392287468275e-10 
 1030       1.395225068827e-10 
 1031       1.398271826140e-10 
 1032       1.401424295317e-10 
 1033       1.404679001174e-10 
 1034       1.408032438162e-10 
 1035       1.411481070290e-10 
 1036       1.415021331051e-10 
 1037       1.418649623343e-10 
 1038       1.422362319395e-10 
 1039       1.426155760691e-10 
 1040       1.430026257892e-10 
 1041       1.433970090761e-10 
 1042       1.437983508085e-10 
 1043       1.442062727604e-10 
 1044       1.446203935928e-10 
 1045       1.450403288466e-10 
 1046       1.454656909345e-10 
 1047       1.458960891341e-10 
 1048       1.463311295795e-10 
 1049       1.467704152541e-10 
 1050       1.472135459829e-10 
 1051       1.476601410163e-10 
 1052       1.481099071397e-10 
 1053       1.485625714951e-10 
 1054       1.490178590713e-10 
 1055       1.494754926979e-10 
 1056       1.499351930406e-10 
 1057       1.503966785961e-10 
 1058       1.508596656864e-10 
 1059       1.513238684543e-10 
 1060       1.517889988577e-10 
 1061       1.522547666649e-10 
 1062       1.527208794491e-10 
 1063       1.531870425832e-10 
 1064       1.536529592348e-10 
 1065       1.541183303611e-10 
 1066       1.545828547037e-10 
 1067       1.550462287830e-10 
 1068       1.555081468937e-10 
 1069       1.559683010994e-10 
 1070       1.564263812270e-10 
 1071       1.568820748621e-10 
 1072       1.573350673438e-10 
 1073       1.577850417590e-10 
 1074       1.582316789378e-10 
 1075       1.586746574482e-10 
 1076       1.591136535907e-10 
 1077       1.595483413932e-10 
 1078       1.599783926063e-10 
 1079       1.604034766974e-10 
 1080       1.608232608460e-10 
 1081       1.612374099385e-10 
 1082       1.616455865629e-10 
 1083       1.620474510037e-10 
 1084       1.624426612366e-10 
 1085       1.628308729238e-10 
 1086       1.632117394080e-10 
 1087       1.635849117082e-10 
 1088       1.639500385138e-10 
 1089       1.643067661796e-10 
 1090       1.646547387211e-10 
 1091       1.649936416749e-10 
 1092       1.653233343362e-10 
 1093       1.656437192825e-10 
 1094       1.659546986672e-10 
 1095       1.662561742186e-10 
 1096       1.665480472393e-10 
 1097       1.668302186056e-10 
 1098       1.671025887664e-10 
 1099       1.673650577428e-10 
 1100       1.676175251272e-10 
 1101       1.678598900825e-10 
 1102       1.680920513415e-10 
 1103       1.683139072060e-10 
 1104       1.685253555462e-10 
 1105       1.687262937997e-10 
 1106       1.689166189710e-10 
 1107       1.690962276308e-10 
 1108       1.692650159150e-10 
 1109       1.694228795241e-10 
 1110       1.695697137223e-10 
 1111       1.697054133371e-10 
 1112       1.698298727583e-10 
 1113       1.699429859370e-10 
 1114       1.700446463856e-10 
 1115       1.701347471761e-10 
 1116       1.702131809402e-10 
 1117       1.702798398681e-10 
 1118       1.703346157076e-10 
 1119       1.703773997640e-10 
 1120       1.704080828986e-10 
 1121       1.704265555285e-10 
 1122       1.704327076256e-10 
 1123       1.704264287157e-10 
 1124       1.704076078783e-10 
 1125       1.703761337453e-10 
 1126       1.703318945005e-10 
 1127       1.702747778786e-10 
 1128       1.702046711651e-10 
 1129       1.701214611947e-10 
 1130       1.700250343511e-10 
 1131       1.699153131676e-10 
 1132       1.697923666481e-10 
 1133       1.696563013701e-10 
 1134       1.695072250149e-10 
 1135       1.693452463709e-10 
 1136       1.691704753356e-10 
 1137       1.689830229187e-10 
 1138       1.687830012446e-10 
 1139       1.685705235554e-10 
 1140       1.683457042131e-10 
 1141       1.681086587026e-10 
 1142       1.678595036342e-10 
 1143       1.675983567466e-10 
 1144       1.673253369091e-10 
 1145       1.670405641249e-10 
 1146       1.667441595331e-10 
 1147       1.664362454118e-10 
 1148       1.661169451809e-10 
 1149       1.657863834043e-10 
 1150       1.654446857930e-10 
 1151       1.650919792076e-10 
 1152       1.647283916612e-10 
 1153       1.643540523216e-10 
 1154       1.639690915145e-10 
 1155       1.635736407259e-10 
 1156       1.631678326049e-10 
 1157       1.627518009664e-10 
 1158       1.623256807936e-10 
 1159       1.618896082407e-10 
 1160       1.614437206360e-10 
 1161       1.609881564841e-10 
 1162       1.605230554686e-10 
 1163       1.600485584552e-10 
 1164       1.595648074939e-10 
 1165       1.590719458220e-10 
 1166       1.585701178667e-10 
 1167       1.580594692477e-10 
 1168       1.575401467799e-10 
 1169       1.570122984763e-10 
 1170       1.564760735504e-10 
 1171       1.559316320351e-10 
 1172       1.553791737652e-10 
 1173       1.548189097622e-10 
 1174       1.542510526541e-10 
 1175       1.536758166792e-10 
 1176       1.530934176894e-10 
 1177       1.525040731542e-10 
 1178       1.519080021634e-10 
 1179       1.513054254315e-10 
 1180       1.506965653006e-10 
 1181       1.500816457442e-10 
 1182       1.494608923707e-10 
 1183       1.488345324268e-10 
 1184       1.482027948014e-10 
 1185       1.475659100284e-10 
 1186       1.469241102910e-10 
 1187       1.462776294248e-10 
 1188       1.456267029213e-10 
 1189       1.449715679317e-10 
 1190       1.443124632701e-10 
 1191       1.436496294174e-10 
 1192       1.429833085243e-10 
 1193       1.423137444153e-10 
 1194       1.416411825922e-10 
 1195       1.409658702370e-10 
 1196       1.402880562164e-10 
 1197       1.396079910846e-10 
 1198       1.389259270870e-10 
 1199       1.382421181637e-10 
 1200       1.375568199534e-10 
 1201       1.368702897963e-10 
 1202       1.361827867381e-10 
 1203       1.354945715332e-10 
 1204       1.348059066485e-10 
 1205       1.341170562667e-10 
 1206       1.334282862902e-10 
 1207       1.327398643440e-10 
 1208       1.320520597797e-10 
 1209       1.313651436790e-10 
 1210       1.306793888569e-10 
 1211       1.299950517754e-10 
 1212       1.293123180371e-10 
 1213       1.286313562404e-10 
 1214       1.279523360122e-10 
 1215       1.272754280099e-10 
 1216       1.266008039238e-10 
 1217       1.259286364785e-10 
 1218       1.252590994353e-10 
 1219       1.245923675944e-10 
 1220       1.239286167967e-10 
 1221       1.232680239259e-10 
 1222       1.226107669104e-10 
 1223       1.219570247258e-10 
 1224       1.213069773964e-10 
 1225       1.206608059977e-10 
 1226       1.200186926579e-10 
 1227       1.193808205606e-10 
 1228       1.187473739464e-10 
 1229       1.181185381150e-10 
 1230       1.174944994274e-10 
 1231       1.168754453078e-10 
 1232       1.162615642458e-10 
 1233       1.156530457982e-10 
 1234       1.150500805912e-10 
 1235       1.144528603224e-10 
 1236       1.138615777631e-10 
 1237       1.132764267599e-10 
 1238       1.126976022369e-10 
 1239       1.121253001980e-10 
 1240       1.115597177287e-10 
 1241       1.110010529981e-10 
 1242       1.104495052611e-10 
 1243       1.099052748603e-10 
 1244       1.093685632283e-10 
 1245       1.088395728894e-10 
 1246       1.083185074620e-10 
 1247       1.078055716601e-10 
 1248       1.073009712961e-10 
 1249       1.068049132822e-10 
 1250       1.063176056329e-10 
 1251       1.058392270317e-10 
 1252       1.053698351407e-10 
 1253       1.049094572235e-10 
 1254       1.044581204832e-10 
 1255       1.040158520619e-10 
 1256       1.035826790401e-10 
 1257       1.031586284370e-10 
 1258       1.027437272096e-10 
 1259       1.023380022529e-10 
 1260       1.019414803994e-10 
 1261       1.015541884187e-10 
 1262       1.011761530174e-10 
 1263       1.008074008389e-10 
 1264       1.004479584627e-10 
 1265       1.000978524045e-10 
 1266       9.975710911593e-11 
 1267       9.942575498387e-11 
 1268       9.910381633056e-11 
 1269       9.879131941315e-11 
 1270       9.848829042339e-11 
 1271       9.819475548742e-11 
 1272       9.791074066541e-11 
 1273       9.763627195133e-11 
 1274       9.737137527262e-11 
 1275       9.711607648992e-11 
 1276       9.687040139680e-11 
 1277       9.663437571941e-11 
 1278       9.640802511629e-11 
 1279       9.619137517799e-11 
 1280       9.598445142683e-11 
 1281       9.578727931661e-11 
 1282       9.559988423230e-11 
 1283       9.542229148979e-11 
 1284       9.525452633555e-11 
 1285       9.509661394639e-11 
 1286       9.494857942915e-11 
 1287       9.481044782043e-11 
 1288       9.468224408626e-11 
 1289       9.456399312185e-11 
 1290       9.445571975132e-11 
 1291       9.435742619543e-11 
 1292       9.426902419636e-11 
 1293       9.419040212373e-11 
 1294       9.412144743488e-11 
 1295       9.406204667294e-11 
 1296       9.401208546496e-11 
 1297       9.397144851995e-11 
 1298       9.394001962702e-11 
 1299       9.391768165346e-11 
 1300       9.390431654280e-11 
 1301       9.389980531293e-11 
 1302       9.390402805419e-11 
 1303       9.391686392747e-11 
 1304       9.393819116226e-11 
 1305       9.396788705478e-11 
 1306       9.400582796608e-11 
 1307       9.405188932007e-11 
 1308       9.410594560169e-11 
 1309       9.416787035495e-11 
 1310       9.423753618104e-11 
 1311       9.431481473640e-11 
 1312       9.439957673084e-11 
 1313       9.449169192563e-11 
 1314       9.459102913155e-11 
 1315       9.469745620705e-11 
 1316       9.481084005627e-11 
 1317       9.493104662718e-11 
 1318       9.505794090965e-11 
 1319       9.519138693355e-11 
 1320       9.533124776683e-11 
 1321       9.547738551363e-11 
 1322       9.562966131235e-11 
 1323       9.578793533376e-11 
 1324       9.595206677907e-11 
 1325       9.612191387805e-11 
 1326       9.629733388709e-11 
 1327       9.647818308732e-11 
 1328       9.666431678268e-11 
 1329       9.685558929801e-11 
 1330       9.705185397717e-11 
 1331       9.725296068213e-11 
 1332       9.745874826411e-11 
 1333       9.766905200597e-11 
 1334       9.788370611155e-11 
 1335       9.810254370364e-11 
 1336       9.832539682188e-11 
 1337       9.855209642066e-11 
 1338       9.878247236710e-11 
 1339       9.901635343892e-11 
 1340       9.925356732238e-11 
 1341       9.949394061020e-11 
 1342       9.973729879950e-11 
 1343       9.998346628970e-11 
 1344       1.002322663804e-10 
 1345       1.004835212695e-10 
 1346       1.007370520507e-10 
 1347       1.009926787121e-10 
 1348       1.012502201332e-10 
 1349       1.015094940839e-10 
 1350       1.017703172213e-10 
 1351       1.020325050887e-10 
 1352       1.022958721127e-10 
 1353       1.025602316014e-10 
 1354       1.028253957426e-10 
 1355       1.030911756011e-10 
 1356       1.033573811175e-10 
 1357       1.036238211051e-10 
 1358       1.038903032486e-10 
 1359       1.041566341019e-10 
 1360       1.044226190855e-10 
 1361       1.046880624851e-10 
 1362       1.049527674491e-10 
 1363       1.052165359867e-10 
 1364       1.054791689659e-10 
 1365       1.057404661109e-10 
 1366       1.060002260008e-10 
 1367       1.062582460671e-10 
 1368       1.065143225914e-10 
 1369       1.067682507038e-10 
 1370       1.070198243805e-10 
 1371       1.072688525277e-10 
 1372       1.075152074237e-10 
 1373       1.077587767895e-10 
 1374       1.079994477485e-10 
 1375       1.082371068254e-10 
 1376       1.084716399455e-10 
 1377       1.087029324333e-10 
 1378       1.089308690118e-10 
 1379       1.091553338009e-10 
 1380       1.093762103171e-10 
 1381       1.095933814717e-10 
 1382       1.098067295703e-10 
 1383       1.100161363114e-10 
 1384       1.102214827856e-10 
 1385       1.104226494744e-10 
 1386       1.106195162491e-10 
 1387       1.108119623700e-10 
 1388       1.109998664850e-10 
 1389       1.111831066289e-10 
 1390       1.113615602220e-10 
 1391       1.115351040693e-10 
 1392       1.117036143594e-10 
 1393       1.118669666634e-10 
 1394       1.120250359338e-10 
 1395       1.121776965038e-10 
 1396       1.123248220855e-10 
 1397       1.124662857697e-10 
 1398       1.126019600242e-10 
 1399       1.127317166933e-10 
 1400       1.128554269963e-10 
 1401       1.129729615264e-10 
 1402       1.130841902502e-10 
 1403       1.131889825062e-10 
 1404       1.132872070037e-10 
 1405       1.133787318221e-10 
 1406       1.134634244095e-10 
 1407       1.135411515819e-10 
 1408       1.136117795220e-10 
 1409       1.136751737781e-10 
 1410       1.137311992634e-10 
 1411       1.137797428145e-10 
 1412       1.138207811271e-10 
 1413       1.138543135225e-10 
 1414       1.138803394518e-10 
 1415       1.138988584962e-10 
 1416       1.139098703674e-10 
 1417       1.139133749077e-10 
 1418       1.139093720905e-10 
 1419       1.138978620206e-10 
 1420       1.138788449342e-10 
 1421       1.138523211997e-10 
 1422       1.138182913176e-10 
 1423       1.137767559210e-10 
 1424       1.137277157760e-10 
 1425       1.136711717817e-10 
 1426       1.136071249706e-10 
 1427       1.135355765093e-10 
 1428       1.134565276983e-10 
 1429       1.133699799725e-10 
 1430       1.132759349015e-10 
 1431       1.131743941901e-10 
 1432       1.130653596781e-10 
 1433       1.129488333412e-10 
 1434       1.128248172910e-10 
 1435       1.126933137752e-10 
 1436       1.125543251782e-10 
 1437       1.124078540212e-10 
 1438       1.122539029626e-10 
 1439       1.120924747983e-10 
 1440       1.119235724619e-10 
 1441       1.117471990251e-10 
 1442       1.115633576981e-10 
 1443       1.113720518296e-10 
 1444       1.111732849075e-10 
 1445       1.109670605590e-10 
 1446       1.107533825509e-10 
 1447       1.105322547898e-10 
 1448       1.103036813227e-10 
 1449       1.100676663371e-10 
 1450       1.098242141614e-10 
 1451       1.095733442570e-10 
 1452       1.093151363603e-10 
 1453       1.090496857963e-10 
 1454       1.087770885295e-10 
 1455       1.084974411645e-10 
 1456       1.082108409475e-10 
 1457       1.079173857676e-10 
 1458       1.076171741575e-10 
 1459       1.073103052951e-10 
 1460       1.069968790044e-10 
 1461       1.066769957568e-10 
 1462       1.063507566722e-10 
 1463       1.060182635202e-10 
 1464       1.056796187211e-10 
 1465       1.053349253474e-10 
 1466       1.049842871245e-10 
 1467       1.046278084325e-10 
 1468       1.042655943065e-10 
 1469       1.038977504386e-10 
 1470       1.035243831785e-10 
 1471       1.031455995350e-10 
 1472       1.027615071769e-10 
 1473       1.023722144344e-10 
 1474       1.019778302999e-10 
 1475       1.015784644298e-10 
 1476       1.011742271450e-10 
 1477       1.007652294322e-10 
 1478       1.003515829455e-10 
 1479       9.993340000708e-11 
 1480       9.951079360852e-11 
 1481       9.908387741201e-11 
 1482       9.865276575146e-11 
 1483       9.821757363366e-11 
 1484       9.777841673948e-11 
 1485       9.733541142496e-11 
 1486       9.688867472255e-11 
 1487       9.643832434224e-11 
 1488       9.598447867267e-11 
 1489       9.552725678240e-11 
 1490       9.506677842095e-11 
 1491       9.460316424073e-11 
 1492       9.413653646250e-11 
 1493       9.366701821872e-11 
 1494       9.319473333461e-11 
 1495       9.271980632938e-11 
 1496       9.224236241734e-11 
 1497       9.176252750910e-11 
 1498       9.128042821278e-11 
 1499       9.079619183512e-11 
 1500       9.030994638267e-11 
 1501       8.982182056300e-11 
 1502       8.933194378584e-11 
 1503       8.884044616424e-11 
 1504       8.834745851578e-11 
 1505       8.785311236373e-11 
 1506       8.735753993820e-11 
 1507       8.686087417734e-11 
 1508       8.636324872851e-11 
 1509       8.586479794944e-11 
 1510       8.536565690941e-11 
 1511       8.486596139042e-11 
 1512       8.436584788837e-11 
 1513       8.386545361423e-11 
 1514       8.336491649520e-11 
 1515       8.286437517591e-11 
 1516       8.236396901958e-11 
 1517       8.186383810916e-11 
 1518       8.136412324856e-11 
 1519       8.086496596379e-11 
 1520       8.036650850414e-11 
 1521       7.986889384334e-11 
 1522       7.937226568077e-11 
 1523       7.887676844258e-11 
 1524       7.838254728290e-11 
 1525       7.788974808502e-11 
 1526       7.739851746251e-11 
 1527       7.690900276047e-11 
 1528       7.642135205663e-11 
 1529       7.593571416258e-11 
 1530       7.545223862490e-11 
 1531       7.497106330344e-11 
 1532       7.449227697390e-11 
 1533       7.401595637026e-11 
 1534       7.354217857585e-11 
 1535       7.307102102386e-11 
 1536       7.260256149785e-11 
 1537       7.213687813236e-11 
 1538       7.167404941338e-11 
 1539       7.121415417891e-11 
 1540       7.075727161951e-11 
 1541       7.030348127883e-11 
 1542       6.985286305414e-11 
 1543       6.940549719686e-11 
 1544       6.896146431313e-11 
 1545       6.852084536430e-11 
 1546       6.808372166753e-11 
 1547       6.765017489627e-11 
 1548       6.722028708080e-11 
 1549       6.679414060882e-11 
 1550       6.637181822594e-11 
 1551       6.595340303622e-11 
 1552       6.553897850273e-11 
 1553       6.512862844807e-11 
 1554       6.472243705492e-11 
 1555       6.432048886656e-11 
 1556       6.392286878741e-11 
 1557       6.352966208361e-11 
 1558       6.314095438347e-11 
 1559       6.275683167811e-11 
 1560       6.237738032191e-11 
 1561       6.200268703309e-11 
 1562       6.163283889426e-11 
 1563       6.126792335293e-11 
 1564       6.090802822203e-11 
 1565       6.055324168052e-11 
 1566       6.020365227384e-11 
 1567       5.985934891450e-11 
 1568       5.952042088262e-11 
 1569       5.918695782644e-11 
 1570       5.885904976286e-11 
 1571       5.853677127705e-11 
 1572       5.822013395914e-11 
 1573       5.790913352570e-11 
 1574       5.760376558028e-11 
 1575       5.730402561313e-11 
 1576       5.700990900104e-11 
 1577       5.672141100704e-11 
 1578       5.643852678024e-11 
 1579       5.616125135553e-11 
 1580       5.588957965340e-11 
 1581       5.562350647969e-11 
 1582       5.536302652535e-11 
 1583       5.510813436624e-11 
 1584       5.485882446287e-11 
 1585       5.461509116018e-11 
 1586       5.437692868732e-11 
 1587       5.414433115738e-11 
 1588       5.391729256722e-11 
 1589       5.369580679721e-11 
 1590       5.347986761097e-11 
 1591       5.326946865518e-11 
 1592       5.306460345936e-11 
 1593       5.286526543558e-11 
 1594       5.267144787829e-11 
 1595       5.248314396405e-11 
 1596       5.230034675134e-11 
 1597       5.212304918028e-11 
 1598       5.195124407243e-11 
 1599       5.178492413056e-11 
 1600       5.162408193842e-11 
 1601       5.146870996048e-11 
 1602       5.131880054174e-11 
 1603       5.117434590749e-11 
 1604       5.103533816305e-11 
 1605       5.090176929358e-11 
 1606       5.077363116381e-11 
 1607       5.065091551785e-11 
 1608       5.053361397894e-11 
 1609       5.042171804921e-11 
 1610       5.031521910945e-11 
 1611       5.021409864215e-11 
 1612       5.011829880383e-11 
 1613       5.002775158499e-11 
 1614       4.994238856197e-11 
 1615       4.986214089620e-11 
 1616       4.978693933361e-11 
 1617       4.971671420387e-11 
 1618       4.965139541973e-11 
 1619       4.959091247635e-11 
 1620       4.953519445062e-11 
 1621       4.948417000047e-11 
 1622       4.943776736416e-11 
 1623       4.939591435967e-11 
 1624       4.935853838393e-11 
 1625       4.932556641220e-11 
 1626       4.929692499736e-11 
 1627       4.927254026926e-11 
 1628       4.925233793397e-11 
 1629       4.923624327319e-11 
 1630       4.922418114347e-11 
 1631       4.921607597563e-11 
 1632       4.921185177397e-11 
 1633       4.921143211569e-11 
 1634       4.921474015012e-11 
 1635       4.922169859812e-11 
 1636       4.923222975132e-11 
 1637       4.924625547149e-11 
 1638       4.926369718984e-11 
 1639       4.928447590634e-11 
 1640       4.930851218903e-11 
 1641       4.933572617335e-11 
 1642       4.936603756146e-11 
 1643       4.939936562153e-11 
 1644       4.943562918711e-11 
 1645       4.947474665638e-11 
 1646       4.951663599153e-11 
 1647       4.956121471803e-11 
 1648       4.960839992400e-11 
 1649       4.965810825947e-11 
 1650       4.971025593574e-11 
 1651       4.976475940067e-11 
 1652       4.982153737264e-11 
 1653       4.988050882324e-11 
 1654       4.994159230230e-11 
 1655       5.000470593722e-11 
 1656       5.006976743231e-11 
 1657       5.013669406815e-11 
 1658       5.020540270093e-11 
 1659       5.027580976179e-11 
 1660       5.034783125619e-11 
 1661       5.042138276324e-11 
 1662       5.049637943505e-11 
 1663       5.057273599608e-11 
 1664       5.065036674248e-11 
 1665       5.072918554146e-11 
 1666       5.080910583061e-11 
 1667       5.089004061726e-11 
 1668       5.097190247783e-11 
 1669       5.105460355718e-11 
 1670       5.113805556794e-11 
 1671       5.122216978987e-11 
 1672       5.130685706922e-11 
 1673       5.139202781806e-11 
 1674       5.147759201363e-11 
 1675       5.156345919768e-11 
 1676       5.164953847583e-11 
 1677       5.173573851694e-11 
 1678       5.182196755240e-11 
 1679       5.190813337553e-11 
 1680       5.199414334089e-11 
 1681       5.207990436367e-11 
 1682       5.216532291898e-11 
 1683       5.225030504126e-11 
 1684       5.233475632358e-11 
 1685       5.241858191700e-11 
 1686       5.250168652995e-11 
 1687       5.258397442753e-11 
 1688       5.266534943086e-11 
 1689       5.274571491648e-11 
 1690       5.282497381565e-11 
 1691       5.290303739073e-11 
 1692       5.297985164873e-11 
 1693       5.305537115497e-11 
 1694       5.312955027661e-11 
 1695       5.320234318224e-11 
 1696       5.327370384172e-11 
 1697       5.334358602578e-11 
 1698       5.341194330584e-11 
 1699       5.347872905366e-11 
 1700       5.354389644105e-11 
 1701       5.360739843965e-11 
 1702       5.366918782058e-11 
 1703       5.372921715417e-11 
 1704       5.378743880971e-11 
 1705       5.384380495514e-11 
 1706       5.389826755674e-11 
 1707       5.395077837890e-11 
 1708       5.400128898380e-11 
 1709       5.404975073113e-11 
 1710       5.409611477781e-11 
 1711       5.414033207771e-11 
 1712       5.418235338137e-11 
 1713       5.422212923568e-11 
 1714       5.425960998364e-11 
 1715       5.429474576405e-11 
 1716       5.432748651125e-11 
 1717       5.435778195481e-11 
 1718       5.438558161924e-11 
 1719       5.441083482374e-11 
 1720       5.443349068189e-11 
 1721       5.445349810136e-11 
 1722       5.447080578366e-11 
 1723       5.448536222382e-11 
 1724       5.449711571011e-11 
 1725       5.450601432379e-11 
 1726       5.451200593876e-11 
 1727       5.451503822136e-11 
 1728       5.451505863002e-11 
 1729       5.451201441498e-11 
 1730       5.450585261806e-11 
 1731       5.449653049096e-11 
 1732       5.448404684732e-11 
 1733       5.446841097513e-11 
 1734       5.444963224228e-11 
 1735       5.442772009669e-11 
 1736       5.440268406643e-11 
 1737       5.437453375986e-11 
 1738       5.434327886579e-11 
 1739       5.430892915357e-11 
 1740       5.427149447323e-11 
 1741       5.423098475564e-11 
 1742       5.418741001263e-11 
 1743       5.414078033709e-11 
 1744       5.409110590317e-11 
 1745       5.403839696635e-11 
 1746       5.398266386359e-11 
 1747       5.392391701349e-11 
 1748       5.386216691639e-11 
 1749       5.379742415451e-11 
 1750       5.372969939209e-11 
 1751       5.365900337554e-11 
 1752       5.358534693351e-11 
 1753       5.350874097712e-11 
 1754       5.342919649998e-11 
 1755       5.334672457842e-11 
 1756       5.326133637157e-11 
 1757       5.317304312151e-11 
 1758       5.308185615339e-11 
 1759       5.298778687558e-11 
 1760       5.289084677978e-11 
 1761       5.279104744119e-11 
 1762       5.268840051859e-11 
 1763       5.258291775453e-11 
 1764       5.247461097541e-11 
 1765       5.236349209165e-11 
 1766       5.224957309781e-11 
 1767       5.213286607272e-11 
 1768       5.201338317961e-11 
 1769       5.189113666625e-11 
 1770       5.176613886509e-11 
 1771       5.163840801001e-11 
 1772       5.150798573898e-11 
 1773       5.137491973627e-11 
 1774       5.123925792934e-11 
 1775       5.110104848915e-11 
 1776       5.096033983053e-11 
 1777       5.081718061255e-11 
 1778       5.067161973887e-11 
 1779       5.052370635805e-11 
 1780       5.037348986399e-11 
 1781       5.022101989622e-11 
 1782       5.006634634025e-11 
 1783       4.990951932799e-11 
 1784       4.975058923804e-11 
 1785       4.958960669606e-11 
 1786       4.942662257515e-11 
 1787       4.926168799619e-11 
 1788       4.909485432817e-11 
 1789       4.892617318861e-11 
 1790       4.875569644384e-11 
 1791       4.858347620939e-11 
 1792       4.840956485037e-11 
 1793       4.823401498176e-11 
 1794       4.805687946885e-11 
 1795       4.787821142751e-11 
 1796       4.769806422461e-11 
 1797       4.751649147833e-11 
 1798       4.733354705855e-11 
 1799       4.714928508719e-11 
 1800       4.696375993854e-11 
 1801       4.677702623968e-11 
 1802       4.658913887075e-11 
 1803       4.640015296539e-11 
 1804       4.621012391104e-11 
 1805       4.601910734929e-11 
 1806       4.582715917629e-11 
 1807       4.563433554305e-11 
 1808       4.544069285581e-11 
 1809       4.524628777642e-11 
 1810       4.505117722266e-11 
 1811       4.485541719965e-11 
 1812       4.465905928303e-11 
 1813       4.446215410804e-11 
 1814       4.426475253628e-11 
 1815       4.406690565595e-11 
 1816       4.386866478223e-11 
 1817       4.367008145753e-11 
 1818       4.347120745186e-11 
 1819       4.327209476310e-11 
 1820       4.307279561732e-11 
 1821       4.287336246911e-11 
 1822       4.267384800189e-11 
 1823       4.247430512819e-11 
 1824       4.227478699000e-11 
 1825       4.207534695908e-11 
 1826       4.187603863725e-11 
 1827       4.167691585670e-11 
 1828       4.147803268033e-11 
 1829       4.127944340206e-11 
 1830       4.108120254711e-11 
 1831       4.088336487234e-11 
 1832       4.068598536655e-11 
 1833       4.048911925080e-11 
 1834       4.029282197873e-11 
 1835       4.009714923685e-11 
 1836       3.990215694487e-11 
 1837       3.970790125600e-11 
 1838       3.951443855727e-11 
 1839       3.932182546985e-11 
 1840       3.913011884936e-11 
 1841       3.893937578614e-11 
 1842       3.874965360564e-11 
 1843       3.856100986866e-11 
 1844       3.837350237172e-11 
 1845       3.818718914732e-11 
 1846       3.800212846430e-11 
 1847       3.781837882811e-11 
 1848       3.763599898115e-11 
 1849       3.745504790308e-11 
 1850       3.727558481112e-11 
 1851       3.709766298973e-11 
 1852       3.692131122562e-11 
 1853       3.674655222660e-11 
 1854       3.657340877895e-11 
 1855       3.640190374758e-11 
 1856       3.623206007606e-11 
 1857       3.606390078675e-11 
 1858       3.589744898090e-11 
 1859       3.573272783873e-11 
 1860       3.556976061956e-11 
 1861       3.540857066184e-11 
 1862       3.524918138332e-11 
 1863       3.509161628111e-11 
 1864       3.493589893176e-11 
 1865       3.478205299139e-11 
 1866       3.463010219579e-11 
 1867       3.448007036047e-11 
 1868       3.433198138081e-11 
 1869       3.418585923210e-11 
 1870       3.404172796971e-11 
 1871       3.389961172911e-11 
 1872       3.375953472602e-11 
 1873       3.362152125648e-11 
 1874       3.348559569695e-11 
 1875       3.335178250442e-11 
 1876       3.322010621649e-11 
 1877       3.309059145147e-11 
 1878       3.296326290849e-11 
 1879       3.283814536757e-11 
 1880       3.271526368974e-11 
 1881       3.259464281713e-11 
 1882       3.247630777305e-11 
 1883       3.236028366213e-11 
 1884       3.224659567035e-11 
 1885       3.213526906520e-11 
 1886       3.202632919574e-11 
 1887       3.191980149270e-11 
 1888       3.181571146859e-11 
 1889       3.171408471780e-11 
 1890       3.161494691666e-11 
 1891       3.151831719218e-11 
 1892       3.142418817183e-11 
 1893       3.133254577956e-11 
 1894       3.124337585301e-11 
 1895       3.115666414341e-11 
 1896       3.107239631547e-11 
 1897       3.099055794720e-11 
 1898       3.091113452984e-11 
 1899       3.083411146770e-11 
 1900       3.075947407805e-11 
 1901       3.068720759099e-11 
 1902       3.061729714931e-11 
 1903       3.054972780839e-11 
 1904       3.048448453607e-11 
 1905       3.042155221248e-11 
 1906       3.036091562998e-11 
 1907       3.030255949299e-11 
 1908       3.024646841788e-11 
 1909       3.019262693283e-11 
 1910       3.014101947772e-11 
 1911       3.009163040401e-11 
 1912       3.004444397458e-11 
 1913       2.999944436363e-11 
 1914       2.995661565657e-11 
 1915       2.991594184984e-11 
 1916       2.987740685086e-11 
 1917       2.984099447781e-11 
 1918       2.980668845960e-11 
 1919       2.977447243568e-11 
 1920       2.974432995592e-11 
 1921       2.971624448052e-11 
 1922       2.969019937985e-11 
 1923       2.966617793433e-11 
 1924       2.964416333432e-11 
 1925       2.962413867998e-11 
 1926       2.960608698113e-11 
 1927       2.958999115716e-11 
 1928       2.957583403687e-11 
 1929       2.956359835838e-11 
 1930       2.955326676895e-11 
 1931       2.954481868100e-11 
 1932       2.953822081413e-11 
 1933       2.953343658117e-11 
 1934       2.953042922530e-11 
 1935       2.952916181985e-11 
 1936       2.952959726809e-11 
 1937       2.953169830295e-11 
 1938       2.953542748687e-11 
 1939       2.954074721149e-11 
 1940       2.954761969750e-11 
 1941       2.955600699434e-11 
 1942       2.956587098002e-11 
 1943       2.957717336090e-11 
 1944       2.958987567142e-11 
 1945       2.960393927390e-11 
 1946       2.961932535832e-11 
 1947       2.963599494208e-11 
 1948       2.965390886975e-11 
 1949       2.967302781291e-11 
 1950       2.969331226985e-11 
 1951       2.971472256537e-11 
 1952       2.973721885058e-11 
 1953       2.976076110263e-11 
 1954       2.978530912450e-11 
 1955       2.981082254479e-11 
 1956       2.983726081747e-11 
 1957       2.986458322164e-11 
 1958       2.989274886136e-11 
 1959       2.992171666536e-11 
 1960       2.995144538683e-11 
 1961       2.998189360323e-11 
 1962       3.001301971600e-11 
 1963       3.004478195040e-11 
 1964       3.007713835522e-11 
 1965       3.011004680261e-11 
 1966       3.014346498780e-11 
 1967       3.017735042890e-11 
 1968       3.021166046669e-11 
 1969       3.024635226435e-11 
 1970       3.028138280727e-11 
 1971       3.031671043380e-11 
 1972       3.035229944043e-11 
 1973       3.038811551035e-11 
 1974       3.042412418541e-11 
 1975       3.046029086589e-11 
 1976       3.049658081036e-11 
 1977       3.053295913549e-11 
 1978       3.056939081586e-11 
 1979       3.060584068381e-11 
 1980       3.064227342920e-11 
 1981       3.067865359930e-11 
 1982       3.071494559856e-11 
 1983       3.075111368846e-11 
 1984       3.078712198731e-11 
 1985       3.082293447009e-11 
 1986       3.085851496823e-11 
 1987       3.089382716949e-11 
 1988       3.092883461774e-11 
 1989       3.096350071277e-11 
 1990       3.099778871015e-11 
 1991       3.103166172102e-11 
 1992       3.106508271192e-11 
 1993       3.109801450460e-11 
 1994       3.113041977586e-11 
 1995       3.116226105735e-11 
 1996       3.119350073541e-11 
 1997       3.122410105086e-11 
 1998       3.125402409886e-11 
 1999       3.128323182870e-11 
 2000       3.131168604362e-11 
 2001       3.133934840064e-11 
 2002       3.136618041040e-11 
 2003       3.139214343694e-11 
 2004       3.141719869754e-11 
 2005       3.144130726254e-11 
 2006       3.146443005516e-11 
 2007       3.148652785132e-11 
 2008       3.150756127947e-11 
 2009       3.152749082038e-11 
 2010       3.154627680698e-11 
 2011       3.156388399333e-11 
 2012       3.158029529817e-11 
 2013       3.159549816105e-11 
 2014       3.160947998216e-11 
 2015       3.162222812239e-11 
 2016       3.163372990320e-11 
 2017       3.164397260659e-11 
 2018       3.165294347511e-11 
 2019       3.166062971176e-11 
 2020       3.166701847994e-11 
 2021       3.167209690346e-11 
 2022       3.167585206644e-11 
 2023       3.167827101330e-11 
 2024       3.167934074870e-11 
 2025       3.167904823751e-11 
 2026       3.167738040474e-11 
 2027       3.167432413551e-11 
 2028       3.166986627503e-11 
 2029       3.166399362850e-11 
 2030       3.165669296112e-11 
 2031       3.164795099801e-11 
 2032       3.163775442419e-11 
 2033       3.162608988451e-11 
 2034       3.161294398365e-11 
 2035       3.159830328600e-11 
 2036       3.158215431569e-11 
 2037       3.156448355651e-11 
 2038       3.154527745188e-11 
 2039       3.152452240478e-11 
 2040       3.150220477774e-11 
 2041       3.147831089278e-11 
 2042       3.145282703133e-11 
 2043       3.142573943426e-11 
 2044       3.139703430179e-11 
 2045       3.136669779343e-11 
 2046       3.133471602796e-11 
 2047       3.130107508341e-11 
 2048       3.126576099695e-11 
 2049       3.122875976490e-11 
 2050       3.119005734268e-11 
 2051       3.114964407698e-11 
 2052       3.110752803697e-11 
 2053       3.106372177819e-11 
 2054       3.101823791898e-11 
 2055       3.097108914057e-11 
 2056       3.092228818719e-11 
 2057       3.087184786610e-11 
 2058       3.081978104774e-11 
 2059       3.076610066575e-11 
 2060       3.071081971710e-11 
 2061       3.065395126212e-11 
 2062       3.059550842465e-11 
 2063       3.053550439204e-11 
 2064       3.047395241531e-11 
 2065       3.041086580918e-11 
 2066       3.034625795219e-11 
 2067       3.028014228673e-11 
 2068       3.021253231917e-11 
 2069       3.014344161994e-11 
 2070       3.007288382357e-11 
 2071       3.000087262881e-11 
 2072       2.992742179871e-11 
 2073       2.985254516068e-11 
 2074       2.977625660659e-11 
 2075       2.969857009285e-11 
 2076       2.961949964049e-11 
 2077       2.953905933522e-11 
 2078       2.945726332757e-11 
 2079       2.937412583290e-11 
 2080       2.928966113153e-11 
 2081       2.920388356882e-11 
 2082       2.911680755521e-11 
 2083       2.902844756637e-11 
 2084       2.893881814322e-11 
 2085       2.884793389203e-11 
 2086       2.875580948453e-11 
 2087       2.866245965797e-11 
 2088       2.856789921517e-11 
 2089       2.847214302466e-11 
 2090       2.837520602075e-11 
 2091       2.827710509013e-11 
 2092       2.817786474620e-11 
 2093       2.807751149464e-11 
 2094       2.797607195062e-11 
 2095       2.787357283892e-11 
 2096       2.777004099404e-11 
 2097       2.766550336038e-11 
 2098       2.755998699232e-11 
 2099       2.745351905440e-11 
 2100       2.734612682145e-11 
 2101       2.723783767867e-11 
 2102       2.712867912183e-11 
 2103       2.701867875738e-11 
 2104       2.690786430256e-11 
 2105       2.679626358557e-11 
 2106       2.668390454569e-11 
 2107       2.657081523338e-11 
 2108       2.645702381049e-11 
 2109       2.634255855033e-11 
 2110       2.622744783780e-11 
 2111       2.611172016958e-11 
 2112       2.599540415421e-11 
 2113       2.587852851224e-11 
 2114       2.576112207640e-11 
 2115       2.564321379165e-11 
 2116       2.552483271540e-11 
 2117       2.540600801761e-11 
 2118       2.528676898089e-11 
 2119       2.516714500070e-11 
 2120       2.504716558543e-11 
 2121       2.492686035656e-11 
 2122       2.480625904878e-11 
 2123       2.468539151014e-11 
 2124       2.456428770217e-11 
 2125       2.444297770001e-11 
 2126       2.432149169255e-11 
 2127       2.419985998259e-11 
 2128       2.407811298693e-11 
 2129       2.395628123650e-11 
 2130       2.383439537657e-11 
 2131       2.371248486638e-11 
 2132       2.359057406841e-11 
 2133       2.346868613256e-11 
 2134       2.334684429420e-11 
 2135       2.322507187430e-11 
 2136       2.310339227950e-11 
 2137       2.298182900222e-11 
 2138       2.286040562075e-11 
 2139       2.273914579938e-11 
 2140       2.261807328846e-11 
 2141       2.249721192453e-11 
 2142       2.237658563038e-11 
 2143       2.225621841522e-11 
 2144       2.213613437470e-11 
 2145       2.201635769105e-11 
 2146       2.189691263318e-11 
 2147       2.177782355677e-11 
 2148       2.165911490438e-11 
 2149       2.154081120553e-11 
 2150       2.142293707682e-11 
 2151       2.130551722202e-11 
 2152       2.118857643216e-11 
 2153       2.107213958566e-11 
 2154       2.095623164838e-11 
 2155       2.084087767376e-11 
 2156       2.072610280293e-11 
 2157       2.061193226475e-11 
 2158       2.049839137596e-11 
 2159       2.038550554128e-11 
 2160       2.027330025347e-11 
 2161       2.016180109348e-11 
 2162       2.005103373050e-11 
 2163       1.994102392208e-11 
 2164       1.983179751427e-11 
 2165       1.972338044163e-11 
 2166       1.961579872742e-11 
 2167       1.950907848364e-11 
 2168       1.940324591115e-11 
 2169       1.929832729978e-11 
 2170       1.919434902841e-11 
 2171       1.909133441782e-11 
 2172       1.898929426579e-11 
 2173       1.888823624839e-11 
 2174       1.878816806144e-11 
 2175       1.868909742054e-11 
 2176       1.859103206109e-11 
 2177       1.849397973830e-11 
 2178       1.839794822721e-11 
 2179       1.830294532274e-11 
 2180       1.820897883965e-11 
 2181       1.811605661262e-11 
 2182       1.802418649622e-11 
 2183       1.793337636498e-11 
 2184       1.784363411334e-11 
 2185       1.775496765576e-11 
 2186       1.766738492664e-11 
 2187       1.758089388043e-11 
 2188       1.749550249158e-11 
 2189       1.741121875460e-11 
 2190       1.732805068407e-11 
 2191       1.724600631463e-11 
 2192       1.716509370106e-11 
 2193       1.708532091824e-11 
 2194       1.700669606120e-11 
 2195       1.692922724513e-11 
 2196       1.685292260542e-11 
 2197       1.677779029763e-11 
 2198       1.670383849756e-11 
 2199       1.663107540126e-11 
 2200       1.655950922500e-11 
 2201       1.648914820537e-11 
 2202       1.642000059923e-11 
 2203       1.635207468377e-11 
 2204       1.628537875651e-11 
 2205       1.621992113534e-11 
 2206       1.615571015849e-11 
 2207       1.609275418462e-11 
 2208       1.603106159277e-11 
 2209       1.597064078245e-11 
 2210       1.591150017359e-11 
 2211       1.585364530716e-11 
 2212       1.579707012585e-11 
 2213       1.574176563571e-11 
 2214       1.568772280025e-11 
 2215       1.563493254042e-11 
 2216       1.558338573454e-11 
 2217       1.553307321827e-11 
 2218       1.548398578454e-11 
 2219       1.543611418349e-11 
 2220       1.538944912245e-11 
 2221       1.534398126587e-11 
 2222       1.529970123525e-11 
 2223       1.525659960913e-11 
 2224       1.521466692298e-11 
 2225       1.517389366921e-11 
 2226       1.513427029709e-11 
 2227       1.509578721268e-11 
 2228       1.505843477881e-11 
 2229       1.502220331501e-11 
 2230       1.498708309746e-11 
 2231       1.495306435895e-11 
 2232       1.492013728880e-11 
 2233       1.488829203285e-11 
 2234       1.485751869337e-11 
 2235       1.482780732902e-11 
 2236       1.479914795482e-11 
 2237       1.477153054205e-11 
 2238       1.474494501825e-11 
 2239       1.471938126714e-11 
 2240       1.469482912858e-11 
 2241       1.467127839849e-11 
 2242       1.464871882885e-11 
 2243       1.462714012758e-11 
 2244       1.460653195857e-11 
 2245       1.458688394154e-11 
 2246       1.456818565207e-11 
 2247       1.455042662149e-11 
 2248       1.453359633684e-11 
 2249       1.451768424085e-11 
 2250       1.450267973185e-11 
 2251       1.448857106176e-11 
 2252       1.447534202236e-11 
 2253       1.446297523733e-11 
 2254       1.445145326224e-11 
 2255       1.444075858446e-11 
 2256       1.443087362308e-11 
 2257       1.442178072880e-11 
 2258       1.441346218392e-11 
 2259       1.440590020219e-11 
 2260       1.439907692878e-11 
 2261       1.439297444018e-11 
 2262       1.438757474414e-11 
 2263       1.438285977957e-11 
 2264       1.437881141647e-11 
 2265       1.437541145585e-11 
 2266       1.437264162969e-11 
 2267       1.437048360079e-11 
 2268       1.436891896274e-11 
 2269       1.436792923984e-11 
 2270       1.436749588702e-11 
 2271       1.436760028974e-11 
 2272       1.436822376393e-11 
 2273       1.436934755594e-11 
 2274       1.437095284239e-11 
 2275       1.437302073016e-11 
 2276       1.437553225629e-11 
 2277       1.437846838788e-11 
 2278       1.438181002204e-11 
 2279       1.438553798581e-11 
 2280       1.438963303606e-11 
 2281       1.439407585945e-11 
 2282       1.439884707230e-11 
 2283       1.440392722056e-11 
 2284       1.440929677971e-11 
 2285       1.441493615468e-11 
 2286       1.442082567978e-11 
 2287       1.442694561862e-11 
 2288       1.443327616402e-11 
 2289       1.443979743796e-11 
 2290       1.444648949147e-11 
 2291       1.445333325536e-11 
 2292       1.446031339905e-11 
 2293       1.446741548986e-11 
 2294       1.447462504378e-11 
 2295       1.448192752549e-11 
 2296       1.448930834822e-11 
 2297       1.449675287376e-11 
 2298       1.450424641237e-11 
 2299       1.451177422275e-11 
 2300       1.451932151193e-11 
 2301       1.452687343527e-11 
 2302       1.453441509640e-11 
 2303       1.454193154712e-11 
 2304       1.454940778739e-11 
 2305       1.455682876523e-11 
 2306       1.456417937672e-11 
 2307       1.457144446590e-11 
 2308       1.457860882471e-11 
 2309       1.458565719298e-11 
 2310       1.459257425831e-11 
 2311       1.459934465607e-11 
 2312       1.460595296932e-11 
 2313       1.461238372875e-11 
 2314       1.461862141262e-11 
 2315       1.462465044673e-11 
 2316       1.463045520434e-11 
 2317       1.463602000610e-11 
 2318       1.464132912005e-11 
 2319       1.464636676149e-11 
 2320       1.465111709298e-11 
 2321       1.465556422428e-11 
 2322       1.465969221224e-11 
 2323       1.466348506082e-11 
 2324       1.466692672097e-11 
 2325       1.467000109062e-11 
 2326       1.467269201458e-11 
 2327       1.467498328452e-11 
 2328       1.467685863892e-11 
 2329       1.467830176295e-11 
 2330       1.467929628850e-11 
 2331       1.467982785312e-11 
 2332       1.467989029125e-11 
 2333       1.467947948180e-11 
 2334       1.467859129258e-11 
 2335       1.467722158032e-11 
 2336       1.467536619063e-11 
 2337       1.467302095801e-11 
 2338       1.467018170585e-11 
 2339       1.466684424638e-11 
 2340       1.466300438070e-11 
 2341       1.465865789874e-11 
 2342       1.465380057927e-11 
 2343       1.464842818986e-11 
 2344       1.464253648692e-11 
 2345       1.463612121564e-11 
 2346       1.462917810999e-11 
 2347       1.462170289273e-11 
 2348       1.461369127538e-11 
 2349       1.460513895823e-11 
 2350       1.459604163029e-11 
 2351       1.458639496931e-11 
 2352       1.457619464178e-11 
 2353       1.456543630289e-11 
 2354       1.455411559652e-11 
 2355       1.454222815526e-11 
 2356       1.452976960037e-11 
 2357       1.451673554178e-11 
 2358       1.450312157807e-11 
 2359       1.448892329648e-11 
 2360       1.447413627288e-11 
 2361       1.445875607177e-11 
 2362       1.444277824626e-11 
 2363       1.442619833806e-11 
 2364       1.440901187748e-11 
 2365       1.439121438341e-11 
 2366       1.437280136331e-11 
 2367       1.435376831322e-11 
 2368       1.433411071769e-11 
 2369       1.431382404984e-11 
 2370       1.429290377131e-11 
 2371       1.427134714258e-11 
 2372       1.424915866608e-11 
 2373       1.422634467669e-11 
 2374       1.420291153448e-11 
 2375       1.417886562470e-11 
 2376       1.415421335788e-11 
 2377       1.412896116982e-11 
 2378       1.410311552159e-11 
 2379       1.407668289962e-11 
 2380       1.404966981567e-11 
 2381       1.402208280691e-11 
 2382       1.399392843591e-11 
 2383       1.396521329065e-11 
 2384       1.393594398463e-11 
 2385       1.390612715679e-11 
 2386       1.387576947164e-11 
 2387       1.384487761921e-11 
 2388       1.381345831512e-11 
 2389       1.378151830058e-11 
 2390       1.374906434246e-11 
 2391       1.371610323327e-11 
 2392       1.368264179122e-11 
 2393       1.364868686024e-11 
 2394       1.361424530998e-11 
 2395       1.357932403589e-11 
 2396       1.354392995922e-11 
 2397       1.350807002703e-11 
 2398       1.347175121225e-11 
 2399       1.343498051369e-11 
 2400       1.339776495607e-11 
 2401       1.336011159006e-11 
 2402       1.332202749228e-11 
 2403       1.328351976535e-11 
 2404       1.324459553793e-11 
 2405       1.320526196472e-11 
 2406       1.316552622648e-11 
 2407       1.312539553011e-11 
 2408       1.308487710863e-11 
 2409       1.304397822121e-11 
 2410       1.300270615323e-11 
 2411       1.296106877739e-11 
 2412       1.291907624084e-11 
 2413       1.287673928834e-11 
 2414       1.283406870217e-11 
 2415       1.279107530212e-11 
 2416       1.274776994556e-11 
 2417       1.270416352744e-11 
 2418       1.266026698039e-11 
 2419       1.261609127470e-11 
 2420       1.257164741841e-11 
 2421       1.252694645730e-11 
 2422       1.248199947496e-11 
 2423       1.243681759284e-11 
 2424       1.239141197026e-11 
 2425       1.234579380445e-11 
 2426       1.229997433063e-11 
 2427       1.225396482200e-11 
 2428       1.220777658980e-11 
 2429       1.216142098336e-11 
 2430       1.211490939014e-11 
 2431       1.206825323572e-11 
 2432       1.202146398392e-11 
 2433       1.197455313677e-11 
 2434       1.192753223459e-11 
 2435       1.188041285602e-11 
 2436       1.183320661804e-11 
 2437       1.178592517603e-11 
 2438       1.173858022382e-11 
 2439       1.169118349370e-11 
 2440       1.164374675647e-11 
 2441       1.159628182149e-11 
 2442       1.154880053671e-11 
 2443       1.150131478872e-11 
 2444       1.145383650276e-11 
 2445       1.140637764281e-11 
 2446       1.135895021157e-11 
 2447       1.131156625055e-11 
 2448       1.126423784007e-11 
 2449       1.121697709935e-11 
 2450       1.116979618647e-11 
 2451       1.112270665554e-11 
 2452       1.107571752353e-11 
 2453       1.102883719195e-11 
 2454       1.098207408874e-11 
 2455       1.093543666834e-11 
 2456       1.088893341170e-11 
 2457       1.084257282629e-11 
 2458       1.079636344614e-11 
 2459       1.075031383189e-11 
 2460       1.070443257078e-11 
 2461       1.065872827669e-11 
 2462       1.061320959017e-11 
 2463       1.056788517846e-11 
 2464       1.052276373553e-11 
 2465       1.047785398210e-11 
 2466       1.043316466566e-11 
 2467       1.038870456048e-11 
 2468       1.034448246768e-11 
 2469       1.030050721524e-11 
 2470       1.025678765801e-11 
 2471       1.021333267773e-11 
 2472       1.017015118310e-11 
 2473       1.012725210977e-11 
 2474       1.008464442038e-11 
 2475       1.004233710457e-11 
 2476       1.000033917903e-11 
 2477       9.958659687526e-12 
 2478       9.917307700897e-12 
 2479       9.876292317112e-12 
 2480       9.835622661286e-12 
 2481       9.795307885706e-12 
 2482       9.755357169857e-12 
 2483       9.715779720450e-12 
 2484       9.676584771448e-12 
 2485       9.637781584095e-12 
 2486       9.599379446938e-12 
 2487       9.561387675856e-12 
 2488       9.523815614088e-12 
 2489       9.486672632258e-12 
 2490       9.449968128400e-12 
 2491       9.413707710304e-12 
 2492       9.377881717957e-12 
 2493       9.342476633689e-12 
 2494       9.307478893678e-12 
 2495       9.272874887906e-12 
 2496       9.238650960109e-12 
 2497       9.204793407735e-12 
 2498       9.171288481889e-12 
 2499       9.138122387294e-12 
 2500       9.105281282237e-12 
