# dimensionless total [l(l+1)/2pi] C_l's
# for l=2 to 2500, i.e. number of multipoles equal to 2499
#
# -> if you prefer output in CAMB/HealPix/LensPix units/order, set 'format' to 'camb' in input file
# -> if you don't want to see such a header, set 'headers' to 'no' in input file
#
# 1:l     2:TT                 
    2       3.314554932013e-03 
    3       1.915151595500e-04 
    4       7.031134828106e-06 
    5       1.777707661046e-07 
    6       1.148357104360e-08 
    7       8.231172916305e-09 
    8       7.771475618394e-09 
    9       7.389504389025e-09 
   10       7.044615411894e-09 
   11       6.730993794655e-09 
   12       6.443897580512e-09 
   13       6.179982317688e-09 
   14       5.936497495452e-09 
   15       5.710671264744e-09 
   16       5.500685463309e-09 
   17       5.304853397633e-09 
   18       4.860912087223e-09 
   19       4.949830959742e-09 
   20       4.873983902467e-09 
   21       4.636686743209e-09 
   22       4.465448932461e-09 
   23       4.357931916157e-09 
   24       4.238991856068e-09 
   25       4.108337841292e-09 
   26       3.987394516283e-09 
   27       3.879317794703e-09 
   28       3.779516391153e-09 
   29       3.682061691867e-09 
   30       3.587036174850e-09 
   31       3.495833089908e-09 
   32       3.409197918087e-09 
   33       3.327250631922e-09 
   34       3.249317344303e-09 
   35       3.174310262374e-09 
   36       3.102375213200e-09 
   37       3.033711729165e-09 
   38       2.968079009456e-09 
   39       2.904996377807e-09 
   40       2.844536756854e-09 
   41       2.786728130628e-09 
   42       2.731305139192e-09 
   43       2.677874752402e-09 
   44       2.626538165354e-09 
   45       2.577417883751e-09 
   46       2.530468219711e-09 
   47       2.485460835209e-09 
   48       2.442096173615e-09 
   49       2.400408630139e-09 
   50       2.360450755982e-09 
   51       2.322169506074e-09 
   52       2.285398205374e-09 
   53       2.249935323944e-09 
   54       2.215823075992e-09 
   55       2.183126458992e-09 
   56       2.151848420622e-09 
   57       2.121925464843e-09 
   58       2.093223257984e-09 
   59       2.065589953423e-09 
   60       2.039040605954e-09 
   61       2.013607894415e-09 
   62       1.989285781036e-09 
   63       1.966027074088e-09 
   64       1.943740990526e-09 
   65       1.922328734381e-09 
   66       1.901804464341e-09 
   67       1.882195663716e-09 
   68       1.863506036975e-09 
   69       1.845714135775e-09 
   70       1.828771984983e-09 
   71       1.812603708698e-09 
   72       1.797131781240e-09 
   73       1.782364666928e-09 
   74       1.768323598086e-09 
   75       1.755015709997e-09 
   76       1.742433297634e-09 
   77       1.730553072389e-09 
   78       1.719335418806e-09 
   79       1.708723651311e-09 
   80       1.698662110268e-09 
   81       1.689155704553e-09 
   82       1.680219401068e-09 
   83       1.671859915538e-09 
   84       1.664075318126e-09 
   85       1.656854639034e-09 
   86       1.650177474115e-09 
   87       1.644013590475e-09 
   88       1.638322532084e-09 
   89       1.633065640519e-09 
   90       1.628245137916e-09 
   91       1.623870476749e-09 
   92       1.619946264979e-09 
   93       1.616472057660e-09 
   94       1.613442148532e-09 
   95       1.610845361633e-09 
   96       1.608664842890e-09 
   97       1.606877851731e-09 
   98       1.605455552679e-09 
   99       1.604370969900e-09 
  100       1.603624586897e-09 
  101       1.603222002518e-09 
  102       1.603165983429e-09 
  103       1.603456354661e-09 
  104       1.604089890154e-09 
  105       1.605060203306e-09 
  106       1.606357637519e-09 
  107       1.607969156743e-09 
  108       1.609878236025e-09 
  109       1.612064752057e-09 
  110       1.614510251426e-09 
  111       1.617214756503e-09 
  112       1.620181915517e-09 
  113       1.623413761157e-09 
  114       1.626910653966e-09 
  115       1.630671225743e-09 
  116       1.634692322942e-09 
  117       1.638968950069e-09 
  118       1.643494213081e-09 
  119       1.648259262785e-09 
  120       1.653253238236e-09 
  121       1.658463210138e-09 
  122       1.663874124237e-09 
  123       1.669472354791e-09 
  124       1.675256947759e-09 
  125       1.681229568594e-09 
  126       1.687390979959e-09 
  127       1.693741013528e-09 
  128       1.700278541791e-09 
  129       1.707001449853e-09 
  130       1.713906607240e-09 
  131       1.720989839694e-09 
  132       1.728245900982e-09 
  133       1.735668444695e-09 
  134       1.743249996049e-09 
  135       1.750981923688e-09 
  136       1.758854411488e-09 
  137       1.766858605779e-09 
  138       1.774993367488e-09 
  139       1.783259168495e-09 
  140       1.791655964639e-09 
  141       1.800183181331e-09 
  142       1.808839699164e-09 
  143       1.817623839518e-09 
  144       1.826533350179e-09 
  145       1.835565390938e-09 
  146       1.844716519210e-09 
  147       1.853982675637e-09 
  148       1.863359169702e-09 
  149       1.872840665339e-09 
  150       1.882421166538e-09 
  151       1.892094002960e-09 
  152       1.901851815545e-09 
  153       1.911687998366e-09 
  154       1.921601205269e-09 
  155       1.931591236580e-09 
  156       1.941657613587e-09 
  157       1.951799571568e-09 
  158       1.962016052818e-09 
  159       1.972305699672e-09 
  160       1.982666847532e-09 
  161       1.993097517898e-09 
  162       2.003595411389e-09 
  163       2.014157900771e-09 
  164       2.024782023984e-09 
  165       2.035464477170e-09 
  166       2.046201607694e-09 
  167       2.056989407178e-09 
  168       2.067823504518e-09 
  169       2.078699158921e-09 
  170       2.089611252923e-09 
  171       2.100555160701e-09 
  172       2.111529448849e-09 
  173       2.122533388482e-09 
  174       2.133566096842e-09 
  175       2.144626533903e-09 
  176       2.155713498962e-09 
  177       2.166825627240e-09 
  178       2.177961386480e-09 
  179       2.189119073539e-09 
  180       2.200296810994e-09 
  181       2.211492543733e-09 
  182       2.222704035555e-09 
  183       2.233928865766e-09 
  184       2.245164425780e-09 
  185       2.256407915710e-09 
  186       2.267656340975e-09 
  187       2.278906508886e-09 
  188       2.290155025256e-09 
  189       2.301398290985e-09 
  190       2.312632498668e-09 
  191       2.323854180850e-09 
  192       2.335061907827e-09 
  193       2.346254710941e-09 
  194       2.357431540780e-09 
  195       2.368591265578e-09 
  196       2.379732669621e-09 
  197       2.390854451652e-09 
  198       2.401955223265e-09 
  199       2.413033507317e-09 
  200       2.424087736327e-09 
  201       2.435116250877e-09 
  202       2.446117298016e-09 
  203       2.457089029665e-09 
  204       2.468029501015e-09 
  205       2.478936668934e-09 
  206       2.489808390368e-09 
  207       2.500642420743e-09 
  208       2.511436412368e-09 
  209       2.522187912839e-09 
  210       2.532894363440e-09 
  211       2.543553097547e-09 
  212       2.554161339030e-09 
  213       2.564716535084e-09 
  214       2.575217383046e-09 
  215       2.585662869863e-09 
  216       2.596051943184e-09 
  217       2.606383510645e-09 
  218       2.616656439148e-09 
  219       2.626869554147e-09 
  220       2.637021638929e-09 
  221       2.647111433900e-09 
  222       2.657137635866e-09 
  223       2.667098897316e-09 
  224       2.676993825706e-09 
  225       2.686820982742e-09 
  226       2.696578883663e-09 
  227       2.706265996524e-09 
  228       2.715880741478e-09 
  229       2.725421490062e-09 
  230       2.734886564476e-09 
  231       2.744274236871e-09 
  232       2.753582728629e-09 
  233       2.762810209644e-09 
  234       2.771954797612e-09 
  235       2.781014557306e-09 
  236       2.789987499865e-09 
  237       2.798871582076e-09 
  238       2.807664919729e-09 
  239       2.816366443530e-09 
  240       2.824975281533e-09 
  241       2.833490548383e-09 
  242       2.841911345044e-09 
  243       2.850236758539e-09 
  244       2.858465861678e-09 
  245       2.866597712801e-09 
  246       2.874631355507e-09 
  247       2.882565818388e-09 
  248       2.890400114769e-09 
  249       2.898133242439e-09 
  250       2.905764183385e-09 
  251       2.913291903531e-09 
  252       2.920715352466e-09 
  253       2.928033463187e-09 
  254       2.935245151825e-09 
  255       2.942349317387e-09 
  256       2.949344841488e-09 
  257       2.956230588083e-09 
  258       2.963005403207e-09 
  259       2.969668114706e-09 
  260       2.976217531971e-09 
  261       2.982652445678e-09 
  262       2.988971627516e-09 
  263       2.995173829927e-09 
  264       3.001257785837e-09 
  265       3.007222208394e-09 
  266       3.013065915242e-09 
  267       3.018788209375e-09 
  268       3.024388518450e-09 
  269       3.029866272051e-09 
  270       3.035220901635e-09 
  271       3.040451840478e-09 
  272       3.045558523617e-09 
  273       3.050540387798e-09 
  274       3.055396871423e-09 
  275       3.060127414488e-09 
  276       3.064731458538e-09 
  277       3.069208446602e-09 
  278       3.073557823147e-09 
  279       3.077779034017e-09 
  280       3.081871526382e-09 
  281       3.085834748679e-09 
  282       3.089668150563e-09 
  283       3.093371182846e-09 
  284       3.096943297448e-09 
  285       3.100383947336e-09 
  286       3.103692586474e-09 
  287       3.106868669768e-09 
  288       3.109911653007e-09 
  289       3.112820992812e-09 
  290       3.115596146580e-09 
  291       3.118236572429e-09 
  292       3.120741729145e-09 
  293       3.123111076122e-09 
  294       3.125344073313e-09 
  295       3.127440181173e-09 
  296       3.129398860604e-09 
  297       3.131219641319e-09 
  298       3.132902330741e-09 
  299       3.134446815173e-09 
  300       3.135852992334e-09 
  301       3.137120771397e-09 
  302       3.138250073024e-09 
  303       3.139240829410e-09 
  304       3.140092984313e-09 
  305       3.140806493099e-09 
  306       3.141381322776e-09 
  307       3.141817452032e-09 
  308       3.142114871275e-09 
  309       3.142273582670e-09 
  310       3.142293600174e-09 
  311       3.142174949581e-09 
  312       3.141917668552e-09 
  313       3.141521806658e-09 
  314       3.140987425416e-09 
  315       3.140314598327e-09 
  316       3.139503410915e-09 
  317       3.138553960763e-09 
  318       3.137466357553e-09 
  319       3.136240723103e-09 
  320       3.134877191405e-09 
  321       3.133375908662e-09 
  322       3.131737033327e-09 
  323       3.129960736142e-09 
  324       3.128047200174e-09 
  325       3.125996620853e-09 
  326       3.123809206010e-09 
  327       3.121485175917e-09 
  328       3.119024763322e-09 
  329       3.116428213490e-09 
  330       3.113695784237e-09 
  331       3.110827745971e-09 
  332       3.107824398690e-09 
  333       3.104686123712e-09 
  334       3.101413334276e-09 
  335       3.098006458843e-09 
  336       3.094465941148e-09 
  337       3.090792240263e-09 
  338       3.086985830646e-09 
  339       3.083047202203e-09 
  340       3.078976860343e-09 
  341       3.074775326030e-09 
  342       3.070443135847e-09 
  343       3.065980842045e-09 
  344       3.061389012606e-09 
  345       3.056668231293e-09 
  346       3.051819097710e-09 
  347       3.046842227359e-09 
  348       3.041738251693e-09 
  349       3.036507818174e-09 
  350       3.031151590333e-09 
  351       3.025670247819e-09 
  352       3.020064486462e-09 
  353       3.014335018324e-09 
  354       3.008482571760e-09 
  355       3.002507891473e-09 
  356       2.996411738566e-09 
  357       2.990194890607e-09 
  358       2.983858141675e-09 
  359       2.977402302425e-09 
  360       2.970828200140e-09 
  361       2.964136678789e-09 
  362       2.957328599081e-09 
  363       2.950404838525e-09 
  364       2.943366291482e-09 
  365       2.936213869226e-09 
  366       2.928948499996e-09 
  367       2.921571129055e-09 
  368       2.914082718746e-09 
  369       2.906484248547e-09 
  370       2.898776715130e-09 
  371       2.890961109165e-09 
  372       2.883038344625e-09 
  373       2.875009326829e-09 
  374       2.866874975478e-09 
  375       2.858636224689e-09 
  376       2.850294023034e-09 
  377       2.841849333574e-09 
  378       2.833303133895e-09 
  379       2.824656416147e-09 
  380       2.815910187076e-09 
  381       2.807065468062e-09 
  382       2.798123295156e-09 
  383       2.789084719117e-09 
  384       2.779950805444e-09 
  385       2.770722634415e-09 
  386       2.761401301124e-09 
  387       2.751987915514e-09 
  388       2.742483602417e-09 
  389       2.732889501587e-09 
  390       2.723206767738e-09 
  391       2.713436570577e-09 
  392       2.703580094844e-09 
  393       2.693638540349e-09 
  394       2.683613122001e-09 
  395       2.673505069852e-09 
  396       2.663315629130e-09 
  397       2.653046060272e-09 
  398       2.642697638967e-09 
  399       2.632271656186e-09 
  400       2.621769418221e-09 
  401       2.611192246720e-09 
  402       2.600541478724e-09 
  403       2.589818466704e-09 
  404       2.579024578593e-09 
  405       2.568161197828e-09 
  406       2.557229723382e-09 
  407       2.546231569800e-09 
  408       2.535168167239e-09 
  409       2.524040961498e-09 
  410       2.512851358271e-09 
  411       2.501600553638e-09 
  412       2.490289697636e-09 
  413       2.478919949508e-09 
  414       2.467492477694e-09 
  415       2.456008459830e-09 
  416       2.444469082747e-09 
  417       2.432875542461e-09 
  418       2.421229044174e-09 
  419       2.409530802270e-09 
  420       2.397782040309e-09 
  421       2.385983991028e-09 
  422       2.374137896332e-09 
  423       2.362245007294e-09 
  424       2.350306584148e-09 
  425       2.338323896292e-09 
  426       2.326298222276e-09 
  427       2.314230849804e-09 
  428       2.302123075729e-09 
  429       2.289976206049e-09 
  430       2.277791555903e-09 
  431       2.265570449570e-09 
  432       2.253314220460e-09 
  433       2.241024211117e-09 
  434       2.228701773209e-09 
  435       2.216348267532e-09 
  436       2.203965063997e-09 
  437       2.191553541635e-09 
  438       2.179115088587e-09 
  439       2.166651102106e-09 
  440       2.154162988548e-09 
  441       2.141652163372e-09 
  442       2.129120051135e-09 
  443       2.116568085489e-09 
  444       2.103997709177e-09 
  445       2.091410374029e-09 
  446       2.078807540959e-09 
  447       2.066190679961e-09 
  448       2.053561270108e-09 
  449       2.040920738342e-09 
  450       2.028270273700e-09 
  451       2.015611007070e-09 
  452       2.002944071809e-09 
  453       1.990270603703e-09 
  454       1.977591740928e-09 
  455       1.964908624006e-09 
  456       1.952222395772e-09 
  457       1.939534201326e-09 
  458       1.926845188000e-09 
  459       1.914156505313e-09 
  460       1.901469304937e-09 
  461       1.888784740648e-09 
  462       1.876103968294e-09 
  463       1.863428145754e-09 
  464       1.850758432892e-09 
  465       1.838095991526e-09 
  466       1.825441985380e-09 
  467       1.812797580050e-09 
  468       1.800163942959e-09 
  469       1.787542243321e-09 
  470       1.774933652101e-09 
  471       1.762339341970e-09 
  472       1.749760487272e-09 
  473       1.737198263980e-09 
  474       1.724653849656e-09 
  475       1.712128423411e-09 
  476       1.699623165870e-09 
  477       1.687139259122e-09 
  478       1.674677886690e-09 
  479       1.662240233487e-09 
  480       1.649827485774e-09 
  481       1.637440831124e-09 
  482       1.625081458378e-09 
  483       1.612750557609e-09 
  484       1.600449320080e-09 
  485       1.588178938203e-09 
  486       1.575940605503e-09 
  487       1.563735516572e-09 
  488       1.551564814069e-09 
  489       1.539429428039e-09 
  490       1.527330231725e-09 
  491       1.515268094033e-09 
  492       1.503243879467e-09 
  493       1.491258448060e-09 
  494       1.479312655307e-09 
  495       1.467407352105e-09 
  496       1.455543384676e-09 
  497       1.443721594510e-09 
  498       1.431942818292e-09 
  499       1.420207887838e-09 
  500       1.408517630029e-09 
  501       1.396872866743e-09 
  502       1.385274414788e-09 
  503       1.373723085839e-09 
  504       1.362219686366e-09 
  505       1.350765017572e-09 
  506       1.339359875322e-09 
  507       1.328005050083e-09 
  508       1.316701326850e-09 
  509       1.305449485083e-09 
  510       1.294250298643e-09 
  511       1.283104535720e-09 
  512       1.272012958769e-09 
  513       1.260976324446e-09 
  514       1.249995383535e-09 
  515       1.239070880888e-09 
  516       1.228203555356e-09 
  517       1.217394139720e-09 
  518       1.206643360627e-09 
  519       1.195951938525e-09 
  520       1.185320587591e-09 
  521       1.174750015670e-09 
  522       1.164240924206e-09 
  523       1.153794008175e-09 
  524       1.143409956017e-09 
  525       1.133089449576e-09 
  526       1.122833164024e-09 
  527       1.112641738823e-09 
  528       1.102515689838e-09 
  529       1.092455494661e-09 
  530       1.082461621297e-09 
  531       1.072534528079e-09 
  532       1.062674663590e-09 
  533       1.052882466589e-09 
  534       1.043158365924e-09 
  535       1.033502780460e-09 
  536       1.023916118996e-09 
  537       1.014398780185e-09 
  538       1.004951152459e-09 
  539       9.955736139472e-10 
  540       9.862665323967e-10 
  541       9.770302650945e-10 
  542       9.678651587877e-10 
  543       9.587715496048e-10 
  544       9.497497629766e-10 
  545       9.408001135567e-10 
  546       9.319229051429e-10 
  547       9.231184305980e-10 
  548       9.143869717705e-10 
  549       9.057287994156e-10 
  550       8.971441731163e-10 
  551       8.886333412040e-10 
  552       8.801965406796e-10 
  553       8.718339971346e-10 
  554       8.635459246716e-10 
  555       8.553325258253e-10 
  556       8.471939914839e-10 
  557       8.391305008092e-10 
  558       8.311422211581e-10 
  559       8.232293080036e-10 
  560       8.153919048551e-10 
  561       8.076301431799e-10 
  562       7.999441423238e-10 
  563       7.923340094320e-10 
  564       7.847998393704e-10 
  565       7.773417146459e-10 
  566       7.699597108916e-10 
  567       7.626539136356e-10 
  568       7.554244018071e-10 
  569       7.482712421353e-10 
  570       7.411944890719e-10 
  571       7.341941847143e-10 
  572       7.272703587287e-10 
  573       7.204230282729e-10 
  574       7.136521979192e-10 
  575       7.069578595780e-10 
  576       7.003399924199e-10 
  577       6.937985627993e-10 
  578       6.873335241774e-10 
  579       6.809448170449e-10 
  580       6.746323688450e-10 
  581       6.683960938966e-10 
  582       6.622358933174e-10 
  583       6.561516549463e-10 
  584       6.501432532672e-10 
  585       6.442105493312e-10 
  586       6.383533906803e-10 
  587       6.325716112699e-10 
  588       6.268650313918e-10 
  589       6.212334575977e-10 
  590       6.156766826216e-10 
  591       6.101944853030e-10 
  592       6.047866305100e-10 
  593       5.994528690622e-10 
  594       5.941929376538e-10 
  595       5.890065587763e-10 
  596       5.838934406418e-10 
  597       5.788532771059e-10 
  598       5.738857475905e-10 
  599       5.689905170073e-10 
  600       5.641672356801e-10 
  601       5.594155392683e-10 
  602       5.547350486897e-10 
  603       5.501253700436e-10 
  604       5.455860945337e-10 
  605       5.411168365324e-10 
  606       5.367173489377e-10 
  607       5.323874104415e-10 
  608       5.281267875761e-10 
  609       5.239352346490e-10 
  610       5.198124936786e-10 
  611       5.157582943300e-10 
  612       5.117723538497e-10 
  613       5.078543770020e-10 
  614       5.040040560036e-10 
  615       5.002210704599e-10 
  616       4.965050872998e-10 
  617       4.928557607115e-10 
  618       4.892727320780e-10 
  619       4.857556299124e-10 
  620       4.823040697935e-10 
  621       4.789176543013e-10 
  622       4.755959729523e-10 
  623       4.723386021354e-10 
  624       4.691451050467e-10 
  625       4.660150316255e-10 
  626       4.629479184897e-10 
  627       4.599432888712e-10 
  628       4.570006525512e-10 
  629       4.541195057961e-10 
  630       4.512993312925e-10 
  631       4.485395980831e-10 
  632       4.458397615018e-10 
  633       4.431992631095e-10 
  634       4.406175306294e-10 
  635       4.380939778824e-10 
  636       4.356280047229e-10 
  637       4.332189969738e-10 
  638       4.308663263625e-10 
  639       4.285693504558e-10 
  640       4.263274125959e-10 
  641       4.241398418357e-10 
  642       4.220059528741e-10 
  643       4.199250459917e-10 
  644       4.178964702584e-10 
  645       4.159198148584e-10 
  646       4.139947219672e-10 
  647       4.121208238257e-10 
  648       4.102977426932e-10 
  649       4.085250908018e-10 
  650       4.068024703100e-10 
  651       4.051294732562e-10 
  652       4.035056815128e-10 
  653       4.019306667395e-10 
  654       4.004039903377e-10 
  655       3.989252034036e-10 
  656       3.974938466824e-10 
  657       3.961094505219e-10 
  658       3.947715348263e-10 
  659       3.934796090097e-10 
  660       3.922331719502e-10 
  661       3.910317119436e-10 
  662       3.898747066570e-10 
  663       3.887616230825e-10 
  664       3.876919174914e-10 
  665       3.866650353873e-10 
  666       3.856804114604e-10 
  667       3.847374695411e-10 
  668       3.838356225534e-10 
  669       3.829742724692e-10 
  670       3.821528102618e-10 
  671       3.813706158595e-10 
  672       3.806270580999e-10 
  673       3.799214946828e-10 
  674       3.792532721247e-10 
  675       3.786217257122e-10 
  676       3.780261794559e-10 
  677       3.774659460441e-10 
  678       3.769403267964e-10 
  679       3.764486116178e-10 
  680       3.759900789521e-10 
  681       3.755639957358e-10 
  682       3.751696173521e-10 
  683       3.748062601761e-10 
  684       3.744735210054e-10 
  685       3.741710622221e-10 
  686       3.738985395977e-10 
  687       3.736556022650e-10 
  688       3.734418926910e-10 
  689       3.732570466492e-10 
  690       3.731006931919e-10 
  691       3.729724546224e-10 
  692       3.728719464679e-10 
  693       3.727987774515e-10 
  694       3.727525494646e-10 
  695       3.727328575397e-10 
  696       3.727392898224e-10 
  697       3.727714275438e-10 
  698       3.728288449931e-10 
  699       3.729111094902e-10 
  700       3.730177813573e-10 
  701       3.731484138924e-10 
  702       3.733025533406e-10 
  703       3.734797388675e-10 
  704       3.736795025308e-10 
  705       3.739013692532e-10 
  706       3.741448567945e-10 
  707       3.744094757244e-10 
  708       3.746947293943e-10 
  709       3.750001139102e-10 
  710       3.753251181050e-10 
  711       3.756692235107e-10 
  712       3.760319043311e-10 
  713       3.764126274139e-10 
  714       3.768108522232e-10 
  715       3.772260308122e-10 
  716       3.776576077950e-10 
  717       3.781050203196e-10 
  718       3.785676980400e-10 
  719       3.790450630884e-10 
  720       3.795365300483e-10 
  721       3.800415059260e-10 
  722       3.805594574776e-10 
  723       3.810901147351e-10 
  724       3.816332715364e-10 
  725       3.821887185318e-10 
  726       3.827562431719e-10 
  727       3.833356296952e-10 
  728       3.839266591165e-10 
  729       3.845291092142e-10 
  730       3.851427545186e-10 
  731       3.857673662996e-10 
  732       3.864027125547e-10 
  733       3.870485579968e-10 
  734       3.877046640420e-10 
  735       3.883707887978e-10 
  736       3.890466870505e-10 
  737       3.897321102536e-10 
  738       3.904268065152e-10 
  739       3.911305205864e-10 
  740       3.918429938486e-10 
  741       3.925639643020e-10 
  742       3.932931665530e-10 
  743       3.940303318023e-10 
  744       3.947751878327e-10 
  745       3.955274589970e-10 
  746       3.962868662061e-10 
  747       3.970531269166e-10 
  748       3.978259551186e-10 
  749       3.986050613240e-10 
  750       3.993901525541e-10 
  751       4.001809323275e-10 
  752       4.009771006479e-10 
  753       4.017783539925e-10 
  754       4.025843852990e-10 
  755       4.033948839542e-10 
  756       4.042095357817e-10 
  757       4.050280230297e-10 
  758       4.058500243589e-10 
  759       4.066752148303e-10 
  760       4.075032658935e-10 
  761       4.083338940229e-10 
  762       4.091670076760e-10 
  763       4.100025631284e-10 
  764       4.108405160783e-10 
  765       4.116808216442e-10 
  766       4.125234343629e-10 
  767       4.133683081878e-10 
  768       4.142153964861e-10 
  769       4.150646520376e-10 
  770       4.159160270322e-10 
  771       4.167694730678e-10 
  772       4.176249411483e-10 
  773       4.184823816818e-10 
  774       4.193417444784e-10 
  775       4.202029787478e-10 
  776       4.210660330981e-10 
  777       4.219308555326e-10 
  778       4.227973934489e-10 
  779       4.236655936361e-10 
  780       4.245354022729e-10 
  781       4.254067649259e-10 
  782       4.262796265469e-10 
  783       4.271539314717e-10 
  784       4.280296234171e-10 
  785       4.289066454798e-10 
  786       4.297849401334e-10 
  787       4.306644492273e-10 
  788       4.315451139840e-10 
  789       4.324268749972e-10 
  790       4.333096722297e-10 
  791       4.341934450118e-10 
  792       4.350781320386e-10 
  793       4.359636713682e-10 
  794       4.368500004201e-10 
  795       4.377370559722e-10 
  796       4.386247741598e-10 
  797       4.395130904728e-10 
  798       4.404019397539e-10 
  799       4.412912561967e-10 
  800       4.421809974075e-10 
  801       4.430712170775e-10 
  802       4.439619936321e-10 
  803       4.448534062896e-10 
  804       4.457455350632e-10 
  805       4.466384607640e-10 
  806       4.475322650031e-10 
  807       4.484270301942e-10 
  808       4.493228395559e-10 
  809       4.502197771145e-10 
  810       4.511179277059e-10 
  811       4.520173769788e-10 
  812       4.529182113964e-10 
  813       4.538205182394e-10 
  814       4.547243856081e-10 
  815       4.556299024253e-10 
  816       4.565371584381e-10 
  817       4.574462442211e-10 
  818       4.583572511783e-10 
  819       4.592702715458e-10 
  820       4.601853983942e-10 
  821       4.611027256310e-10 
  822       4.620223480034e-10 
  823       4.629443611002e-10 
  824       4.638688613545e-10 
  825       4.647959460466e-10 
  826       4.657257133056e-10 
  827       4.666582621127e-10 
  828       4.675936923029e-10 
  829       4.685321045681e-10 
  830       4.694736004593e-10 
  831       4.704182823890e-10 
  832       4.713662536336e-10 
  833       4.723176183360e-10 
  834       4.732724815082e-10 
  835       4.742309490334e-10 
  836       4.751931276688e-10 
  837       4.761591250476e-10 
  838       4.771290496821e-10 
  839       4.781030113789e-10 
  840       4.790811224887e-10 
  841       4.800634966836e-10 
  842       4.810502485476e-10 
  843       4.820414935799e-10 
  844       4.830373481969e-10 
  845       4.840379297349e-10 
  846       4.850433564528e-10 
  847       4.860537475343e-10 
  848       4.870692230907e-10 
  849       4.880899041632e-10 
  850       4.891159127258e-10 
  851       4.901473716873e-10 
  852       4.911844048942e-10 
  853       4.922271371333e-10 
  854       4.932756941338e-10 
  855       4.943302025704e-10 
  856       4.953907900651e-10 
  857       4.964575851907e-10 
  858       4.975307174723e-10 
  859       4.986103173905e-10 
  860       4.996965163838e-10 
  861       5.007894468509e-10 
  862       5.018892421537e-10 
  863       5.029960366190e-10 
  864       5.041099655422e-10 
  865       5.052311651885e-10 
  866       5.063597727967e-10 
  867       5.074959265808e-10 
  868       5.086397657330e-10 
  869       5.097914304259e-10 
  870       5.109510618155e-10 
  871       5.121188020432e-10 
  872       5.132947942388e-10 
  873       5.144791825226e-10 
  874       5.156721120083e-10 
  875       5.168737288052e-10 
  876       5.180841800210e-10 
  877       5.193036137642e-10 
  878       5.205321643486e-10 
  879       5.217699076313e-10 
  880       5.230169049374e-10 
  881       5.242732177903e-10 
  882       5.255389079127e-10 
  883       5.268140372261e-10 
  884       5.280986678518e-10 
  885       5.293928621104e-10 
  886       5.306966825223e-10 
  887       5.320101918082e-10 
  888       5.333334528890e-10 
  889       5.346665288861e-10 
  890       5.360094831215e-10 
  891       5.373623791184e-10 
  892       5.387252806012e-10 
  893       5.400982514955e-10 
  894       5.414813559289e-10 
  895       5.428746582305e-10 
  896       5.442782229318e-10 
  897       5.456921147665e-10 
  898       5.471163986710e-10 
  899       5.485511397843e-10 
  900       5.499964034486e-10 
  901       5.514522552092e-10 
  902       5.529187608149e-10 
  903       5.543959862185e-10 
  904       5.558839975762e-10 
  905       5.573828612488e-10 
  906       5.588926438014e-10 
  907       5.604134120034e-10 
  908       5.619452328295e-10 
  909       5.634881734591e-10 
  910       5.650423012772e-10 
  911       5.666076838741e-10 
  912       5.681843890459e-10 
  913       5.697724847947e-10 
  914       5.713720393288e-10 
  915       5.729831210630e-10 
  916       5.746057986187e-10 
  917       5.762401205116e-10 
  918       5.778860538606e-10 
  919       5.795435447035e-10 
  920       5.812125382180e-10 
  921       5.828929787200e-10 
  922       5.845848096599e-10 
  923       5.862879736204e-10 
  924       5.880024123141e-10 
  925       5.897280665801e-10 
  926       5.914648763821e-10 
  927       5.932127808053e-10 
  928       5.949717180537e-10 
  929       5.967416254477e-10 
  930       5.985224394212e-10 
  931       6.003140955191e-10 
  932       6.021165283945e-10 
  933       6.039296718061e-10 
  934       6.057534586155e-10 
  935       6.075878207845e-10 
  936       6.094326893727e-10 
  937       6.112879945342e-10 
  938       6.131536655159e-10 
  939       6.150296306537e-10 
  940       6.169158173708e-10 
  941       6.188121521745e-10 
  942       6.207185606536e-10 
  943       6.226349674760e-10 
  944       6.245612963857e-10 
  945       6.264974702003e-10 
  946       6.284434108082e-10 
  947       6.303990391661e-10 
  948       6.323642752964e-10 
  949       6.343390382842e-10 
  950       6.363232462748e-10 
  951       6.383168164713e-10 
  952       6.403196651316e-10 
  953       6.423317075655e-10 
  954       6.443528581329e-10 
  955       6.463830302401e-10 
  956       6.484221220158e-10 
  957       6.504699731027e-10 
  958       6.525264072000e-10 
  959       6.545912463217e-10 
  960       6.566643107914e-10 
  961       6.587454192385e-10 
  962       6.608343885929e-10 
  963       6.629310340809e-10 
  964       6.650351692207e-10 
  965       6.671466058175e-10 
  966       6.692651539593e-10 
  967       6.713906220121e-10 
  968       6.735228166156e-10 
  969       6.756615426784e-10 
  970       6.778066033736e-10 
  971       6.799578001344e-10 
  972       6.821149326490e-10 
  973       6.842777988568e-10 
  974       6.864461949433e-10 
  975       6.886199153358e-10 
  976       6.907987526987e-10 
  977       6.929824979292e-10 
  978       6.951709401525e-10 
  979       6.973638667175e-10 
  980       6.995610631917e-10 
  981       7.017623133576e-10 
  982       7.039673992072e-10 
  983       7.061761009380e-10 
  984       7.083881969485e-10 
  985       7.106034638332e-10 
  986       7.128216763785e-10 
  987       7.150426075578e-10 
  988       7.172660285273e-10 
  989       7.194917086213e-10 
  990       7.217194153475e-10 
  991       7.239489143827e-10 
  992       7.261799695682e-10 
  993       7.284123429049e-10 
  994       7.306457945495e-10 
  995       7.328800803847e-10 
  996       7.351149447031e-10 
  997       7.373501274070e-10 
  998       7.395853664186e-10 
  999       7.418203976752e-10 
 1000       7.440549551241e-10 
 1001       7.462887707178e-10 
 1002       7.485215744094e-10 
 1003       7.507530941474e-10 
 1004       7.529830558713e-10 
 1005       7.552111835062e-10 
 1006       7.574371989587e-10 
 1007       7.596608221112e-10 
 1008       7.618817708178e-10 
 1009       7.640997608991e-10 
 1010       7.663145061373e-10 
 1011       7.685257182715e-10 
 1012       7.707331069930e-10 
 1013       7.729363799401e-10 
 1014       7.751352426936e-10 
 1015       7.773293987716e-10 
 1016       7.795185496252e-10 
 1017       7.817023946331e-10 
 1018       7.838806310971e-10 
 1019       7.860529542369e-10 
 1020       7.882190571860e-10 
 1021       7.903786309859e-10 
 1022       7.925313645820e-10 
 1023       7.946769448184e-10 
 1024       7.968150564333e-10 
 1025       7.989453820537e-10 
 1026       8.010676021911e-10 
 1027       8.031813952365e-10 
 1028       8.052864374554e-10 
 1029       8.073824029829e-10 
 1030       8.094689638192e-10 
 1031       8.115457898246e-10 
 1032       8.136125487144e-10 
 1033       8.156689060546e-10 
 1034       8.177145378631e-10 
 1035       8.197491686194e-10 
 1036       8.217725337828e-10 
 1037       8.237843672306e-10 
 1038       8.257844012550e-10 
 1039       8.277723665594e-10 
 1040       8.297479922554e-10 
 1041       8.317110058590e-10 
 1042       8.336611332871e-10 
 1043       8.355980988546e-10 
 1044       8.375216252705e-10 
 1045       8.394314336344e-10 
 1046       8.413272434337e-10 
 1047       8.432087725394e-10 
 1048       8.450757372031e-10 
 1049       8.469278520538e-10 
 1050       8.487648300937e-10 
 1051       8.505863826957e-10 
 1052       8.523922195991e-10 
 1053       8.541820489070e-10 
 1054       8.559555770822e-10 
 1055       8.577125089442e-10 
 1056       8.594525476655e-10 
 1057       8.611753947683e-10 
 1058       8.628807501212e-10 
 1059       8.645683119355e-10 
 1060       8.662377767620e-10 
 1061       8.678888394874e-10 
 1062       8.695211933309e-10 
 1063       8.711345298411e-10 
 1064       8.727285388921e-10 
 1065       8.743029086802e-10 
 1066       8.758573257207e-10 
 1067       8.773914748444e-10 
 1068       8.789050391939e-10 
 1069       8.803977002204e-10 
 1070       8.818691376804e-10 
 1071       8.833190296320e-10 
 1072       8.847470524316e-10 
 1073       8.861529028722e-10 
 1074       8.875363649354e-10 
 1075       8.888972439413e-10 
 1076       8.902353444886e-10 
 1077       8.915504704530e-10 
 1078       8.928424249863e-10 
 1079       8.941110105154e-10 
 1080       8.953560287407e-10 
 1081       8.965772806357e-10 
 1082       8.977745664451e-10 
 1083       8.989476856844e-10 
 1084       9.000964371383e-10 
 1085       9.012206188595e-10 
 1086       9.023200281682e-10 
 1087       9.033944616503e-10 
 1088       9.044437151567e-10 
 1089       9.054675838020e-10 
 1090       9.064658619632e-10 
 1091       9.074383432792e-10 
 1092       9.083848206490e-10 
 1093       9.093050862309e-10 
 1094       9.101989314413e-10 
 1095       9.110661469537e-10 
 1096       9.119065226974e-10 
 1097       9.127198478566e-10 
 1098       9.135059108690e-10 
 1099       9.142644994249e-10 
 1100       9.149954004659e-10 
 1101       9.156984001841e-10 
 1102       9.163732840205e-10 
 1103       9.170198366644e-10 
 1104       9.176378420518e-10 
 1105       9.182270833647e-10 
 1106       9.187873430295e-10 
 1107       9.193184027166e-10 
 1108       9.198200433383e-10 
 1109       9.202920450486e-10 
 1110       9.207341872416e-10 
 1111       9.211462485504e-10 
 1112       9.215280336710e-10 
 1113       9.218794542217e-10 
 1114       9.222004489439e-10 
 1115       9.224909569750e-10 
 1116       9.227509178505e-10 
 1117       9.229802715044e-10 
 1118       9.231789582716e-10 
 1119       9.233469188892e-10 
 1120       9.234840944974e-10 
 1121       9.235904266419e-10 
 1122       9.236658572746e-10 
 1123       9.237103287553e-10 
 1124       9.237237838536e-10 
 1125       9.237061657497e-10 
 1126       9.236574180364e-10 
 1127       9.235774847204e-10 
 1128       9.234663102237e-10 
 1129       9.233238393852e-10 
 1130       9.231500174621e-10 
 1131       9.229447901315e-10 
 1132       9.227081034917e-10 
 1133       9.224399040637e-10 
 1134       9.221401387930e-10 
 1135       9.218087550507e-10 
 1136       9.214457006351e-10 
 1137       9.210509237732e-10 
 1138       9.206243731222e-10 
 1139       9.201659977709e-10 
 1140       9.196757472414e-10 
 1141       9.191535714902e-10 
 1142       9.185994209099e-10 
 1143       9.180132463310e-10 
 1144       9.173949990226e-10 
 1145       9.167446306947e-10 
 1146       9.160620934990e-10 
 1147       9.153473400311e-10 
 1148       9.146003233311e-10 
 1149       9.138209968859e-10 
 1150       9.130093146302e-10 
 1151       9.121652526518e-10 
 1152       9.112888746063e-10 
 1153       9.103802671357e-10 
 1154       9.094395182439e-10 
 1155       9.084667172999e-10 
 1156       9.074619550412e-10 
 1157       9.064253235775e-10 
 1158       9.053569163939e-10 
 1159       9.042568283544e-10 
 1160       9.031251557056e-10 
 1161       9.019619960795e-10 
 1162       9.007674484978e-10 
 1163       8.995416133746e-10 
 1164       8.982845925203e-10 
 1165       8.969964891448e-10 
 1166       8.956774078613e-10 
 1167       8.943274546891e-10 
 1168       8.929467370577e-10 
 1169       8.915353638098e-10 
 1170       8.900934452051e-10 
 1171       8.886210929233e-10 
 1172       8.871184200682e-10 
 1173       8.855855411704e-10 
 1174       8.840225721911e-10 
 1175       8.824296305258e-10 
 1176       8.808068350072e-10 
 1177       8.791543059091e-10 
 1178       8.774721649497e-10 
 1179       8.757605352947e-10 
 1180       8.740195415615e-10 
 1181       8.722493098219e-10 
 1182       8.704499676059e-10 
 1183       8.686216439051e-10 
 1184       8.667644691762e-10 
 1185       8.648785753444e-10 
 1186       8.629640958065e-10 
 1187       8.610211654352e-10 
 1188       8.590499205815e-10 
 1189       8.570504990790e-10 
 1190       8.550230521312e-10 
 1191       8.529677801284e-10 
 1192       8.508848972777e-10 
 1193       8.487746197629e-10 
 1194       8.466371657493e-10 
 1195       8.444727553877e-10 
 1196       8.422816108193e-10 
 1197       8.400639561795e-10 
 1198       8.378200176033e-10 
 1199       8.355500232287e-10 
 1200       8.332542032020e-10 
 1201       8.309327896818e-10 
 1202       8.285860168436e-10 
 1203       8.262141208841e-10 
 1204       8.238173400258e-10 
 1205       8.213959145216e-10 
 1206       8.189500866588e-10 
 1207       8.164801007640e-10 
 1208       8.139862032072e-10 
 1209       8.114686424066e-10 
 1210       8.089276688327e-10 
 1211       8.063635350131e-10 
 1212       8.037764955366e-10 
 1213       8.011668070578e-10 
 1214       7.985347283016e-10 
 1215       7.958805200679e-10 
 1216       7.932044452352e-10 
 1217       7.905067687662e-10 
 1218       7.877877577112e-10 
 1219       7.850476812134e-10 
 1220       7.822868105126e-10 
 1221       7.795054189503e-10 
 1222       7.767037819738e-10 
 1223       7.738821771407e-10 
 1224       7.710408841232e-10 
 1225       7.681801847130e-10 
 1226       7.653003628254e-10 
 1227       7.624017045036e-10 
 1228       7.594844979237e-10 
 1229       7.565490310696e-10 
 1230       7.535955847204e-10 
 1231       7.506244393886e-10 
 1232       7.476358776461e-10 
 1233       7.446301841279e-10 
 1234       7.416076455368e-10 
 1235       7.385685506477e-10 
 1236       7.355131903115e-10 
 1237       7.324418574596e-10 
 1238       7.293548471083e-10 
 1239       7.262524563627e-10 
 1240       7.231349844214e-10 
 1241       7.200027325803e-10 
 1242       7.168560042374e-10 
 1243       7.136951048964e-10 
 1244       7.105203421717e-10 
 1245       7.073320257920e-10 
 1246       7.041304676050e-10 
 1247       7.009159815816e-10 
 1248       6.976888838200e-10 
 1249       6.944494925502e-10 
 1250       6.911981281378e-10 
 1251       6.879351130889e-10 
 1252       6.846607720541e-10 
 1253       6.813754318324e-10 
 1254       6.780794213761e-10 
 1255       6.747730717946e-10 
 1256       6.714567163589e-10 
 1257       6.681306905057e-10 
 1258       6.647953318418e-10 
 1259       6.614509801483e-10 
 1260       6.580979773849e-10 
 1261       6.547366676942e-10 
 1262       6.513673974058e-10 
 1263       6.479905150408e-10 
 1264       6.446063713157e-10 
 1265       6.412153191473e-10 
 1266       6.378177136563e-10 
 1267       6.344139121718e-10 
 1268       6.310042602980e-10 
 1269       6.275890499282e-10 
 1270       6.241685607553e-10 
 1271       6.207430741684e-10 
 1272       6.173128732564e-10 
 1273       6.138782428109e-10 
 1274       6.104394693298e-10 
 1275       6.069968410203e-10 
 1276       6.035506478020e-10 
 1277       6.001011813104e-10 
 1278       5.966487349000e-10 
 1279       5.931936036476e-10 
 1280       5.897360843554e-10 
 1281       5.862764755542e-10 
 1282       5.828150775070e-10 
 1283       5.793521922115e-10 
 1284       5.758881234041e-10 
 1285       5.724231765628e-10 
 1286       5.689576589103e-10 
 1287       5.654918794173e-10 
 1288       5.620261488058e-10 
 1289       5.585607795525e-10 
 1290       5.550960858915e-10 
 1291       5.516323838181e-10 
 1292       5.481699910916e-10 
 1293       5.447092272389e-10 
 1294       5.412504135573e-10 
 1295       5.377938731181e-10 
 1296       5.343399307696e-10 
 1297       5.308889131406e-10 
 1298       5.274411486431e-10 
 1299       5.239969674760e-10 
 1300       5.205567016284e-10 
 1301       5.171206848823e-10 
 1302       5.136892528162e-10 
 1303       5.102627428085e-10 
 1304       5.068414940401e-10 
 1305       5.034258474984e-10 
 1306       5.000161459797e-10 
 1307       4.966127120550e-10 
 1308       4.932157816876e-10 
 1309       4.898255698789e-10 
 1310       4.864422926409e-10 
 1311       4.830661669982e-10 
 1312       4.796974109894e-10 
 1313       4.763362436688e-10 
 1314       4.729828851081e-10 
 1315       4.696375563981e-10 
 1316       4.663004796506e-10 
 1317       4.629718779996e-10 
 1318       4.596519756034e-10 
 1319       4.563409976460e-10 
 1320       4.530391703390e-10 
 1321       4.497467209232e-10 
 1322       4.464638776701e-10 
 1323       4.431908698838e-10 
 1324       4.399279279029e-10 
 1325       4.366752831014e-10 
 1326       4.334331678913e-10 
 1327       4.302018157236e-10 
 1328       4.269814610904e-10 
 1329       4.237723395262e-10 
 1330       4.205746876100e-10 
 1331       4.173887429668e-10 
 1332       4.142147442689e-10 
 1333       4.110529312384e-10 
 1334       4.079035446480e-10 
 1335       4.047668263234e-10 
 1336       4.016430191444e-10 
 1337       3.985323670471e-10 
 1338       3.954351150252e-10 
 1339       3.923515091316e-10 
 1340       3.892817964807e-10 
 1341       3.862262252493e-10 
 1342       3.831850446789e-10 
 1343       3.801585050769e-10 
 1344       3.771468578187e-10 
 1345       3.741503553489e-10 
 1346       3.711692276736e-10 
 1347       3.682036115520e-10 
 1348       3.652536205388e-10 
 1349       3.623193684241e-10 
 1350       3.594009692338e-10 
 1351       3.564985372299e-10 
 1352       3.536121869100e-10 
 1353       3.507420330082e-10 
 1354       3.478881904945e-10 
 1355       3.450507745755e-10 
 1356       3.422299006941e-10 
 1357       3.394256845300e-10 
 1358       3.366382419994e-10 
 1359       3.338676892555e-10 
 1360       3.311141426885e-10 
 1361       3.283777189255e-10 
 1362       3.256585348310e-10 
 1363       3.229567075068e-10 
 1364       3.202723542922e-10 
 1365       3.176055927639e-10 
 1366       3.149565407366e-10 
 1367       3.123253162626e-10 
 1368       3.097120376323e-10 
 1369       3.071168233740e-10 
 1370       3.045397922543e-10 
 1371       3.019810632783e-10 
 1372       2.994407556893e-10 
 1373       2.969189889692e-10 
 1374       2.944158828387e-10 
 1375       2.919315572573e-10 
 1376       2.894661324234e-10 
 1377       2.870197287745e-10 
 1378       2.845924669871e-10 
 1379       2.821844679773e-10 
 1380       2.797958529005e-10 
 1381       2.774267431516e-10 
 1382       2.750772603652e-10 
 1383       2.727475264159e-10 
 1384       2.704376634178e-10 
 1385       2.681477744540e-10 
 1386       2.658778855396e-10 
 1387       2.636280030457e-10 
 1388       2.613981329141e-10 
 1389       2.591882806568e-10 
 1390       2.569984513540e-10 
 1391       2.548286496538e-10 
 1392       2.526788797708e-10 
 1393       2.505491454847e-10 
 1394       2.484394501400e-10 
 1395       2.463497966442e-10 
 1396       2.442801874670e-10 
 1397       2.422306246393e-10 
 1398       2.402011097520e-10 
 1399       2.381916439549e-10 
 1400       2.362022279556e-10 
 1401       2.342328620187e-10 
 1402       2.322835459642e-10 
 1403       2.303542791669e-10 
 1404       2.284450605551e-10 
 1405       2.265558886095e-10 
 1406       2.246867613624e-10 
 1407       2.228376763959e-10 
 1408       2.210086308419e-10 
 1409       2.191996213799e-10 
 1410       2.174106442367e-10 
 1411       2.156416951852e-10 
 1412       2.138927695428e-10 
 1413       2.121638621710e-10 
 1414       2.104549674739e-10 
 1415       2.087660793972e-10 
 1416       2.070971914273e-10 
 1417       2.054482965900e-10 
 1418       2.038193874492e-10 
 1419       2.022104561067e-10 
 1420       2.006214941999e-10 
 1421       1.990524929018e-10 
 1422       1.975034429193e-10 
 1423       1.959743344922e-10 
 1424       1.944651462467e-10 
 1425       1.929758116326e-10 
 1426       1.915062521391e-10 
 1427       1.900563884075e-10 
 1428       1.886261402293e-10 
 1429       1.872154265446e-10 
 1430       1.858241654405e-10 
 1431       1.844522741488e-10 
 1432       1.830996690449e-10 
 1433       1.817662656458e-10 
 1434       1.804519786083e-10 
 1435       1.791567217272e-10 
 1436       1.778804079338e-10 
 1437       1.766229492940e-10 
 1438       1.753842570066e-10 
 1439       1.741642414016e-10 
 1440       1.729628119382e-10 
 1441       1.717798772035e-10 
 1442       1.706153449104e-10 
 1443       1.694691218960e-10 
 1444       1.683411141199e-10 
 1445       1.672312266624e-10 
 1446       1.661393637225e-10 
 1447       1.650654286169e-10 
 1448       1.640093237775e-10 
 1449       1.629709507498e-10 
 1450       1.619502101915e-10 
 1451       1.609470018707e-10 
 1452       1.599612246636e-10 
 1453       1.589927765535e-10 
 1454       1.580415546287e-10 
 1455       1.571074550808e-10 
 1456       1.561903732027e-10 
 1457       1.552902033874e-10 
 1458       1.544068391258e-10 
 1459       1.535401730054e-10 
 1460       1.526900967080e-10 
 1461       1.518565010083e-10 
 1462       1.510392757722e-10 
 1463       1.502383085593e-10 
 1464       1.494534804194e-10 
 1465       1.486846700504e-10 
 1466       1.479317551887e-10 
 1467       1.471946126068e-10 
 1468       1.464731181121e-10 
 1469       1.457671465447e-10 
 1470       1.450765717756e-10 
 1471       1.444012667050e-10 
 1472       1.437411032605e-10 
 1473       1.430959523951e-10 
 1474       1.424656840855e-10 
 1475       1.418501673305e-10 
 1476       1.412492701486e-10 
 1477       1.406628595769e-10 
 1478       1.400908016686e-10 
 1479       1.395329614916e-10 
 1480       1.389892031268e-10 
 1481       1.384593896658e-10 
 1482       1.379433832095e-10 
 1483       1.374410448659e-10 
 1484       1.369522347488e-10 
 1485       1.364768119754e-10 
 1486       1.360146346651e-10 
 1487       1.355655599370e-10 
 1488       1.351294439088e-10 
 1489       1.347061416941e-10 
 1490       1.342955074016e-10 
 1491       1.338973941326e-10 
 1492       1.335116539792e-10 
 1493       1.331381380228e-10 
 1494       1.327766963320e-10 
 1495       1.324271779611e-10 
 1496       1.320894309478e-10 
 1497       1.317633023119e-10 
 1498       1.314486380531e-10 
 1499       1.311452831494e-10 
 1500       1.308530815551e-10 
 1501       1.305718761991e-10 
 1502       1.303015153030e-10 
 1503       1.300418714056e-10 
 1504       1.297928225198e-10 
 1505       1.295542458285e-10 
 1506       1.293260176827e-10 
 1507       1.291080136001e-10 
 1508       1.289001082639e-10 
 1509       1.287021755208e-10 
 1510       1.285140883802e-10 
 1511       1.283357190121e-10 
 1512       1.281669387459e-10 
 1513       1.280076180688e-10 
 1514       1.278576266246e-10 
 1515       1.277168332118e-10 
 1516       1.275851057824e-10 
 1517       1.274623114405e-10 
 1518       1.273483164403e-10 
 1519       1.272429861854e-10 
 1520       1.271461852265e-10 
 1521       1.270577772606e-10 
 1522       1.269776251291e-10 
 1523       1.269055908164e-10 
 1524       1.268415354486e-10 
 1525       1.267853192918e-10 
 1526       1.267368017507e-10 
 1527       1.266958413671e-10 
 1528       1.266622958184e-10 
 1529       1.266360219162e-10 
 1530       1.266168756048e-10 
 1531       1.266047119595e-10 
 1532       1.265993851856e-10 
 1533       1.266007486163e-10 
 1534       1.266086547117e-10 
 1535       1.266229550571e-10 
 1536       1.266435003616e-10 
 1537       1.266701404566e-10 
 1538       1.267027242942e-10 
 1539       1.267410999459e-10 
 1540       1.267851146009e-10 
 1541       1.268346257603e-10 
 1542       1.268895349377e-10 
 1543       1.269497542751e-10 
 1544       1.270151953762e-10 
 1545       1.270857693051e-10 
 1546       1.271613865855e-10 
 1547       1.272419571996e-10 
 1548       1.273273905875e-10 
 1549       1.274175956461e-10 
 1550       1.275124807281e-10 
 1551       1.276119536414e-10 
 1552       1.277159216478e-10 
 1553       1.278242914622e-10 
 1554       1.279369692520e-10 
 1555       1.280538606356e-10 
 1556       1.281748706819e-10 
 1557       1.282999039094e-10 
 1558       1.284288642851e-10 
 1559       1.285616552236e-10 
 1560       1.286981795862e-10 
 1561       1.288383396801e-10 
 1562       1.289820372573e-10 
 1563       1.291291735139e-10 
 1564       1.292796490890e-10 
 1565       1.294333640637e-10 
 1566       1.295902179606e-10 
 1567       1.297501097423e-10 
 1568       1.299129378110e-10 
 1569       1.300786000072e-10 
 1570       1.302469936092e-10 
 1571       1.304180153317e-10 
 1572       1.305915613252e-10 
 1573       1.307675271750e-10 
 1574       1.309458079002e-10 
 1575       1.311262979530e-10 
 1576       1.313088912176e-10 
 1577       1.314934810092e-10 
 1578       1.316799600733e-10 
 1579       1.318682205848e-10 
 1580       1.320581655032e-10 
 1581       1.322497427554e-10 
 1582       1.324429113679e-10 
 1583       1.326376301385e-10 
 1584       1.328338576360e-10 
 1585       1.330315521998e-10 
 1586       1.332306719396e-10 
 1587       1.334311747350e-10 
 1588       1.336330182352e-10 
 1589       1.338361598585e-10 
 1590       1.340405567918e-10 
 1591       1.342461659907e-10 
 1592       1.344529441787e-10 
 1593       1.346608478469e-10 
 1594       1.348698332537e-10 
 1595       1.350798564246e-10 
 1596       1.352908731515e-10 
 1597       1.355028389924e-10 
 1598       1.357157092712e-10 
 1599       1.359294390773e-10 
 1600       1.361439832651e-10 
 1601       1.363592964536e-10 
 1602       1.365753330262e-10 
 1603       1.367920471301e-10 
 1604       1.370093926764e-10 
 1605       1.372273233391e-10 
 1606       1.374457925550e-10 
 1607       1.376647535237e-10 
 1608       1.378841592064e-10 
 1609       1.381039623263e-10 
 1610       1.383241153680e-10 
 1611       1.385445705769e-10 
 1612       1.387652799590e-10 
 1613       1.389861952805e-10 
 1614       1.392072680677e-10 
 1615       1.394284496060e-10 
 1616       1.396496909402e-10 
 1617       1.398709428736e-10 
 1618       1.400921559681e-10 
 1619       1.403132893335e-10 
 1620       1.405343370846e-10 
 1621       1.407553021229e-10 
 1622       1.409761873676e-10 
 1623       1.411969957561e-10 
 1624       1.414177302440e-10 
 1625       1.416383938050e-10 
 1626       1.418589894307e-10 
 1627       1.420795201313e-10 
 1628       1.422999889349e-10 
 1629       1.425203988881e-10 
 1630       1.427407530556e-10 
 1631       1.429610545204e-10 
 1632       1.431813063840e-10 
 1633       1.434015117661e-10 
 1634       1.436216738050e-10 
 1635       1.438417956573e-10 
 1636       1.440618804979e-10 
 1637       1.442819315206e-10 
 1638       1.445019519374e-10 
 1639       1.447219449789e-10 
 1640       1.449419138943e-10 
 1641       1.451618619516e-10 
 1642       1.453817924371e-10 
 1643       1.456017086560e-10 
 1644       1.458216139322e-10 
 1645       1.460415116083e-10 
 1646       1.462614050456e-10 
 1647       1.464812976242e-10 
 1648       1.467011927431e-10 
 1649       1.469210938201e-10 
 1650       1.471410042919e-10 
 1651       1.473609276141e-10 
 1652       1.475808672612e-10 
 1653       1.478008267268e-10 
 1654       1.480208095233e-10 
 1655       1.482408191824e-10 
 1656       1.484608592546e-10 
 1657       1.486809333096e-10 
 1658       1.489010488845e-10 
 1659       1.491212293662e-10 
 1660       1.493415022141e-10 
 1661       1.495618950212e-10 
 1662       1.497824355143e-10 
 1663       1.500031515548e-10 
 1664       1.502240711380e-10 
 1665       1.504452223941e-10 
 1666       1.506666335878e-10 
 1667       1.508883331190e-10 
 1668       1.511103495226e-10 
 1669       1.513327114689e-10 
 1670       1.515554477640e-10 
 1671       1.517785873494e-10 
 1672       1.520021593028e-10 
 1673       1.522261928381e-10 
 1674       1.524507173056e-10 
 1675       1.526757621920e-10 
 1676       1.529013571209e-10 
 1677       1.531275318531e-10 
 1678       1.533543162862e-10 
 1679       1.535817404555e-10 
 1680       1.538098345337e-10 
 1681       1.540386288315e-10 
 1682       1.542681537974e-10 
 1683       1.544984400182e-10 
 1684       1.547295182192e-10 
 1685       1.549614192641e-10 
 1686       1.551941741556e-10 
 1687       1.554278140353e-10 
 1688       1.556623701841e-10 
 1689       1.558978740222e-10 
 1690       1.561343571095e-10 
 1691       1.563718511458e-10 
 1692       1.566103879708e-10 
 1693       1.568499995644e-10 
 1694       1.570907180470e-10 
 1695       1.573325756797e-10 
 1696       1.575756048643e-10 
 1697       1.578198371620e-10 
 1698       1.580653003390e-10 
 1699       1.583120212959e-10 
 1700       1.585600270469e-10 
 1701       1.588093447203e-10 
 1702       1.590600015586e-10 
 1703       1.593120249185e-10 
 1704       1.595654422711e-10 
 1705       1.598202812024e-10 
 1706       1.600765694128e-10 
 1707       1.603343347180e-10 
 1708       1.605936050486e-10 
 1709       1.608544084505e-10 
 1710       1.611167730851e-10 
 1711       1.613807272293e-10 
 1712       1.616462992758e-10 
 1713       1.619135177333e-10 
 1714       1.621824112264e-10 
 1715       1.624530084960e-10 
 1716       1.627253383996e-10 
 1717       1.629994299109e-10 
 1718       1.632753121206e-10 
 1719       1.635530142361e-10 
 1720       1.638325655821e-10 
 1721       1.641139956002e-10 
 1722       1.643973338496e-10 
 1723       1.646826100069e-10 
 1724       1.649698538664e-10 
 1725       1.652590953403e-10 
 1726       1.655503644588e-10 
 1727       1.658436913703e-10 
 1728       1.661391063414e-10 
 1729       1.664366397574e-10 
 1730       1.667363221220e-10 
 1731       1.670381840581e-10 
 1732       1.673422563072e-10 
 1733       1.676485697301e-10 
 1734       1.679571553069e-10 
 1735       1.682680441373e-10 
 1736       1.685812634702e-10 
 1737       1.688968247574e-10 
 1738       1.692147354998e-10 
 1739       1.695350032084e-10 
 1740       1.698576354043e-10 
 1741       1.701826396188e-10 
 1742       1.705100233932e-10 
 1743       1.708397942791e-10 
 1744       1.711719598381e-10 
 1745       1.715065276419e-10 
 1746       1.718435052724e-10 
 1747       1.721829003218e-10 
 1748       1.725247203922e-10 
 1749       1.728689730959e-10 
 1750       1.732156660554e-10 
 1751       1.735648069035e-10 
 1752       1.739164032829e-10 
 1753       1.742704628466e-10 
 1754       1.746269932577e-10 
 1755       1.749860021896e-10 
 1756       1.753474973258e-10 
 1757       1.757114863598e-10 
 1758       1.760779769956e-10 
 1759       1.764469769472e-10 
 1760       1.768184939388e-10 
 1761       1.771925357049e-10 
 1762       1.775691099899e-10 
 1763       1.779482245487e-10 
 1764       1.783298871463e-10 
 1765       1.787141055579e-10 
 1766       1.791008875688e-10 
 1767       1.794902409748e-10 
 1768       1.798821735817e-10 
 1769       1.802766932054e-10 
 1770       1.806738076723e-10 
 1771       1.810735248188e-10 
 1772       1.814758524916e-10 
 1773       1.818807985478e-10 
 1774       1.822883708545e-10 
 1775       1.826985721485e-10 
 1776       1.831113845685e-10 
 1777       1.835267849953e-10 
 1778       1.839447501808e-10 
 1779       1.843652567474e-10 
 1780       1.847882811884e-10 
 1781       1.852137998672e-10 
 1782       1.856417890175e-10 
 1783       1.860722247432e-10 
 1784       1.865050830176e-10 
 1785       1.869403396839e-10 
 1786       1.873779704547e-10 
 1787       1.878179509118e-10 
 1788       1.882602565059e-10 
 1789       1.887048625569e-10 
 1790       1.891517442529e-10 
 1791       1.896008766509e-10 
 1792       1.900522346758e-10 
 1793       1.905057931208e-10 
 1794       1.909615266469e-10 
 1795       1.914194097828e-10 
 1796       1.918794169248e-10 
 1797       1.923415223363e-10 
 1798       1.928057001480e-10 
 1799       1.932719243575e-10 
 1800       1.937401688290e-10 
 1801       1.942104072934e-10 
 1802       1.946826133479e-10 
 1803       1.951567604557e-10 
 1804       1.956328219462e-10 
 1805       1.961107710144e-10 
 1806       1.965905807210e-10 
 1807       1.970722239919e-10 
 1808       1.975556736185e-10 
 1809       1.980409022568e-10 
 1810       1.985278824280e-10 
 1811       1.990165865176e-10 
 1812       1.995069867758e-10 
 1813       1.999990553167e-10 
 1814       2.004927603590e-10 
 1815       2.009880549120e-10 
 1816       2.014848879981e-10 
 1817       2.019832084029e-10 
 1818       2.024829646760e-10 
 1819       2.029841051297e-10 
 1820       2.034865778393e-10 
 1821       2.039903306426e-10 
 1822       2.044953111393e-10 
 1823       2.050014666911e-10 
 1824       2.055087444212e-10 
 1825       2.060170912137e-10 
 1826       2.065264537139e-10 
 1827       2.070367783273e-10 
 1828       2.075480112195e-10 
 1829       2.080600983163e-10 
 1830       2.085729853025e-10 
 1831       2.090866176225e-10 
 1832       2.096009404793e-10 
 1833       2.101158988345e-10 
 1834       2.106314374078e-10 
 1835       2.111475006768e-10 
 1836       2.116640328768e-10 
 1837       2.121809779999e-10 
 1838       2.126982797955e-10 
 1839       2.132158817691e-10 
 1840       2.137337271827e-10 
 1841       2.142517590542e-10 
 1842       2.147699201569e-10 
 1843       2.152881530192e-10 
 1844       2.158063999248e-10 
 1845       2.163246029116e-10 
 1846       2.168427037718e-10 
 1847       2.173606440516e-10 
 1848       2.178783650506e-10 
 1849       2.183958078218e-10 
 1850       2.189129131712e-10 
 1851       2.194296216570e-10 
 1852       2.199458735901e-10 
 1853       2.204616083921e-10 
 1854       2.209767626676e-10 
 1855       2.214912721161e-10 
 1856       2.220050721717e-10 
 1857       2.225180980022e-10 
 1858       2.230302845092e-10 
 1859       2.235415663273e-10 
 1860       2.240518778243e-10 
 1861       2.245611531002e-10 
 1862       2.250693259876e-10 
 1863       2.255763300506e-10 
 1864       2.260820985850e-10 
 1865       2.265865646175e-10 
 1866       2.270896609059e-10 
 1867       2.275913199382e-10 
 1868       2.280914739326e-10 
 1869       2.285900548369e-10 
 1870       2.290869943284e-10 
 1871       2.295822238134e-10 
 1872       2.300756744270e-10 
 1873       2.305672770322e-10 
 1874       2.310569622206e-10 
 1875       2.315446603108e-10 
 1876       2.320303013491e-10 
 1877       2.325138151086e-10 
 1878       2.329951310888e-10 
 1879       2.334741785157e-10 
 1880       2.339508863409e-10 
 1881       2.344251832417e-10 
 1882       2.348969976204e-10 
 1883       2.353662576043e-10 
 1884       2.358328910449e-10 
 1885       2.362968255180e-10 
 1886       2.367579883232e-10 
 1887       2.372163064833e-10 
 1888       2.376717067442e-10 
 1889       2.381241155746e-10 
 1890       2.385734591654e-10 
 1891       2.390196634297e-10 
 1892       2.394626563670e-10 
 1893       2.399023751772e-10 
 1894       2.403387592013e-10 
 1895       2.407717475608e-10 
 1896       2.412012791579e-10 
 1897       2.416272926746e-10 
 1898       2.420497265729e-10 
 1899       2.424685190945e-10 
 1900       2.428836082604e-10 
 1901       2.432949318706e-10 
 1902       2.437024275039e-10 
 1903       2.441060325175e-10 
 1904       2.445056840471e-10 
 1905       2.449013190062e-10 
 1906       2.452928740860e-10 
 1907       2.456802857551e-10 
 1908       2.460634902594e-10 
 1909       2.464424236214e-10 
 1910       2.468170216406e-10 
 1911       2.471872198924e-10 
 1912       2.475529537286e-10 
 1913       2.479141582765e-10 
 1914       2.482707684393e-10 
 1915       2.486227188951e-10 
 1916       2.489699440970e-10 
 1917       2.493123782729e-10 
 1918       2.496499554253e-10 
 1919       2.499826093304e-10 
 1920       2.503102735387e-10 
 1921       2.506328813740e-10 
 1922       2.509503659338e-10 
 1923       2.512626600882e-10 
 1924       2.515696964805e-10 
 1925       2.518714075263e-10 
 1926       2.521677254135e-10 
 1927       2.524585821020e-10 
 1928       2.527439093233e-10 
 1929       2.530236385804e-10 
 1930       2.532977011474e-10 
 1931       2.535660330684e-10 
 1932       2.538285901946e-10 
 1933       2.540853332609e-10 
 1934       2.543362228964e-10 
 1935       2.545812196248e-10 
 1936       2.548202838640e-10 
 1937       2.550533759262e-10 
 1938       2.552804560177e-10 
 1939       2.555014842388e-10 
 1940       2.557164205836e-10 
 1941       2.559252249402e-10 
 1942       2.561278570900e-10 
 1943       2.563242767083e-10 
 1944       2.565144433635e-10 
 1945       2.566983165176e-10 
 1946       2.568758555256e-10 
 1947       2.570470196358e-10 
 1948       2.572117679894e-10 
 1949       2.573700596203e-10 
 1950       2.575218534555e-10 
 1951       2.576671083143e-10 
 1952       2.578057829089e-10 
 1953       2.579378358435e-10 
 1954       2.580632256151e-10 
 1955       2.581819106124e-10 
 1956       2.582938491167e-10 
 1957       2.583989993009e-10 
 1958       2.584973192299e-10 
 1959       2.585887668604e-10 
 1960       2.586733000407e-10 
 1961       2.587508765106e-10 
 1962       2.588214539014e-10 
 1963       2.588849897356e-10 
 1964       2.589414414270e-10 
 1965       2.589907662805e-10 
 1966       2.590329214919e-10 
 1967       2.590678641480e-10 
 1968       2.590955512260e-10 
 1969       2.591159395942e-10 
 1970       2.591289922188e-10 
 1971       2.591346968371e-10 
 1972       2.591330474233e-10 
 1973       2.591240379932e-10 
 1974       2.591076626043e-10 
 1975       2.590839153562e-10 
 1976       2.590527903902e-10 
 1977       2.590142818898e-10 
 1978       2.589683840806e-10 
 1979       2.589150912302e-10 
 1980       2.588543976488e-10 
 1981       2.587862976887e-10 
 1982       2.587107857448e-10 
 1983       2.586278562544e-10 
 1984       2.585375036973e-10 
 1985       2.584397225963e-10 
 1986       2.583345075167e-10 
 1987       2.582218530666e-10 
 1988       2.581017538972e-10 
 1989       2.579742047026e-10 
 1990       2.578392002200e-10 
 1991       2.576967352297e-10 
 1992       2.575468045552e-10 
 1993       2.573894030635e-10 
 1994       2.572245256649e-10 
 1995       2.570521673131e-10 
 1996       2.568723230054e-10 
 1997       2.566849877828e-10 
 1998       2.564901567300e-10 
 1999       2.562878249754e-10 
 2000       2.560779876913e-10 
 2001       2.558606400941e-10 
 2002       2.556357774441e-10 
 2003       2.554033950458e-10 
 2004       2.551634882478e-10 
 2005       2.549160524430e-10 
 2006       2.546610830688e-10 
 2007       2.543985756068e-10 
 2008       2.541285255834e-10 
 2009       2.538509336098e-10 
 2010       2.535658205445e-10 
 2011       2.532732124415e-10 
 2012       2.529731355205e-10 
 2013       2.526656161668e-10 
 2014       2.523506809317e-10 
 2015       2.520283565325e-10 
 2016       2.516986698530e-10 
 2017       2.513616479438e-10 
 2018       2.510173180221e-10 
 2019       2.506657074722e-10 
 2020       2.503068438461e-10 
 2021       2.499407548628e-10 
 2022       2.495674684094e-10 
 2023       2.491870125410e-10 
 2024       2.487994154809e-10 
 2025       2.484047056208e-10 
 2026       2.480029115212e-10 
 2027       2.475940619114e-10 
 2028       2.471781856900e-10 
 2029       2.467553119249e-10 
 2030       2.463254698537e-10 
 2031       2.458886888837e-10 
 2032       2.454449985925e-10 
 2033       2.449944287278e-10 
 2034       2.445370092079e-10 
 2035       2.440727701219e-10 
 2036       2.436017417299e-10 
 2037       2.431239544632e-10 
 2038       2.426394389245e-10 
 2039       2.421482258884e-10 
 2040       2.416503463012e-10 
 2041       2.411458312813e-10 
 2042       2.406347121198e-10 
 2043       2.401170202801e-10 
 2044       2.395927873985e-10 
 2045       2.390620452844e-10 
 2046       2.385248259206e-10 
 2047       2.379811614633e-10 
 2048       2.374310879515e-10 
 2049       2.368746564633e-10 
 2050       2.363119220399e-10 
 2051       2.357429399839e-10 
 2052       2.351677658599e-10 
 2053       2.345864554945e-10 
 2054       2.339990649769e-10 
 2055       2.334056506594e-10 
 2056       2.328062691572e-10 
 2057       2.322009773492e-10 
 2058       2.315898323781e-10 
 2059       2.309728916509e-10 
 2060       2.303502128391e-10 
 2061       2.297218538790e-10 
 2062       2.290878729723e-10 
 2063       2.284483285861e-10 
 2064       2.278032794535e-10 
 2065       2.271527845738e-10 
 2066       2.264969032129e-10 
 2067       2.258356949034e-10 
 2068       2.251692194454e-10 
 2069       2.244975369065e-10 
 2070       2.238207076221e-10 
 2071       2.231387921959e-10 
 2072       2.224518515002e-10 
 2073       2.217599466764e-10 
 2074       2.210631391347e-10 
 2075       2.203614905554e-10 
 2076       2.196550628883e-10 
 2077       2.189439183537e-10 
 2078       2.182281194425e-10 
 2079       2.175077289165e-10 
 2080       2.167828098086e-10 
 2081       2.160534254236e-10 
 2082       2.153196393381e-10 
 2083       2.145815154008e-10 
 2084       2.138391177333e-10 
 2085       2.130925107301e-10 
 2086       2.123417590588e-10 
 2087       2.115869277137e-10 
 2088       2.108280821751e-10 
 2089       2.100652882519e-10 
 2090       2.092986120284e-10 
 2091       2.085281198654e-10 
 2092       2.077538784003e-10 
 2093       2.069759545470e-10 
 2094       2.061944154969e-10 
 2095       2.054093287189e-10 
 2096       2.046207619596e-10 
 2097       2.038287832440e-10 
 2098       2.030334608756e-10 
 2099       2.022348634368e-10 
 2100       2.014330597890e-10 
 2101       2.006281190736e-10 
 2102       1.998201107114e-10 
 2103       1.990091044039e-10 
 2104       1.981951701328e-10 
 2105       1.973783781609e-10 
 2106       1.965587990322e-10 
 2107       1.957365035724e-10 
 2108       1.949115628889e-10 
 2109       1.940840483715e-10 
 2110       1.932540316926e-10 
 2111       1.924215848076e-10 
 2112       1.915867799549e-10 
 2113       1.907496896568e-10 
 2114       1.899103867194e-10 
 2115       1.890689442332e-10 
 2116       1.882254355731e-10 
 2117       1.873799343993e-10 
 2118       1.865325146570e-10 
 2119       1.856832505771e-10 
 2120       1.848322166766e-10 
 2121       1.839794877586e-10 
 2122       1.831251389132e-10 
 2123       1.822692455170e-10 
 2124       1.814118832342e-10 
 2125       1.805531280168e-10 
 2126       1.796930541664e-10 
 2127       1.788317285059e-10 
 2128       1.779692161686e-10 
 2129       1.771055825331e-10 
 2130       1.762408932234e-10 
 2131       1.753752141091e-10 
 2132       1.745086113061e-10 
 2133       1.736411511763e-10 
 2134       1.727729003286e-10 
 2135       1.719039256185e-10 
 2136       1.710342941487e-10 
 2137       1.701640732695e-10 
 2138       1.692933305789e-10 
 2139       1.684221339230e-10 
 2140       1.675505513960e-10 
 2141       1.666786513409e-10 
 2142       1.658065023496e-10 
 2143       1.649341732632e-10 
 2144       1.640617331721e-10 
 2145       1.631892514166e-10 
 2146       1.623167975870e-10 
 2147       1.614444415240e-10 
 2148       1.605722533188e-10 
 2149       1.597003033135e-10 
 2150       1.588286621016e-10 
 2151       1.579574005277e-10 
 2152       1.570865896884e-10 
 2153       1.562163009324e-10 
 2154       1.553466058605e-10 
 2155       1.544775763264e-10 
 2156       1.536092844364e-10 
 2157       1.527418025502e-10 
 2158       1.518752032810e-10 
 2159       1.510095594955e-10 
 2160       1.501449443147e-10 
 2161       1.492814311139e-10 
 2162       1.484190935228e-10 
 2163       1.475580054263e-10 
 2164       1.466982409643e-10 
 2165       1.458398701959e-10 
 2166       1.449829460586e-10 
 2167       1.441275173216e-10 
 2168       1.432736329138e-10 
 2169       1.424213419247e-10 
 2170       1.415706936039e-10 
 2171       1.407217373616e-10 
 2172       1.398745227690e-10 
 2173       1.390290995580e-10 
 2174       1.381855176214e-10 
 2175       1.373438270136e-10 
 2176       1.365040779504e-10 
 2177       1.356663208089e-10 
 2178       1.348306061285e-10 
 2179       1.339969846100e-10 
 2180       1.331655071167e-10 
 2181       1.323362246742e-10 
 2182       1.315091884705e-10 
 2183       1.306844498561e-10 
 2184       1.298620603448e-10 
 2185       1.290420716129e-10 
 2186       1.282245355002e-10 
 2187       1.274095040098e-10 
 2188       1.265970293082e-10 
 2189       1.257871637260e-10 
 2190       1.249799597571e-10 
 2191       1.241754700600e-10 
 2192       1.233737474572e-10 
 2193       1.225748449356e-10 
 2194       1.217788156467e-10 
 2195       1.209857129068e-10 
 2196       1.201955901972e-10 
 2197       1.194085011641e-10 
 2198       1.186244996194e-10 
 2199       1.178436395399e-10 
 2200       1.170659750685e-10 
 2201       1.162915605138e-10 
 2202       1.155204503502e-10 
 2203       1.147526992185e-10 
 2204       1.139883573497e-10 
 2205       1.132274568043e-10 
 2206       1.124700251419e-10 
 2207       1.117160899893e-10 
 2208       1.109656790404e-10 
 2209       1.102188200561e-10 
 2210       1.094755408648e-10 
 2211       1.087358693621e-10 
 2212       1.079998335108e-10 
 2213       1.072674613413e-10 
 2214       1.065387809514e-10 
 2215       1.058138205065e-10 
 2216       1.050926082396e-10 
 2217       1.043751724513e-10 
 2218       1.036615415099e-10 
 2219       1.029517438518e-10 
 2220       1.022458079808e-10 
 2221       1.015437624689e-10 
 2222       1.008456359561e-10 
 2223       1.001514571502e-10 
 2224       9.946125482748e-11 
 2225       9.877505783202e-11 
 2226       9.809289507630e-11 
 2227       9.741479554107e-11 
 2228       9.674078827543e-11 
 2229       9.607090239690e-11 
 2230       9.540516709144e-11 
 2231       9.474361161359e-11 
 2232       9.408626528647e-11 
 2233       9.343315750186e-11 
 2234       9.278431772027e-11 
 2235       9.213977547099e-11 
 2236       9.149956035215e-11 
 2237       9.086370203082e-11 
 2238       9.023223024301e-11 
 2239       8.960517479377e-11 
 2240       8.898256555727e-11 
 2241       8.836443247680e-11 
 2242       8.775080556491e-11 
 2243       8.714171048699e-11 
 2244       8.653715528068e-11 
 2245       8.593714354994e-11 
 2246       8.534167887354e-11 
 2247       8.475076480500e-11 
 2248       8.416440487258e-11 
 2249       8.358260257922e-11 
 2250       8.300536140250e-11 
 2251       8.243268479458e-11 
 2252       8.186457618218e-11 
 2253       8.130103896653e-11 
 2254       8.074207652332e-11 
 2255       8.018769220267e-11 
 2256       7.963788932906e-11 
 2257       7.909267120132e-11 
 2258       7.855204109257e-11 
 2259       7.801600225017e-11 
 2260       7.748455789569e-11 
 2261       7.695771122487e-11 
 2262       7.643546540755e-11 
 2263       7.591782358765e-11 
 2264       7.540478888315e-11 
 2265       7.489636438598e-11 
 2266       7.439255316204e-11 
 2267       7.389335825112e-11 
 2268       7.339878266688e-11 
 2269       7.290882939678e-11 
 2270       7.242350140207e-11 
 2271       7.194280161772e-11 
 2272       7.146673295239e-11 
 2273       7.099529828837e-11 
 2274       7.052850048158e-11 
 2275       7.006634236146e-11 
 2276       6.960882673099e-11 
 2277       6.915595636661e-11 
 2278       6.870773401819e-11 
 2279       6.826416240897e-11 
 2280       6.782524423555e-11 
 2281       6.739098216782e-11 
 2282       6.696137619973e-11 
 2283       6.653641568306e-11 
 2284       6.611608724248e-11 
 2285       6.570037741996e-11 
 2286       6.528927267468e-11 
 2287       6.488275938295e-11 
 2288       6.448082383804e-11 
 2289       6.408345225015e-11 
 2290       6.369063074627e-11 
 2291       6.330234537007e-11 
 2292       6.291858208181e-11 
 2293       6.253932675823e-11 
 2294       6.216456519246e-11 
 2295       6.179428309387e-11 
 2296       6.142846608804e-11 
 2297       6.106709971657e-11 
 2298       6.071016943707e-11 
 2299       6.035766062295e-11 
 2300       6.000955856342e-11 
 2301       5.966584846331e-11 
 2302       5.932651544299e-11 
 2303       5.899154453830e-11 
 2304       5.866092070037e-11 
 2305       5.833462879559e-11 
 2306       5.801265360547e-11 
 2307       5.769497982654e-11 
 2308       5.738159207024e-11 
 2309       5.707247486284e-11 
 2310       5.676761264529e-11 
 2311       5.646698977319e-11 
 2312       5.617059051659e-11 
 2313       5.587839905997e-11 
 2314       5.559039950209e-11 
 2315       5.530657585590e-11 
 2316       5.502691204842e-11 
 2317       5.475139192068e-11 
 2318       5.447999922755e-11 
 2319       5.421271763769e-11 
 2320       5.394953073342e-11 
 2321       5.369042081056e-11 
 2322       5.343536526986e-11 
 2323       5.318434020261e-11 
 2324       5.293732158845e-11 
 2325       5.269428529534e-11 
 2326       5.245520707933e-11 
 2327       5.222006258449e-11 
 2328       5.198882734275e-11 
 2329       5.176147677378e-11 
 2330       5.153798618487e-11 
 2331       5.131833077077e-11 
 2332       5.110248561359e-11 
 2333       5.089042568264e-11 
 2334       5.068212583433e-11 
 2335       5.047756081201e-11 
 2336       5.027670524586e-11 
 2337       5.007953365274e-11 
 2338       4.988602043609e-11 
 2339       4.969613988575e-11 
 2340       4.950986617789e-11 
 2341       4.932717337483e-11 
 2342       4.914803542492e-11 
 2343       4.897242616242e-11 
 2344       4.880031930738e-11 
 2345       4.863168846547e-11 
 2346       4.846650712789e-11 
 2347       4.830474867120e-11 
 2348       4.814638635724e-11 
 2349       4.799139333294e-11 
 2350       4.783974263024e-11 
 2351       4.769140716593e-11 
 2352       4.754635974151e-11 
 2353       4.740457304310e-11 
 2354       4.726601964128e-11 
 2355       4.713067199094e-11 
 2356       4.699850243121e-11 
 2357       4.686948318526e-11 
 2358       4.674358636022e-11 
 2359       4.662078394701e-11 
 2360       4.650104815772e-11 
 2361       4.638435244015e-11 
 2362       4.627067046927e-11 
 2363       4.615997581022e-11 
 2364       4.605224191817e-11 
 2365       4.594744213822e-11 
 2366       4.584554970523e-11 
 2367       4.574653774376e-11 
 2368       4.565037926786e-11 
 2369       4.555704718106e-11 
 2370       4.546651427613e-11 
 2371       4.537875323504e-11 
 2372       4.529373662880e-11 
 2373       4.521143691733e-11 
 2374       4.513182644937e-11 
 2375       4.505487746232e-11 
 2376       4.498056208213e-11 
 2377       4.490885232320e-11 
 2378       4.483972008820e-11 
 2379       4.477313716801e-11 
 2380       4.470907524155e-11 
 2381       4.464750587567e-11 
 2382       4.458840052504e-11 
 2383       4.453173053202e-11 
 2384       4.447746712652e-11 
 2385       4.442558142588e-11 
 2386       4.437604443478e-11 
 2387       4.432882704507e-11 
 2388       4.428390003568e-11 
 2389       4.424123407247e-11 
 2390       4.420079970812e-11 
 2391       4.416256738203e-11 
 2392       4.412650742014e-11 
 2393       4.409259003486e-11 
 2394       4.406078532491e-11 
 2395       4.403106327522e-11 
 2396       4.400339375680e-11 
 2397       4.397774652661e-11 
 2398       4.395409122743e-11 
 2399       4.393239910995e-11 
 2400       4.391264821068e-11 
 2401       4.389481820538e-11 
 2402       4.387888868965e-11 
 2403       4.386483917885e-11 
 2404       4.385264910801e-11 
 2405       4.384229783173e-11 
 2406       4.383376462412e-11 
 2407       4.382702867867e-11 
 2408       4.382206910820e-11 
 2409       4.381886494477e-11 
 2410       4.381739513956e-11 
 2411       4.381763856282e-11 
 2412       4.381957400374e-11 
 2413       4.382318017043e-11 
 2414       4.382843568975e-11 
 2415       4.383531910728e-11 
 2416       4.384380888722e-11 
 2417       4.385388341227e-11 
 2418       4.386552098359e-11 
 2419       4.387869982069e-11 
 2420       4.389339806135e-11 
 2421       4.390959376150e-11 
 2422       4.392726489517e-11 
 2423       4.394638935440e-11 
 2424       4.396694494913e-11 
 2425       4.398890940712e-11 
 2426       4.401226037387e-11 
 2427       4.403697541254e-11 
 2428       4.406303200384e-11 
 2429       4.409040754595e-11 
 2430       4.411907935444e-11 
 2431       4.414902466216e-11 
 2432       4.418022061921e-11 
 2433       4.421264429276e-11 
 2434       4.424627266705e-11 
 2435       4.428108264325e-11 
 2436       4.431705103940e-11 
 2437       4.435415459030e-11 
 2438       4.439237129714e-11 
 2439       4.443168448551e-11 
 2440       4.447207877157e-11 
 2441       4.451353871452e-11 
 2442       4.455604881653e-11 
 2443       4.459959352268e-11 
 2444       4.464415722089e-11 
 2445       4.468972424189e-11 
 2446       4.473627885912e-11 
 2447       4.478380528868e-11 
 2448       4.483228768930e-11 
 2449       4.488171016224e-11 
 2450       4.493205675126e-11 
 2451       4.498331144252e-11 
 2452       4.503545816456e-11 
 2453       4.508848078824e-11 
 2454       4.514236312662e-11 
 2455       4.519708893499e-11 
 2456       4.525264191074e-11 
 2457       4.530900569331e-11 
 2458       4.536616386415e-11 
 2459       4.542409994667e-11 
 2460       4.548279740614e-11 
 2461       4.554223964964e-11 
 2462       4.560241002604e-11 
 2463       4.566329182587e-11 
 2464       4.572486828132e-11 
 2465       4.578712256617e-11 
 2466       4.585003779568e-11 
 2467       4.591359702659e-11 
 2468       4.597778325704e-11 
 2469       4.604257942649e-11 
 2470       4.610796841568e-11 
 2471       4.617393304656e-11 
 2472       4.624045608223e-11 
 2473       4.630752022690e-11 
 2474       4.637510812580e-11 
 2475       4.644320236512e-11 
 2476       4.651178547198e-11 
 2477       4.658084493776e-11 
 2478       4.665038832080e-11 
 2479       4.672042823285e-11 
 2480       4.679097732383e-11 
 2481       4.686204828184e-11 
 2482       4.693365383320e-11 
 2483       4.700580674252e-11 
 2484       4.707851981268e-11 
 2485       4.715180588491e-11 
 2486       4.722567783883e-11 
 2487       4.730014859247e-11 
 2488       4.737523110228e-11 
 2489       4.745093836326e-11 
 2490       4.752728340888e-11 
 2491       4.760427931121e-11 
 2492       4.768193918091e-11 
 2493       4.776027616728e-11 
 2494       4.783930345830e-11 
 2495       4.791903428067e-11 
 2496       4.799948189984e-11 
 2497       4.808065962005e-11 
 2498       4.816258078436e-11 
 2499       4.824525877472e-11 
 2500       4.832870701196e-11 
