# dimensionless total [l(l+1)/2pi] C_l's
# for l=2 to 2500, i.e. number of multipoles equal to 2499
#
# -> if you prefer output in CAMB/HealPix/LensPix units/order, set 'format' to 'camb' in input file
# -> if you don't want to see such a header, set 'headers' to 'no' in input file
#
# 1:l     2:TT                 
    2       1.884682109935e-10 
    3       1.648705273545e-10 
    4       1.505039721310e-10 
    5       1.422603485601e-10 
    6       1.374593116410e-10 
    7       1.345398592534e-10 
    8       1.326726843817e-10 
    9       1.314306626034e-10 
   10       1.305971801657e-10 
   11       1.300702350491e-10 
   12       1.298268277787e-10 
   13       1.298270428096e-10 
   14       1.299934959206e-10 
   15       1.304057678272e-10 
   16       1.310286995328e-10 
   17       1.317668698720e-10 
   18       1.326127428182e-10 
   19       1.335944514379e-10 
   20       1.346761782097e-10 
   21       1.358761555479e-10 
   22       1.371875930838e-10 
   23       1.385963924825e-10 
   24       1.400634261217e-10 
   25       1.416068638601e-10 
   26       1.432433377181e-10 
   27       1.449762850549e-10 
   28       1.467801709128e-10 
   29       1.486120398861e-10 
   30       1.504814120009e-10 
   31       1.524038561952e-10 
   32       1.543834653760e-10 
   33       1.564205336624e-10 
   34       1.585038402221e-10 
   35       1.606159379306e-10 
   36       1.627639609619e-10 
   37       1.649576818583e-10 
   38       1.672003647407e-10 
   39       1.694899703536e-10 
   40       1.718251457804e-10 
   41       1.741999829103e-10 
   42       1.766016018962e-10 
   43       1.790157092839e-10 
   44       1.814468287482e-10 
   45       1.839033214968e-10 
   46       1.863915214742e-10 
   47       1.889155002968e-10 
   48       1.914772351041e-10 
   49       1.940777165483e-10 
   50       1.967157492644e-10 
   51       1.993873669940e-10 
   52       2.020856180766e-10 
   53       2.048033802130e-10 
   54       2.075431482678e-10 
   55       2.103093894731e-10 
   56       2.131056489350e-10 
   57       2.159344621390e-10 
   58       2.187972674551e-10 
   59       2.216947318514e-10 
   60       2.246280150832e-10 
   61       2.275976449734e-10 
   62       2.306030580290e-10 
   63       2.336425259539e-10 
   64       2.367130821604e-10 
   65       2.398117418923e-10 
   66       2.429396279953e-10 
   67       2.460985901288e-10 
   68       2.492899516497e-10 
   69       2.525144723096e-10 
   70       2.557723109517e-10 
   71       2.590629882080e-10 
   72       2.623859122519e-10 
   73       2.657421557861e-10 
   74       2.691329543232e-10 
   75       2.725591493205e-10 
   76       2.760211637319e-10 
   77       2.795189775602e-10 
   78       2.830521034093e-10 
   79       2.866195620363e-10 
   80       2.902203479931e-10 
   81       2.938549734644e-10 
   82       2.975241491670e-10 
   83       3.012283029395e-10 
   84       3.049675643700e-10 
   85       3.087417494239e-10 
   86       3.125503450719e-10 
   87       3.163924939182e-10 
   88       3.202669788277e-10 
   89       3.241726297697e-10 
   90       3.281096509940e-10 
   91       3.320784746921e-10 
   92       3.360793483949e-10 
   93       3.401123259267e-10 
   94       3.441772583575e-10 
   95       3.482737849568e-10 
   96       3.524013241468e-10 
   97       3.565590644552e-10 
   98       3.607459554692e-10 
   99       3.649609641005e-10 
  100       3.692039043567e-10 
  101       3.734747088406e-10 
  102       3.777731681659e-10 
  103       3.820989251261e-10 
  104       3.864514688637e-10 
  105       3.908301290392e-10 
  106       3.952340700007e-10 
  107       3.996622849525e-10 
  108       4.041135901246e-10 
  109       4.085866189415e-10 
  110       4.130800513952e-10 
  111       4.175933480355e-10 
  112       4.221260994391e-10 
  113       4.266777959247e-10 
  114       4.312478240331e-10 
  115       4.358354630086e-10 
  116       4.404398812789e-10 
  117       4.450601329366e-10 
  118       4.496951542195e-10 
  119       4.543437599914e-10 
  120       4.590046402229e-10 
  121       4.636763564720e-10 
  122       4.683573383649e-10 
  123       4.730460649397e-10 
  124       4.777416397634e-10 
  125       4.824432755607e-10 
  126       4.871501132253e-10 
  127       4.918612197551e-10 
  128       4.965755861872e-10 
  129       5.012921255335e-10 
  130       5.060096707156e-10 
  131       5.107269724998e-10 
  132       5.154426974329e-10 
  133       5.201554257768e-10 
  134       5.248636494438e-10 
  135       5.295657699322e-10 
  136       5.342600962610e-10 
  137       5.389449907203e-10 
  138       5.436193275145e-10 
  139       5.482820778853e-10 
  140       5.529321654385e-10 
  141       5.575684650178e-10 
  142       5.621898015778e-10 
  143       5.667949490580e-10 
  144       5.713826292557e-10 
  145       5.759515106994e-10 
  146       5.805002075226e-10 
  147       5.850272783368e-10 
  148       5.895312251051e-10 
  149       5.940104920154e-10 
  150       5.984634643543e-10 
  151       6.028884673799e-10 
  152       6.072837651954e-10 
  153       6.116476869712e-10 
  154       6.159790211811e-10 
  155       6.202766560279e-10 
  156       6.245394549133e-10 
  157       6.287662559605e-10 
  158       6.329558715359e-10 
  159       6.371070877709e-10 
  160       6.412186640841e-10 
  161       6.452893327035e-10 
  162       6.493177981878e-10 
  163       6.533027369490e-10 
  164       6.572427967744e-10 
  165       6.611365963480e-10 
  166       6.649827247731e-10 
  167       6.687797410937e-10 
  168       6.725261738173e-10 
  169       6.762205204358e-10 
  170       6.798612469486e-10 
  171       6.834468880059e-10 
  172       6.869763577137e-10 
  173       6.904486639488e-10 
  174       6.938628100028e-10 
  175       6.972177945140e-10 
  176       7.005126114006e-10 
  177       7.037462497924e-10 
  178       7.069176939642e-10 
  179       7.100259232677e-10 
  180       7.130699120640e-10 
  181       7.160486296568e-10 
  182       7.189610402239e-10 
  183       7.218061027506e-10 
  184       7.245827709617e-10 
  185       7.272899932542e-10 
  186       7.299267126299e-10 
  187       7.324918666276e-10 
  188       7.349843872561e-10 
  189       7.374032009262e-10 
  190       7.397472283836e-10 
  191       7.420154590176e-10 
  192       7.442071801541e-10 
  193       7.463217648710e-10 
  194       7.483585993434e-10 
  195       7.503170830191e-10 
  196       7.521966287950e-10 
  197       7.539966631924e-10 
  198       7.557166265335e-10 
  199       7.573559731168e-10 
  200       7.589141713933e-10 
  201       7.603907041423e-10 
  202       7.617850686471e-10 
  203       7.630967768714e-10 
  204       7.643253556346e-10 
  205       7.654703467881e-10 
  206       7.665313073909e-10 
  207       7.675078098860e-10 
  208       7.683994422756e-10 
  209       7.692058082975e-10 
  210       7.699265276009e-10 
  211       7.705612359221e-10 
  212       7.711095852605e-10 
  213       7.715712798008e-10 
  214       7.719461860114e-10 
  215       7.722342303241e-10 
  216       7.724353643245e-10 
  217       7.725495650224e-10 
  218       7.725768351211e-10 
  219       7.725172032880e-10 
  220       7.723707244243e-10 
  221       7.721374799353e-10 
  222       7.718175779998e-10 
  223       7.714111538408e-10 
  224       7.709183699952e-10 
  225       7.703394165836e-10 
  226       7.696745115805e-10 
  227       7.689239010845e-10 
  228       7.680878595879e-10 
  229       7.671666902469e-10 
  230       7.661607251517e-10 
  231       7.650703255963e-10 
  232       7.638958823485e-10 
  233       7.626378159203e-10 
  234       7.612965768372e-10 
  235       7.598726459089e-10 
  236       7.583665344988e-10 
  237       7.567787847942e-10 
  238       7.551099595424e-10 
  239       7.533606100096e-10 
  240       7.515313066048e-10 
  241       7.496226494848e-10 
  242       7.476352688026e-10 
  243       7.455698249552e-10 
  244       7.434270088309e-10 
  245       7.412075420575e-10 
  246       7.389121772499e-10 
  247       7.365416982578e-10 
  248       7.340969204139e-10 
  249       7.315786907811e-10 
  250       7.289878884005e-10 
  251       7.263254245395e-10 
  252       7.235922429390e-10 
  253       7.207893200616e-10 
  254       7.179176653394e-10 
  255       7.149783214214e-10 
  256       7.119723644215e-10 
  257       7.089009041666e-10 
  258       7.057650844436e-10 
  259       7.025660832479e-10 
  260       6.993051130310e-10 
  261       6.959834209479e-10 
  262       6.926022891055e-10 
  263       6.891630348098e-10 
  264       6.856670108139e-10 
  265       6.821156055661e-10 
  266       6.785101765216e-10 
  267       6.748518455590e-10 
  268       6.711416929367e-10 
  269       6.673808233623e-10 
  270       6.635703661270e-10 
  271       6.597114752407e-10 
  272       6.558053295664e-10 
  273       6.518531329549e-10 
  274       6.478561143796e-10 
  275       6.438155280711e-10 
  276       6.397326536519e-10 
  277       6.356087962708e-10 
  278       6.314452867384e-10 
  279       6.272434816607e-10 
  280       6.230047635746e-10 
  281       6.187305410822e-10 
  282       6.144222489857e-10 
  283       6.100813484219e-10 
  284       6.057093269968e-10 
  285       6.013076989207e-10 
  286       5.968780051423e-10 
  287       5.924218134840e-10 
  288       5.879407187761e-10 
  289       5.834363429916e-10 
  290       5.789103353812e-10 
  291       5.743643726073e-10 
  292       5.698001588794e-10 
  293       5.652194260885e-10 
  294       5.606239339416e-10 
  295       5.560154700967e-10 
  296       5.513958502972e-10 
  297       5.467668053649e-10 
  298       5.421296358146e-10 
  299       5.374855406777e-10 
  300       5.328357291100e-10 
  301       5.281814203721e-10 
  302       5.235238438115e-10 
  303       5.188642388433e-10 
  304       5.142038549316e-10 
  305       5.095439515710e-10 
  306       5.048857982676e-10 
  307       5.002306745207e-10 
  308       4.955798698034e-10 
  309       4.909346835445e-10 
  310       4.862964251095e-10 
  311       4.816664137820e-10 
  312       4.770459787449e-10 
  313       4.724364590615e-10 
  314       4.678392036572e-10 
  315       4.632555713004e-10 
  316       4.586869305840e-10 
  317       4.541346599067e-10 
  318       4.496001474540e-10 
  319       4.450847911798e-10 
  320       4.405899987874e-10 
  321       4.361171877112e-10 
  322       4.316677850975e-10 
  323       4.272432277860e-10 
  324       4.228449622910e-10 
  325       4.184744447830e-10 
  326       4.141331410696e-10 
  327       4.098225265767e-10 
  328       4.055440863302e-10 
  329       4.012993149372e-10 
  330       3.970897165668e-10 
  331       3.929168049320e-10 
  332       3.887819830610e-10 
  333       3.846861768571e-10 
  334       3.806301855115e-10 
  335       3.766148001216e-10 
  336       3.726408035420e-10 
  337       3.687089702356e-10 
  338       3.648200661237e-10 
  339       3.609748484374e-10 
  340       3.571740655682e-10 
  341       3.534184569188e-10 
  342       3.497087527537e-10 
  343       3.460456740505e-10 
  344       3.424299323501e-10 
  345       3.388622296081e-10 
  346       3.353432580451e-10 
  347       3.318736999978e-10 
  348       3.284542277697e-10 
  349       3.250855034817e-10 
  350       3.217681789235e-10 
  351       3.185028954038e-10 
  352       3.152902836011e-10 
  353       3.121309634152e-10 
  354       3.090255438171e-10 
  355       3.059746227004e-10 
  356       3.029787867319e-10 
  357       3.000386112023e-10 
  358       2.971546598775e-10 
  359       2.943274848485e-10 
  360       2.915576263831e-10 
  361       2.888456127761e-10 
  362       2.861919602006e-10 
  363       2.835971725583e-10 
  364       2.810617413307e-10 
  365       2.785861454294e-10 
  366       2.761708510476e-10 
  367       2.738163115105e-10 
  368       2.715229671259e-10 
  369       2.692912450355e-10 
  370       2.671215590653e-10 
  371       2.650142580768e-10 
  372       2.629694690976e-10 
  373       2.609872477646e-10 
  374       2.590676290764e-10 
  375       2.572106271997e-10 
  376       2.554162352752e-10 
  377       2.536844252235e-10 
  378       2.520151475511e-10 
  379       2.504083311568e-10 
  380       2.488638831372e-10 
  381       2.473816885932e-10 
  382       2.459616104357e-10 
  383       2.446034891917e-10 
  384       2.433071428103e-10 
  385       2.420723664690e-10 
  386       2.408989323792e-10 
  387       2.397865895928e-10 
  388       2.387350638077e-10 
  389       2.377440571743e-10 
  390       2.368132481011e-10 
  391       2.359422910609e-10 
  392       2.351308163970e-10 
  393       2.343784301289e-10 
  394       2.336847137587e-10 
  395       2.330492240765e-10 
  396       2.324714929673e-10 
  397       2.319510272163e-10 
  398       2.314873083151e-10 
  399       2.310797922679e-10 
  400       2.307279093975e-10 
  401       2.304310641512e-10 
  402       2.301886349066e-10 
  403       2.299999737784e-10 
  404       2.298644064234e-10 
  405       2.297812318473e-10 
  406       2.297497222105e-10 
  407       2.297691226339e-10 
  408       2.298386510053e-10 
  409       2.299574977850e-10 
  410       2.301248836532e-10 
  411       2.303402350951e-10 
  412       2.306030146537e-10 
  413       2.309126634979e-10 
  414       2.312686012700e-10 
  415       2.316702259328e-10 
  416       2.321169136168e-10 
  417       2.326080184676e-10 
  418       2.331428724928e-10 
  419       2.337207854094e-10 
  420       2.343410444910e-10 
  421       2.350029144149e-10 
  422       2.357056371098e-10 
  423       2.364484316020e-10 
  424       2.372304938639e-10 
  425       2.380509966600e-10 
  426       2.389090893950e-10 
  427       2.398038979606e-10 
  428       2.407345245826e-10 
  429       2.417000476687e-10 
  430       2.426995216549e-10 
  431       2.437319768534e-10 
  432       2.447964192994e-10 
  433       2.458918305986e-10 
  434       2.470171677741e-10 
  435       2.481713631138e-10 
  436       2.493533240178e-10 
  437       2.505619328451e-10 
  438       2.517960467613e-10 
  439       2.530544975857e-10 
  440       2.543360916383e-10 
  441       2.556396095871e-10 
  442       2.569638062957e-10 
  443       2.583074106698e-10 
  444       2.596691255049e-10 
  445       2.610476273337e-10 
  446       2.624415662726e-10 
  447       2.638495658695e-10 
  448       2.652702229510e-10 
  449       2.667022447290e-10 
  450       2.681448653185e-10 
  451       2.695974424016e-10 
  452       2.710593211161e-10 
  453       2.725298339832e-10 
  454       2.740083008370e-10 
  455       2.754940287531e-10 
  456       2.769863119768e-10 
  457       2.784844318526e-10 
  458       2.799876567524e-10 
  459       2.814952420044e-10 
  460       2.830064298219e-10 
  461       2.845204492320e-10 
  462       2.860365160042e-10 
  463       2.875538325792e-10 
  464       2.890715879979e-10 
  465       2.905889578297e-10 
  466       2.921051041015e-10 
  467       2.936191752263e-10 
  468       2.951303059322e-10 
  469       2.966376171906e-10 
  470       2.981402161456e-10 
  471       2.996371960422e-10 
  472       3.011276361553e-10 
  473       3.026106017184e-10 
  474       3.040851438523e-10 
  475       3.055502994937e-10 
  476       3.070050913243e-10 
  477       3.084485276990e-10 
  478       3.098796025753e-10 
  479       3.112972954413e-10 
  480       3.127005712450e-10 
  481       3.140883803228e-10 
  482       3.154596583283e-10 
  483       3.168133261610e-10 
  484       3.181482898949e-10 
  485       3.194634407076e-10 
  486       3.207576548085e-10 
  487       3.220297933680e-10 
  488       3.232788505351e-10 
  489       3.245044024881e-10 
  490       3.257061716270e-10 
  491       3.268838796981e-10 
  492       3.280372477970e-10 
  493       3.291659963717e-10 
  494       3.302698452261e-10 
  495       3.313485135231e-10 
  496       3.324017197877e-10 
  497       3.334291819102e-10 
  498       3.344306171494e-10 
  499       3.354057421361e-10 
  500       3.363542728760e-10 
  501       3.372759247527e-10 
  502       3.381704125314e-10 
  503       3.390374503620e-10 
  504       3.398767517818e-10 
  505       3.406880297194e-10 
  506       3.414709964975e-10 
  507       3.422253638361e-10 
  508       3.429508428558e-10 
  509       3.436471440810e-10 
  510       3.443139774431e-10 
  511       3.449510522837e-10 
  512       3.455580773578e-10 
  513       3.461347608369e-10 
  514       3.466808103124e-10 
  515       3.471959327986e-10 
  516       3.476798347361e-10 
  517       3.481322219949e-10 
  518       3.485527998774e-10 
  519       3.489412731221e-10 
  520       3.492973459062e-10 
  521       3.496207218495e-10 
  522       3.499111040168e-10 
  523       3.501681949218e-10 
  524       3.503916965299e-10 
  525       3.505813102615e-10 
  526       3.507367369952e-10 
  527       3.508577646505e-10 
  528       3.509445335879e-10 
  529       3.509972785441e-10 
  530       3.510162417567e-10 
  531       3.510016730049e-10 
  532       3.509538296509e-10 
  533       3.508729766802e-10 
  534       3.507593867433e-10 
  535       3.506133401960e-10 
  536       3.504351251411e-10 
  537       3.502250374687e-10 
  538       3.499833808975e-10 
  539       3.497104670156e-10 
  540       3.494066153218e-10 
  541       3.490721532663e-10 
  542       3.487074162915e-10 
  543       3.483127478737e-10 
  544       3.478884995630e-10 
  545       3.474350310251e-10 
  546       3.469527100822e-10 
  547       3.464419127535e-10 
  548       3.459030232966e-10 
  549       3.453364342482e-10 
  550       3.447425464654e-10 
  551       3.441217691663e-10 
  552       3.434745199712e-10 
  553       3.428012249435e-10 
  554       3.421023186308e-10 
  555       3.413782441055e-10 
  556       3.406294530063e-10 
  557       3.398564055788e-10 
  558       3.390595707164e-10 
  559       3.382394260018e-10 
  560       3.373964577473e-10 
  561       3.365311610362e-10 
  562       3.356440397637e-10 
  563       3.347356066778e-10 
  564       3.338063834202e-10 
  565       3.328569005674e-10 
  566       3.318876925878e-10 
  567       3.308992824864e-10 
  568       3.298921968460e-10 
  569       3.288669709141e-10 
  570       3.278241486421e-10 
  571       3.267642827244e-10 
  572       3.256879346376e-10 
  573       3.245956746791e-10 
  574       3.234880820069e-10 
  575       3.223657446779e-10 
  576       3.212292596875e-10 
  577       3.200792330085e-10 
  578       3.189162796301e-10 
  579       3.177410235971e-10 
  580       3.165540980491e-10 
  581       3.153561452589e-10 
  582       3.141478166725e-10 
  583       3.129297729476e-10 
  584       3.117026839927e-10 
  585       3.104672290063e-10 
  586       3.092240965160e-10 
  587       3.079739844174e-10 
  588       3.067176000135e-10 
  589       3.054556600533e-10 
  590       3.041888907711e-10 
  591       3.029180279259e-10 
  592       3.016438168398e-10 
  593       3.003670124376e-10 
  594       2.990883792857e-10 
  595       2.978086916312e-10 
  596       2.965287334407e-10 
  597       2.952492984400e-10 
  598       2.939711901524e-10 
  599       2.926952219384e-10 
  600       2.914222170344e-10 
  601       2.901530085920e-10 
  602       2.888884397168e-10 
  603       2.876293635078e-10 
  604       2.863766430961e-10 
  605       2.851310747897e-10 
  606       2.838931553947e-10 
  607       2.826633093686e-10 
  608       2.814419652212e-10 
  609       2.802295555291e-10 
  610       2.790265169491e-10 
  611       2.778332902325e-10 
  612       2.766503202387e-10 
  613       2.754780559493e-10 
  614       2.743169504818e-10 
  615       2.731674611038e-10 
  616       2.720300492467e-10 
  617       2.709051805195e-10 
  618       2.697933247229e-10 
  619       2.686949558633e-10 
  620       2.676105521663e-10 
  621       2.665405960910e-10 
  622       2.654855743437e-10 
  623       2.644459778918e-10 
  624       2.634223019777e-10 
  625       2.624150461331e-10 
  626       2.614247141921e-10 
  627       2.604518143058e-10 
  628       2.594968589559e-10 
  629       2.585603649688e-10 
  630       2.576428535291e-10 
  631       2.567448501939e-10 
  632       2.558668849067e-10 
  633       2.550094920109e-10 
  634       2.541732102643e-10 
  635       2.533585828524e-10 
  636       2.525661574026e-10 
  637       2.517964859982e-10 
  638       2.510501251922e-10 
  639       2.503276360211e-10 
  640       2.496295840189e-10 
  641       2.489565392309e-10 
  642       2.483090762279e-10 
  643       2.476877741198e-10 
  644       2.470931251934e-10 
  645       2.465252585281e-10 
  646       2.459842101531e-10 
  647       2.454700138449e-10 
  648       2.449827011146e-10 
  649       2.445223011954e-10 
  650       2.440888410306e-10 
  651       2.436823452604e-10 
  652       2.433028362098e-10 
  653       2.429503338760e-10 
  654       2.426248559161e-10 
  655       2.423264176343e-10 
  656       2.420550319696e-10 
  657       2.418107094832e-10 
  658       2.415934583461e-10 
  659       2.414032843265e-10 
  660       2.412401907774e-10 
  661       2.411041786242e-10 
  662       2.409952463519e-10 
  663       2.409133899927e-10 
  664       2.408586031139e-10 
  665       2.408308768048e-10 
  666       2.408301996646e-10 
  667       2.408565577898e-10 
  668       2.409099347617e-10 
  669       2.409903116338e-10 
  670       2.410976669196e-10 
  671       2.412319765797e-10 
  672       2.413932140098e-10 
  673       2.415813500276e-10 
  674       2.417963528609e-10 
  675       2.420381881345e-10 
  676       2.423068188585e-10 
  677       2.426022054149e-10 
  678       2.429243055458e-10 
  679       2.432730743406e-10 
  680       2.436484642234e-10 
  681       2.440504249410e-10 
  682       2.444789035497e-10 
  683       2.449337957685e-10 
  684       2.454147989229e-10 
  685       2.459215558371e-10 
  686       2.464537031598e-10 
  687       2.470108713391e-10 
  688       2.475926845975e-10 
  689       2.481987609071e-10 
  690       2.488287119643e-10 
  691       2.494821431651e-10 
  692       2.501586535800e-10 
  693       2.508578359289e-10 
  694       2.515792765564e-10 
  695       2.523225554065e-10 
  696       2.530872459977e-10 
  697       2.538729153982e-10 
  698       2.546791242007e-10 
  699       2.555054264975e-10 
  700       2.563513698555e-10 
  701       2.572164952911e-10 
  702       2.581003372454e-10 
  703       2.590024235591e-10 
  704       2.599222754477e-10 
  705       2.608594074761e-10 
  706       2.618133275340e-10 
  707       2.627835368107e-10 
  708       2.637695297703e-10 
  709       2.647707941266e-10 
  710       2.657868108179e-10 
  711       2.668170539825e-10 
  712       2.678609909332e-10 
  713       2.689180821328e-10 
  714       2.699877811685e-10 
  715       2.710695347277e-10 
  716       2.721627825723e-10 
  717       2.732669575140e-10 
  718       2.743814853894e-10 
  719       2.755057850349e-10 
  720       2.766392682617e-10 
  721       2.777813398309e-10 
  722       2.789314170342e-10 
  723       2.800889889210e-10 
  724       2.812535582183e-10 
  725       2.824246218127e-10 
  726       2.836016707299e-10 
  727       2.847841901144e-10 
  728       2.859716592089e-10 
  729       2.871635513335e-10 
  730       2.883593338660e-10 
  731       2.895584682205e-10 
  732       2.907604098277e-10 
  733       2.919646081140e-10 
  734       2.931705064809e-10 
  735       2.943775422850e-10 
  736       2.955851468171e-10 
  737       2.967927452819e-10 
  738       2.979997567775e-10 
  739       2.992055942748e-10 
  740       3.004096645973e-10 
  741       3.016113684002e-10 
  742       3.028101001503e-10 
  743       3.040052481054e-10 
  744       3.051961942938e-10 
  745       3.063823144936e-10 
  746       3.075629782128e-10 
  747       3.087375486681e-10 
  748       3.099053827650e-10 
  749       3.110658310769e-10 
  750       3.122182378250e-10 
  751       3.133619408576e-10 
  752       3.144962716294e-10 
  753       3.156205551816e-10 
  754       3.167341101208e-10 
  755       3.178362485991e-10 
  756       3.189262762930e-10 
  757       3.200034923835e-10 
  758       3.210671895352e-10 
  759       3.221166538760e-10 
  760       3.231511649767e-10 
  761       3.241700656559e-10 
  762       3.251729729043e-10 
  763       3.261595709634e-10 
  764       3.271295418599e-10 
  765       3.280825653999e-10 
  766       3.290183191627e-10 
  767       3.299364784949e-10 
  768       3.308367165044e-10 
  769       3.317187040540e-10 
  770       3.325821097561e-10 
  771       3.334265999658e-10 
  772       3.342518387756e-10 
  773       3.350574880087e-10 
  774       3.358432072137e-10 
  775       3.366086536581e-10 
  776       3.373534823222e-10 
  777       3.380773458934e-10 
  778       3.387798947599e-10 
  779       3.394607770049e-10 
  780       3.401196384002e-10 
  781       3.407561224008e-10 
  782       3.413698701380e-10 
  783       3.419605204142e-10 
  784       3.425277096964e-10 
  785       3.430710721103e-10 
  786       3.435902394342e-10 
  787       3.440848410930e-10 
  788       3.445545041523e-10 
  789       3.449988533122e-10 
  790       3.454175109012e-10 
  791       3.458100968706e-10 
  792       3.461762287879e-10 
  793       3.465155218310e-10 
  794       3.468275887823e-10 
  795       3.471120400228e-10 
  796       3.473684835253e-10 
  797       3.475965248495e-10 
  798       3.477957671348e-10 
  799       3.479658110953e-10 
  800       3.481063297943e-10 
  801       3.482172944778e-10 
  802       3.482987528483e-10 
  803       3.483507546650e-10 
  804       3.483733517518e-10 
  805       3.483665980049e-10 
  806       3.483305494010e-10 
  807       3.482652640056e-10 
  808       3.481708019803e-10 
  809       3.480472255913e-10 
  810       3.478945992172e-10 
  811       3.477129893569e-10 
  812       3.475024646378e-10 
  813       3.472630958234e-10 
  814       3.469949558216e-10 
  815       3.466981196926e-10 
  816       3.463726646569e-10 
  817       3.460186701030e-10 
  818       3.456362175957e-10 
  819       3.452253908839e-10 
  820       3.447862759089e-10 
  821       3.443189608116e-10 
  822       3.438235359414e-10 
  823       3.433000938635e-10 
  824       3.427487293673e-10 
  825       3.421695394740e-10 
  826       3.415626234449e-10 
  827       3.409280827891e-10 
  828       3.402660212719e-10 
  829       3.395765449221e-10 
  830       3.388597620405e-10 
  831       3.381157832079e-10 
  832       3.373447212926e-10 
  833       3.365466914590e-10 
  834       3.357218111748e-10 
  835       3.348702002198e-10 
  836       3.339919806934e-10 
  837       3.330872770225e-10 
  838       3.321562159698e-10 
  839       3.311989635131e-10 
  840       3.302158361711e-10 
  841       3.292071916299e-10 
  842       3.281733920617e-10 
  843       3.271148041383e-10 
  844       3.260317990462e-10 
  845       3.249247525001e-10 
  846       3.237940447576e-10 
  847       3.226400606333e-10 
  848       3.214631895131e-10 
  849       3.202638253684e-10 
  850       3.190423667703e-10 
  851       3.177992169040e-10 
  852       3.165347835831e-10 
  853       3.152494792634e-10 
  854       3.139437210577e-10 
  855       3.126179307499e-10 
  856       3.112725348090e-10 
  857       3.099079644036e-10 
  858       3.085246554160e-10 
  859       3.071230484567e-10 
  860       3.057035888783e-10 
  861       3.042667267901e-10 
  862       3.028129170719e-10 
  863       3.013426193889e-10 
  864       2.998562982053e-10 
  865       2.983544227990e-10 
  866       2.968374672756e-10 
  867       2.953059105826e-10 
  868       2.937602365241e-10 
  869       2.922009337746e-10 
  870       2.906284958931e-10 
  871       2.890434213382e-10 
  872       2.874462134812e-10 
  873       2.858373806214e-10 
  874       2.842174359996e-10 
  875       2.825868978127e-10 
  876       2.809462892281e-10 
  877       2.792961383973e-10 
  878       2.776369605940e-10 
  879       2.759692042701e-10 
  880       2.742933041309e-10 
  881       2.726096989417e-10 
  882       2.709188315398e-10 
  883       2.692211488457e-10 
  884       2.675171018746e-10 
  885       2.658071457479e-10 
  886       2.640917397046e-10 
  887       2.623713471130e-10 
  888       2.606464354819e-10 
  889       2.589174764723e-10 
  890       2.571849459084e-10 
  891       2.554493237900e-10 
  892       2.537110943028e-10 
  893       2.519707458309e-10 
  894       2.502287709676e-10 
  895       2.484856665271e-10 
  896       2.467419335563e-10 
  897       2.449980773455e-10 
  898       2.432546074406e-10 
  899       2.415120376542e-10 
  900       2.397708860771e-10 
  901       2.380316750901e-10 
  902       2.362949313748e-10 
  903       2.345611859258e-10 
  904       2.328309740618e-10 
  905       2.311048354369e-10 
  906       2.293833140525e-10 
  907       2.276669582685e-10 
  908       2.259563208148e-10 
  909       2.242519588028e-10 
  910       2.225544337370e-10 
  911       2.208643115261e-10 
  912       2.191821624950e-10 
  913       2.175085613957e-10 
  914       2.158440874192e-10 
  915       2.141893242069e-10 
  916       2.125448598619e-10 
  917       2.109112307445e-10 
  918       2.092887518550e-10 
  919       2.076776837728e-10 
  920       2.060782886314e-10 
  921       2.044908301213e-10 
  922       2.029155734939e-10 
  923       2.013527855650e-10 
  924       1.998027347178e-10 
  925       1.982656909068e-10 
  926       1.967419256611e-10 
  927       1.952317120878e-10 
  928       1.937353248756e-10 
  929       1.922530402982e-10 
  930       1.907851362175e-10 
  931       1.893318920875e-10 
  932       1.878935889575e-10 
  933       1.864705094756e-10 
  934       1.850629378922e-10 
  935       1.836711600633e-10 
  936       1.822954634542e-10 
  937       1.809361371428e-10 
  938       1.795934718230e-10 
  939       1.782677598084e-10 
  940       1.769592950354e-10 
  941       1.756683730671e-10 
  942       1.743952910964e-10 
  943       1.731403479495e-10 
  944       1.719038440896e-10 
  945       1.706860816200e-10 
  946       1.694873642880e-10 
  947       1.683079974878e-10 
  948       1.671482882645e-10 
  949       1.660085453172e-10 
  950       1.648890790027e-10 
  951       1.637902013388e-10 
  952       1.627122260075e-10 
  953       1.616554683593e-10 
  954       1.606202454156e-10 
  955       1.596068758729e-10 
  956       1.586156212666e-10 
  957       1.576465084715e-10 
  958       1.566995044967e-10 
  959       1.557745750747e-10 
  960       1.548716846575e-10 
  961       1.539907964123e-10 
  962       1.531318722170e-10 
  963       1.522948726560e-10 
  964       1.514797570161e-10 
  965       1.506864832822e-10 
  966       1.499150081329e-10 
  967       1.491652869363e-10 
  968       1.484372737459e-10 
  969       1.477309212960e-10 
  970       1.470461809980e-10 
  971       1.463830029353e-10 
  972       1.457413358600e-10 
  973       1.451211271878e-10 
  974       1.445223229944e-10 
  975       1.439448680107e-10 
  976       1.433887056189e-10 
  977       1.428537778482e-10 
  978       1.423400253703e-10 
  979       1.418473874954e-10 
  980       1.413758021678e-10 
  981       1.409252059618e-10 
  982       1.404955340773e-10 
  983       1.400867203353e-10 
  984       1.396986971742e-10 
  985       1.393313956453e-10 
  986       1.389847454081e-10 
  987       1.386586747268e-10 
  988       1.383531104655e-10 
  989       1.380679780841e-10 
  990       1.378032016341e-10 
  991       1.375587037543e-10 
  992       1.373344056663e-10 
  993       1.371302271709e-10 
  994       1.369460866429e-10 
  995       1.367818721194e-10 
  996       1.366373541054e-10 
  997       1.365122714796e-10 
  998       1.364063602785e-10 
  999       1.363193536888e-10 
 1000       1.362509820398e-10 
 1001       1.362009727956e-10 
 1002       1.361690505470e-10 
 1003       1.361549370041e-10 
 1004       1.361583509885e-10 
 1005       1.361790084253e-10 
 1006       1.362166223356e-10 
 1007       1.362709028288e-10 
 1008       1.363415570944e-10 
 1009       1.364282893947e-10 
 1010       1.365308010568e-10 
 1011       1.366487904649e-10 
 1012       1.367819530526e-10 
 1013       1.369299812951e-10 
 1014       1.370925647012e-10 
 1015       1.372693898061e-10 
 1016       1.374601401629e-10 
 1017       1.376644963357e-10 
 1018       1.378821358910e-10 
 1019       1.381127333905e-10 
 1020       1.383559603831e-10 
 1021       1.386114853972e-10 
 1022       1.388789739330e-10 
 1023       1.391580884545e-10 
 1024       1.394484883821e-10 
 1025       1.397498300846e-10 
 1026       1.400617668714e-10 
 1027       1.403839489850e-10 
 1028       1.407160235929e-10 
 1029       1.410576347801e-10 
 1030       1.414084235413e-10 
 1031       1.417680277730e-10 
 1032       1.421360822659e-10 
 1033       1.425122186969e-10 
 1034       1.428960777843e-10 
 1035       1.432873459555e-10 
 1036       1.436857191818e-10 
 1037       1.440908908562e-10 
 1038       1.445025517873e-10 
 1039       1.449203901927e-10 
 1040       1.453440916926e-10 
 1041       1.457733393035e-10 
 1042       1.462078134317e-10 
 1043       1.466471918671e-10 
 1044       1.470911497765e-10 
 1045       1.475393596974e-10 
 1046       1.479914915317e-10 
 1047       1.484472125390e-10 
 1048       1.489061873304e-10 
 1049       1.493680778622e-10 
 1050       1.498325434294e-10 
 1051       1.502992406590e-10 
 1052       1.507678235042e-10 
 1053       1.512379432375e-10 
 1054       1.517092484446e-10 
 1055       1.521813850179e-10 
 1056       1.526539961501e-10 
 1057       1.531267223276e-10 
 1058       1.535992013247e-10 
 1059       1.540710681963e-10 
 1060       1.545419552726e-10 
 1061       1.550114921516e-10 
 1062       1.554793056935e-10 
 1063       1.559450200140e-10 
 1064       1.564082564778e-10 
 1065       1.568686336924e-10 
 1066       1.573257675017e-10 
 1067       1.577792709795e-10 
 1068       1.582287544230e-10 
 1069       1.586738253468e-10 
 1070       1.591140884760e-10 
 1071       1.595491457401e-10 
 1072       1.599785962668e-10 
 1073       1.604020766693e-10 
 1074       1.608193825252e-10 
 1075       1.612303485392e-10 
 1076       1.616348083968e-10 
 1077       1.620325947622e-10 
 1078       1.624235392759e-10 
 1079       1.628074725527e-10 
 1080       1.631842241791e-10 
 1081       1.635536227117e-10 
 1082       1.639154956745e-10 
 1083       1.642696695570e-10 
 1084       1.646159698117e-10 
 1085       1.649542208523e-10 
 1086       1.652842460511e-10 
 1087       1.656058677370e-10 
 1088       1.659189071933e-10 
 1089       1.662231846556e-10 
 1090       1.665185193092e-10 
 1091       1.668047292874e-10 
 1092       1.670816316690e-10 
 1093       1.673490424761e-10 
 1094       1.676067766721e-10 
 1095       1.678546481592e-10 
 1096       1.680924697765e-10 
 1097       1.683200532976e-10 
 1098       1.685372094286e-10 
 1099       1.687437478055e-10 
 1100       1.689394769925e-10 
 1101       1.691242044794e-10 
 1102       1.692977366797e-10 
 1103       1.694598789282e-10 
 1104       1.696104354788e-10 
 1105       1.697492095024e-10 
 1106       1.698760030847e-10 
 1107       1.699906172239e-10 
 1108       1.700928518285e-10 
 1109       1.701825057153e-10 
 1110       1.702593766070e-10 
 1111       1.703232611299e-10 
 1112       1.703739964844e-10 
 1113       1.704115860593e-10 
 1114       1.704360754634e-10 
 1115       1.704475110052e-10 
 1116       1.704459396941e-10 
 1117       1.704314092430e-10 
 1118       1.704039680694e-10 
 1119       1.703636652977e-10 
 1120       1.703105507609e-10 
 1121       1.702446750024e-10 
 1122       1.701660892781e-10 
 1123       1.700748455576e-10 
 1124       1.699709965270e-10 
 1125       1.698545955897e-10 
 1126       1.697256968691e-10 
 1127       1.695843552098e-10 
 1128       1.694306261801e-10 
 1129       1.692645660731e-10 
 1130       1.690862319090e-10 
 1131       1.688956814370e-10 
 1132       1.686929731368e-10 
 1133       1.684781662207e-10 
 1134       1.682513206354e-10 
 1135       1.680124970636e-10 
 1136       1.677617569264e-10 
 1137       1.674991623843e-10 
 1138       1.672247763400e-10 
 1139       1.669386624395e-10 
 1140       1.666408850741e-10 
 1141       1.663315093826e-10 
 1142       1.660106012528e-10 
 1143       1.656782273232e-10 
 1144       1.653344549853e-10 
 1145       1.649793523851e-10 
 1146       1.646129884250e-10 
 1147       1.642354327658e-10 
 1148       1.638467558284e-10 
 1149       1.634470287954e-10 
 1150       1.630363236134e-10 
 1151       1.626147328457e-10 
 1152       1.621824295027e-10 
 1153       1.617396079747e-10 
 1154       1.612864642536e-10 
 1155       1.608231959365e-10 
 1156       1.603500022292e-10 
 1157       1.598670839499e-10 
 1158       1.593746435329e-10 
 1159       1.588728850320e-10 
 1160       1.583620141247e-10 
 1161       1.578422381151e-10 
 1162       1.573137659381e-10 
 1163       1.567768081628e-10 
 1164       1.562315769960e-10 
 1165       1.556782862863e-10 
 1166       1.551171515271e-10 
 1167       1.545483898609e-10 
 1168       1.539722200824e-10 
 1169       1.533888626423e-10 
 1170       1.527985396513e-10 
 1171       1.522014748831e-10 
 1172       1.515978937784e-10 
 1173       1.509880234486e-10 
 1174       1.503720926792e-10 
 1175       1.497503319338e-10 
 1176       1.491229733573e-10 
 1177       1.484902507797e-10 
 1178       1.478523997198e-10 
 1179       1.472096573890e-10 
 1180       1.465622626945e-10 
 1181       1.459104562433e-10 
 1182       1.452544803457e-10 
 1183       1.445945790188e-10 
 1184       1.439309979906e-10 
 1185       1.432639847030e-10 
 1186       1.425937883161e-10 
 1187       1.419206597111e-10 
 1188       1.412448514946e-10 
 1189       1.405666180019e-10 
 1190       1.398862061005e-10 
 1191       1.392038274702e-10 
 1192       1.385196859895e-10 
 1193       1.378339869083e-10 
 1194       1.371469368502e-10 
 1195       1.364587438159e-10 
 1196       1.357696171856e-10 
 1197       1.350797677223e-10 
 1198       1.343894075741e-10 
 1199       1.336987502776e-10 
 1200       1.330080107605e-10 
 1201       1.323174053442e-10 
 1202       1.316271517474e-10 
 1203       1.309374690881e-10 
 1204       1.302485778871e-10 
 1205       1.295607000704e-10 
 1206       1.288740589725e-10 
 1207       1.281888793388e-10 
 1208       1.275053873289e-10 
 1209       1.268238105190e-10 
 1210       1.261443779051e-10 
 1211       1.254673199059e-10 
 1212       1.247928683652e-10 
 1213       1.241212565553e-10 
 1214       1.234527191796e-10 
 1215       1.227874923753e-10 
 1216       1.221258137168e-10 
 1217       1.214679222177e-10 
 1218       1.208140583345e-10 
 1219       1.201644639691e-10 
 1220       1.195193824716e-10 
 1221       1.188790586430e-10 
 1222       1.182437387386e-10 
 1223       1.176136704705e-10 
 1224       1.169891030102e-10 
 1225       1.163702869922e-10 
 1226       1.157574745159e-10 
 1227       1.151509191494e-10 
 1228       1.145508759317e-10 
 1229       1.139575733096e-10 
 1230       1.133711285761e-10 
 1231       1.127916314321e-10 
 1232       1.122191719614e-10 
 1233       1.116538406321e-10 
 1234       1.110957282965e-10 
 1235       1.105449261922e-10 
 1236       1.100015259427e-10 
 1237       1.094656195575e-10 
 1238       1.089372994337e-10 
 1239       1.084166583557e-10 
 1240       1.079037894962e-10 
 1241       1.073987864171e-10 
 1242       1.069017430696e-10 
 1243       1.064127537952e-10 
 1244       1.059319133262e-10 
 1245       1.054593167863e-10 
 1246       1.049950596913e-10 
 1247       1.045392379498e-10 
 1248       1.040919478637e-10 
 1249       1.036532861286e-10 
 1250       1.032233498352e-10 
 1251       1.028022364689e-10 
 1252       1.023900439113e-10 
 1253       1.019868704403e-10 
 1254       1.015928147310e-10 
 1255       1.012079758563e-10 
 1256       1.008324532872e-10 
 1257       1.004663468940e-10 
 1258       1.001097569464e-10 
 1259       9.976278411459e-11 
 1260       9.942552946937e-11 
 1261       9.909809448322e-11 
 1262       9.878058103073e-11 
 1263       9.847309138925e-11 
 1264       9.817572823954e-11 
 1265       9.788859466637e-11 
 1266       9.761179415919e-11 
 1267       9.734543061272e-11 
 1268       9.708958060241e-11 
 1269       9.684420985967e-11 
 1270       9.660925583491e-11 
 1271       9.638465533389e-11 
 1272       9.617034451632e-11 
 1273       9.596625889440e-11 
 1274       9.577233333140e-11 
 1275       9.558850204019e-11 
 1276       9.541469858183e-11 
 1277       9.525085586414e-11 
 1278       9.509690614021e-11 
 1279       9.495278100703e-11 
 1280       9.481841140399e-11 
 1281       9.469372761149e-11 
 1282       9.457865924945e-11 
 1283       9.447313527594e-11 
 1284       9.437708398567e-11 
 1285       9.429043300860e-11 
 1286       9.421310930848e-11 
 1287       9.414503918142e-11 
 1288       9.408614825444e-11 
 1289       9.403636148406e-11 
 1290       9.399560315481e-11 
 1291       9.396379687786e-11 
 1292       9.394086558951e-11 
 1293       9.392673154980e-11 
 1294       9.392131634106e-11 
 1295       9.392454086646e-11 
 1296       9.393632534859e-11 
 1297       9.395658932800e-11 
 1298       9.398525166178e-11 
 1299       9.402223052210e-11 
 1300       9.406744339482e-11 
 1301       9.412080707798e-11 
 1302       9.418223768041e-11 
 1303       9.425165062029e-11 
 1304       9.432896062368e-11 
 1305       9.441408172313e-11 
 1306       9.450692725618e-11 
 1307       9.460739835794e-11 
 1308       9.471534930056e-11 
 1309       9.483062176313e-11 
 1310       9.495305630034e-11 
 1311       9.508249234017e-11 
 1312       9.521876818173e-11 
 1313       9.536172099293e-11 
 1314       9.551118680829e-11 
 1315       9.566700052665e-11 
 1316       9.582899590898e-11 
 1317       9.599700557608e-11 
 1318       9.617086100637e-11 
 1319       9.635039253361e-11 
 1320       9.653542934469e-11 
 1321       9.672579947736e-11 
 1322       9.692132981799e-11 
 1323       9.712184609933e-11 
 1324       9.732717289825e-11 
 1325       9.753713363352e-11 
 1326       9.775155056351e-11 
 1327       9.797024478402e-11 
 1328       9.819303622596e-11 
 1329       9.841974365317e-11 
 1330       9.865018466011e-11 
 1331       9.888417566966e-11 
 1332       9.912153193085e-11 
 1333       9.936206751664e-11 
 1334       9.960559532163e-11 
 1335       9.985192705986e-11 
 1336       1.001008732625e-10 
 1337       1.003522432758e-10 
 1338       1.006058452585e-10 
 1339       1.008614861798e-10 
 1340       1.011189718172e-10 
 1341       1.013781067540e-10 
 1342       1.016386943774e-10 
 1343       1.019005368759e-10 
 1344       1.021634352372e-10 
 1345       1.024271892460e-10 
 1346       1.026916064351e-10 
 1347       1.029565290500e-10 
 1348       1.032218073727e-10 
 1349       1.034872907935e-10 
 1350       1.037528278090e-10 
 1351       1.040182660205e-10 
 1352       1.042834521325e-10 
 1353       1.045482319511e-10 
 1354       1.048124503820e-10 
 1355       1.050759514294e-10 
 1356       1.053385781936e-10 
 1357       1.056001728701e-10 
 1358       1.058605767474e-10 
 1359       1.061196302057e-10 
 1360       1.063771727151e-10 
 1361       1.066330428338e-10 
 1362       1.068870782067e-10 
 1363       1.071391155637e-10 
 1364       1.073889907178e-10 
 1365       1.076365385639e-10 
 1366       1.078815930767e-10 
 1367       1.081239873092e-10 
 1368       1.083635533911e-10 
 1369       1.086001225273e-10 
 1370       1.088335249958e-10 
 1371       1.090635901464e-10 
 1372       1.092901463992e-10 
 1373       1.095130212423e-10 
 1374       1.097320412309e-10 
 1375       1.099470319850e-10 
 1376       1.101578181883e-10 
 1377       1.103642235862e-10 
 1378       1.105660709841e-10 
 1379       1.107631822462e-10 
 1380       1.109553782931e-10 
 1381       1.111424791010e-10 
 1382       1.113243036994e-10 
 1383       1.115006701697e-10 
 1384       1.116713956434e-10 
 1385       1.118363176403e-10 
 1386       1.119953583307e-10 
 1387       1.121484609483e-10 
 1388       1.122955685118e-10 
 1389       1.124366238247e-10 
 1390       1.125715694746e-10 
 1391       1.127003478336e-10 
 1392       1.128229010571e-10 
 1393       1.129391710842e-10 
 1394       1.130490996371e-10 
 1395       1.131526282207e-10 
 1396       1.132496981223e-10 
 1397       1.133402504117e-10 
 1398       1.134242259401e-10 
 1399       1.135015653405e-10 
 1400       1.135722090269e-10 
 1401       1.136360971944e-10 
 1402       1.136931698185e-10 
 1403       1.137433666549e-10 
 1404       1.137866272392e-10 
 1405       1.138228908868e-10 
 1406       1.138520966923e-10 
 1407       1.138741835290e-10 
 1408       1.138890900491e-10 
 1409       1.138967546832e-10 
 1410       1.138971156395e-10 
 1411       1.138901109043e-10 
 1412       1.138756782410e-10 
 1413       1.138537551901e-10 
 1414       1.138242790689e-10 
 1415       1.137871869710e-10 
 1416       1.137424157661e-10 
 1417       1.136899020996e-10 
 1418       1.136295823926e-10 
 1419       1.135613928409e-10 
 1420       1.134852694154e-10 
 1421       1.134011478614e-10 
 1422       1.133089636985e-10 
 1423       1.132086522198e-10 
 1424       1.131001685381e-10 
 1425       1.129835479482e-10 
 1426       1.128588461835e-10 
 1427       1.127261194273e-10 
 1428       1.125854243137e-10 
 1429       1.124368179287e-10 
 1430       1.122803578106e-10 
 1431       1.121161019510e-10 
 1432       1.119441087959e-10 
 1433       1.117644372465e-10 
 1434       1.115771466598e-10 
 1435       1.113822968498e-10 
 1436       1.111799480881e-10 
 1437       1.109701611049e-10 
 1438       1.107529970901e-10 
 1439       1.105285176935e-10 
 1440       1.102967850263e-10 
 1441       1.100578616618e-10 
 1442       1.098118106362e-10 
 1443       1.095586954493e-10 
 1444       1.092985800658e-10 
 1445       1.090315289157e-10 
 1446       1.087576068954e-10 
 1447       1.084768793687e-10 
 1448       1.081894121675e-10 
 1449       1.078952715923e-10 
 1450       1.075945244140e-10 
 1451       1.072872378738e-10 
 1452       1.069734796846e-10 
 1453       1.066533180317e-10 
 1454       1.063268215738e-10 
 1455       1.059940594437e-10 
 1456       1.056551012492e-10 
 1457       1.053100170741e-10 
 1458       1.049588774788e-10 
 1459       1.046017535016e-10 
 1460       1.042387166590e-10 
 1461       1.038698389471e-10 
 1462       1.034951928420e-10 
 1463       1.031148591435e-10 
 1464       1.027289505892e-10 
 1465       1.023375884776e-10 
 1466       1.019408948493e-10 
 1467       1.015389924876e-10 
 1468       1.011320049199e-10 
 1469       1.007200564193e-10 
 1470       1.003032720057e-10 
 1471       9.988177744715e-11 
 1472       9.945569926112e-11 
 1473       9.902516471582e-11 
 1474       9.859030183153e-11 
 1475       9.815123938189e-11 
 1476       9.770810689522e-11 
 1477       9.726103465577e-11 
 1478       9.681015370510e-11 
 1479       9.635559584334e-11 
 1480       9.589749363052e-11 
 1481       9.543598038783e-11 
 1482       9.497119019898e-11 
 1483       9.450325791148e-11 
 1484       9.403231913793e-11 
 1485       9.355851025738e-11 
 1486       9.308196841655e-11 
 1487       9.260283153121e-11 
 1488       9.212123828745e-11 
 1489       9.163732814299e-11 
 1490       9.115124132851e-11 
 1491       9.066311884889e-11 
 1492       9.017310248461e-11 
 1493       8.968133479295e-11 
 1494       8.918795910940e-11 
 1495       8.869311954887e-11 
 1496       8.819696100707e-11 
 1497       8.769962916176e-11 
 1498       8.720127047411e-11 
 1499       8.670203218994e-11 
 1500       8.620206234108e-11 
 1501       8.570150974665e-11 
 1502       8.520051729728e-11 
 1503       8.469920173354e-11 
 1504       8.419767367316e-11 
 1505       8.369604431127e-11 
 1506       8.319442542126e-11 
 1507       8.269292935580e-11 
 1508       8.219166904773e-11 
 1509       8.169075801108e-11 
 1510       8.119031034193e-11 
 1511       8.069044071943e-11 
 1512       8.019126440671e-11 
 1513       7.969289725185e-11 
 1514       7.919545568882e-11 
 1515       7.869905673842e-11 
 1516       7.820381800922e-11 
 1517       7.770985769854e-11 
 1518       7.721729459339e-11 
 1519       7.672624807138e-11 
 1520       7.623683810172e-11 
 1521       7.574918524614e-11 
 1522       7.526341065983e-11 
 1523       7.477963609242e-11 
 1524       7.429798388890e-11 
 1525       7.381857699058e-11 
 1526       7.334153893603e-11 
 1527       7.286699386204e-11 
 1528       7.239506650456e-11 
 1529       7.192588219965e-11 
 1530       7.145956688443e-11 
 1531       7.099624709802e-11 
 1532       7.053604998250e-11 
 1533       7.007910328385e-11 
 1534       6.962553535291e-11 
 1535       6.917547514630e-11 
 1536       6.872905222740e-11 
 1537       6.828639676729e-11 
 1538       6.784763954569e-11 
 1539       6.741291195189e-11 
 1540       6.698234598575e-11 
 1541       6.655605904565e-11 
 1542       6.613410813271e-11 
 1543       6.571653521375e-11 
 1544       6.530338239498e-11 
 1545       6.489469192221e-11 
 1546       6.449050618097e-11 
 1547       6.409086769676e-11 
 1548       6.369581913517e-11 
 1549       6.330540330208e-11 
 1550       6.291966314388e-11 
 1551       6.253864174756e-11 
 1552       6.216238234099e-11 
 1553       6.179092829303e-11 
 1554       6.142432311374e-11 
 1555       6.106261045455e-11 
 1556       6.070583410844e-11 
 1557       6.035403801013e-11 
 1558       6.000726623626e-11 
 1559       5.966556300554e-11 
 1560       5.932897267898e-11 
 1561       5.899753976001e-11 
 1562       5.867130889472e-11 
 1563       5.835032487201e-11 
 1564       5.803463262375e-11 
 1565       5.772427722500e-11 
 1566       5.741930389417e-11 
 1567       5.711975799321e-11 
 1568       5.682568502776e-11 
 1569       5.653713064736e-11 
 1570       5.625414064564e-11 
 1571       5.597676096045e-11 
 1572       5.570503767409e-11 
 1573       5.543901701347e-11 
 1574       5.517874535028e-11 
 1575       5.492426920120e-11 
 1576       5.467563522805e-11 
 1577       5.443289023797e-11 
 1578       5.419608118363e-11 
 1579       5.396525516337e-11 
 1580       5.374044535065e-11 
 1581       5.352162863940e-11 
 1582       5.330876760685e-11 
 1583       5.310182454824e-11 
 1584       5.290076147632e-11 
 1585       5.270554012083e-11 
 1586       5.251612192802e-11 
 1587       5.233246806015e-11 
 1588       5.215453939500e-11 
 1589       5.198229652539e-11 
 1590       5.181569975863e-11 
 1591       5.165470911608e-11 
 1592       5.149928433263e-11 
 1593       5.134938485620e-11 
 1594       5.120496984726e-11 
 1595       5.106599817830e-11 
 1596       5.093242843340e-11 
 1597       5.080421890765e-11 
 1598       5.068132760672e-11 
 1599       5.056371224634e-11 
 1600       5.045133025178e-11 
 1601       5.034413875742e-11 
 1602       5.024209460616e-11 
 1603       5.014515434902e-11 
 1604       5.005327424457e-11 
 1605       4.996641025849e-11 
 1606       4.988451806302e-11 
 1607       4.980755303651e-11 
 1608       4.973547026290e-11 
 1609       4.966822453122e-11 
 1610       4.960577033511e-11 
 1611       4.954806187233e-11 
 1612       4.949505304424e-11 
 1613       4.944669745530e-11 
 1614       4.940294841261e-11 
 1615       4.936375892539e-11 
 1616       4.932908170448e-11 
 1617       4.929886916185e-11 
 1618       4.927307341011e-11 
 1619       4.925164082782e-11 
 1620       4.923449570274e-11 
 1621       4.922155643979e-11 
 1622       4.921274098107e-11 
 1623       4.920796680514e-11 
 1624       4.920715092626e-11 
 1625       4.921020989364e-11 
 1626       4.921705979070e-11 
 1627       4.922761623432e-11 
 1628       4.924179437413e-11 
 1629       4.925950889170e-11 
 1630       4.928067399986e-11 
 1631       4.930520344191e-11 
 1632       4.933301049090e-11 
 1633       4.936400794888e-11 
 1634       4.939810814615e-11 
 1635       4.943522294052e-11 
 1636       4.947526371657e-11 
 1637       4.951814138489e-11 
 1638       4.956376638134e-11 
 1639       4.961204866634e-11 
 1640       4.966289772404e-11 
 1641       4.971622256170e-11 
 1642       4.977193170881e-11 
 1643       4.982993321646e-11 
 1644       4.989013465652e-11 
 1645       4.995244312094e-11 
 1646       5.001676522096e-11 
 1647       5.008300708642e-11 
 1648       5.015107436497e-11 
 1649       5.022087222135e-11 
 1650       5.029230533664e-11 
 1651       5.036527790752e-11 
 1652       5.043969364550e-11 
 1653       5.051545577620e-11 
 1654       5.059246703862e-11 
 1655       5.067062968435e-11 
 1656       5.074984547685e-11 
 1657       5.083001569073e-11 
 1658       5.091104563836e-11 
 1659       5.099285829509e-11 
 1660       5.107538079277e-11 
 1661       5.115853990278e-11 
 1662       5.124226203543e-11 
 1663       5.132647323943e-11 
 1664       5.141109920134e-11 
 1665       5.149606524503e-11 
 1666       5.158129633112e-11 
 1667       5.166671705647e-11 
 1668       5.175225165356e-11 
 1669       5.183782399001e-11 
 1670       5.192335756802e-11 
 1671       5.200877552379e-11 
 1672       5.209400062701e-11 
 1673       5.217895528029e-11 
 1674       5.226356151862e-11 
 1675       5.234774100883e-11 
 1676       5.243141504904e-11 
 1677       5.251450456809e-11 
 1678       5.259693012503e-11 
 1679       5.267861190854e-11 
 1680       5.275946973642e-11 
 1681       5.283942305500e-11 
 1682       5.291839093863e-11 
 1683       5.299629208909e-11 
 1684       5.307304483508e-11 
 1685       5.314856713169e-11 
 1686       5.322277655978e-11 
 1687       5.329559032551e-11 
 1688       5.336692525975e-11 
 1689       5.343669781752e-11 
 1690       5.350482407751e-11 
 1691       5.357121974146e-11 
 1692       5.363580013364e-11 
 1693       5.369848020031e-11 
 1694       5.375917450917e-11 
 1695       5.381779724881e-11 
 1696       5.387426222816e-11 
 1697       5.392849309638e-11 
 1698       5.398045409996e-11 
 1699       5.403011958972e-11 
 1700       5.407746382432e-11 
 1701       5.412246097012e-11 
 1702       5.416508510110e-11 
 1703       5.420531019868e-11 
 1704       5.424311015166e-11 
 1705       5.427845875604e-11 
 1706       5.431132971496e-11 
 1707       5.434169663853e-11 
 1708       5.436953304370e-11 
 1709       5.439481235422e-11 
 1710       5.441750790040e-11 
 1711       5.443759291909e-11 
 1712       5.445504055351e-11 
 1713       5.446982385312e-11 
 1714       5.448191577353e-11 
 1715       5.449128917638e-11 
 1716       5.449791682915e-11 
 1717       5.450177140515e-11 
 1718       5.450282548331e-11 
 1719       5.450105154807e-11 
 1720       5.449642198931e-11 
 1721       5.448890910218e-11 
 1722       5.447848508699e-11 
 1723       5.446512204909e-11 
 1724       5.444879199876e-11 
 1725       5.442946685106e-11 
 1726       5.440711842574e-11 
 1727       5.438171844711e-11 
 1728       5.435323854389e-11 
 1729       5.432165024915e-11 
 1730       5.428692500010e-11 
 1731       5.424903413806e-11 
 1732       5.420794890829e-11 
 1733       5.416364045985e-11 
 1734       5.411607984554e-11 
 1735       5.406523802172e-11 
 1736       5.401109514456e-11 
 1737       5.395366854470e-11 
 1738       5.389298498814e-11 
 1739       5.382907140152e-11 
 1740       5.376195487239e-11 
 1741       5.369166264947e-11 
 1742       5.361822214287e-11 
 1743       5.354166092433e-11 
 1744       5.346200672752e-11 
 1745       5.337928744825e-11 
 1746       5.329353114471e-11 
 1747       5.320476603774e-11 
 1748       5.311302051108e-11 
 1749       5.301832311159e-11 
 1750       5.292070254956e-11 
 1751       5.282018769886e-11 
 1752       5.271680759730e-11 
 1753       5.261059144678e-11 
 1754       5.250156861361e-11 
 1755       5.238976862873e-11 
 1756       5.227522118793e-11 
 1757       5.215795615217e-11 
 1758       5.203800354775e-11 
 1759       5.191539356661e-11 
 1760       5.179015656656e-11 
 1761       5.166232307155e-11 
 1762       5.153192377186e-11 
 1763       5.139898952441e-11 
 1764       5.126355135300e-11 
 1765       5.112564044851e-11 
 1766       5.098528816922e-11 
 1767       5.084252604100e-11 
 1768       5.069738575758e-11 
 1769       5.054989918081e-11 
 1770       5.040009834088e-11 
 1771       5.024801543659e-11 
 1772       5.009368283561e-11 
 1773       4.993713307469e-11 
 1774       4.977839885995e-11 
 1775       4.961751647490e-11 
 1776       4.945453603495e-11 
 1777       4.928951131792e-11 
 1778       4.912249636433e-11 
 1779       4.895354547777e-11 
 1780       4.878271322524e-11 
 1781       4.861005443759e-11 
 1782       4.843562420982e-11 
 1783       4.825947790153e-11 
 1784       4.808167113726e-11 
 1785       4.790225980689e-11 
 1786       4.772130006599e-11 
 1787       4.753884833622e-11 
 1788       4.735496130570e-11 
 1789       4.716969592939e-11 
 1790       4.698310942947e-11 
 1791       4.679525929572e-11 
 1792       4.660620328588e-11 
 1793       4.641599942605e-11 
 1794       4.622470601108e-11 
 1795       4.603238160489e-11 
 1796       4.583908504092e-11 
 1797       4.564487542246e-11 
 1798       4.544981212304e-11 
 1799       4.525395478682e-11 
 1800       4.505736332895e-11 
 1801       4.486009793598e-11 
 1802       4.466221906617e-11 
 1803       4.446378744997e-11 
 1804       4.426486409030e-11 
 1805       4.406551026299e-11 
 1806       4.386578751712e-11 
 1807       4.366575767543e-11 
 1808       4.346548283469e-11 
 1809       4.326502536605e-11 
 1810       4.306444791547e-11 
 1811       4.286381340405e-11 
 1812       4.266318502841e-11 
 1813       4.246262626113e-11 
 1814       4.226219766255e-11 
 1815       4.206194728758e-11 
 1816       4.186192020231e-11 
 1817       4.166216166571e-11 
 1818       4.146271712990e-11 
 1819       4.126363224045e-11 
 1820       4.106495283657e-11 
 1821       4.086672495143e-11 
 1822       4.066899481240e-11 
 1823       4.047180884134e-11 
 1824       4.027521365479e-11 
 1825       4.007925606432e-11 
 1826       3.988398307673e-11 
 1827       3.968944189435e-11 
 1828       3.949567991527e-11 
 1829       3.930274473362e-11 
 1830       3.911068413984e-11 
 1831       3.891954612091e-11 
 1832       3.872937886066e-11 
 1833       3.854023073997e-11 
 1834       3.835215033711e-11 
 1835       3.816518642792e-11 
 1836       3.797938798613e-11 
 1837       3.779480418360e-11 
 1838       3.761148439058e-11 
 1839       3.742947817598e-11 
 1840       3.724883530763e-11 
 1841       3.706960575252e-11 
 1842       3.689183967712e-11 
 1843       3.671558744757e-11 
 1844       3.654089963000e-11 
 1845       3.636782699074e-11 
 1846       3.619642049663e-11 
 1847       3.602673131526e-11 
 1848       3.585881081523e-11 
 1849       3.569271056641e-11 
 1850       3.552848234022e-11 
 1851       3.536617810987e-11 
 1852       3.520585005062e-11 
 1853       3.504754374421e-11 
 1854       3.489127773276e-11 
 1855       3.473706380392e-11 
 1856       3.458491377205e-11 
 1857       3.443483947828e-11 
 1858       3.428685279053e-11 
 1859       3.414096560351e-11 
 1860       3.399718983881e-11 
 1861       3.385553744482e-11 
 1862       3.371602039686e-11 
 1863       3.357865069714e-11 
 1864       3.344344037480e-11 
 1865       3.331040148594e-11 
 1866       3.317954611364e-11 
 1867       3.305088636800e-11 
 1868       3.292443438613e-11 
 1869       3.280020233220e-11 
 1870       3.267820239748e-11 
 1871       3.255844680031e-11 
 1872       3.244094778620e-11 
 1873       3.232571762777e-11 
 1874       3.221276862485e-11 
 1875       3.210211310446e-11 
 1876       3.199376342084e-11 
 1877       3.188773195551e-11 
 1878       3.178403111722e-11 
 1879       3.168267334207e-11 
 1880       3.158367109344e-11 
 1881       3.148703686210e-11 
 1882       3.139278316617e-11 
 1883       3.130092255116e-11 
 1884       3.121146759004e-11 
 1885       3.112443088319e-11 
 1886       3.103982505848e-11 
 1887       3.095766277127e-11 
 1888       3.087795670445e-11 
 1889       3.080071956845e-11 
 1890       3.072596410128e-11 
 1891       3.065370306852e-11 
 1892       3.058394334757e-11 
 1893       3.051666813015e-11 
 1894       3.045185458216e-11 
 1895       3.038947974683e-11 
 1896       3.032952054454e-11 
 1897       3.027195377266e-11 
 1898       3.021675610539e-11 
 1899       3.016390409352e-11 
 1900       3.011337416435e-11 
 1901       3.006514262145e-11 
 1902       3.001918564449e-11 
 1903       2.997547928911e-11 
 1904       2.993399948669e-11 
 1905       2.989472204424e-11 
 1906       2.985762264416e-11 
 1907       2.982267684410e-11 
 1908       2.978986007680e-11 
 1909       2.975914764989e-11 
 1910       2.973051474571e-11 
 1911       2.970393642119e-11 
 1912       2.967938760761e-11 
 1913       2.965684311046e-11 
 1914       2.963627760927e-11 
 1915       2.961766565741e-11 
 1916       2.960098168194e-11 
 1917       2.958619998346e-11 
 1918       2.957329473586e-11 
 1919       2.956223998622e-11 
 1920       2.955300965461e-11 
 1921       2.954557753390e-11 
 1922       2.953991728962e-11 
 1923       2.953600245975e-11 
 1924       2.953380645459e-11 
 1925       2.953330255652e-11 
 1926       2.953446391992e-11 
 1927       2.953726357089e-11 
 1928       2.954167440717e-11 
 1929       2.954766919790e-11 
 1930       2.955522058350e-11 
 1931       2.956429919251e-11 
 1932       2.957486797710e-11 
 1933       2.958688783430e-11 
 1934       2.960031948482e-11 
 1935       2.961512347278e-11 
 1936       2.963126016552e-11 
 1937       2.964868975335e-11 
 1938       2.966737224929e-11 
 1939       2.968726748886e-11 
 1940       2.970833512987e-11 
 1941       2.973053465213e-11 
 1942       2.975382535725e-11 
 1943       2.977816636840e-11 
 1944       2.980351663009e-11 
 1945       2.982983490789e-11 
 1946       2.985707978825e-11 
 1947       2.988520967824e-11 
 1948       2.991418280533e-11 
 1949       2.994395721711e-11 
 1950       2.997449078112e-11 
 1951       3.000574118458e-11 
 1952       3.003766593415e-11 
 1953       3.007022235572e-11 
 1954       3.010336759416e-11 
 1955       3.013705861309e-11 
 1956       3.017125219463e-11 
 1957       3.020590493919e-11 
 1958       3.024097326524e-11 
 1959       3.027641340905e-11 
 1960       3.031218142446e-11 
 1961       3.034823318265e-11 
 1962       3.038452437194e-11 
 1963       3.042101049750e-11 
 1964       3.045764688113e-11 
 1965       3.049438866106e-11 
 1966       3.053119079169e-11 
 1967       3.056800804333e-11 
 1968       3.060479500204e-11 
 1969       3.064150606930e-11 
 1970       3.067809799061e-11 
 1971       3.071453746198e-11 
 1972       3.075079357945e-11 
 1973       3.078683531532e-11 
 1974       3.082263151798e-11 
 1975       3.085815091177e-11 
 1976       3.089336209681e-11 
 1977       3.092823354888e-11 
 1978       3.096273361921e-11 
 1979       3.099683053433e-11 
 1980       3.103049239599e-11 
 1981       3.106368718089e-11 
 1982       3.109638274062e-11 
 1983       3.112854680144e-11 
 1984       3.116014696416e-11 
 1985       3.119115070397e-11 
 1986       3.122152537030e-11 
 1987       3.125123818663e-11 
 1988       3.128025625036e-11 
 1989       3.130854653266e-11 
 1990       3.133607587829e-11 
 1991       3.136281100546e-11 
 1992       3.138871850566e-11 
 1993       3.141376484354e-11 
 1994       3.143791635670e-11 
 1995       3.146113925558e-11 
 1996       3.148339962327e-11 
 1997       3.150466341539e-11 
 1998       3.152489645990e-11 
 1999       3.154406445696e-11 
 2000       3.156213297876e-11 
 2001       3.157906746940e-11 
 2002       3.159483324469e-11 
 2003       3.160939549201e-11 
 2004       3.162271927018e-11 
 2005       3.163476950925e-11 
 2006       3.164551101041e-11 
 2007       3.165490844576e-11 
 2008       3.166292635822e-11 
 2009       3.166953395388e-11 
 2010       3.167471951763e-11 
 2011       3.167847610226e-11 
 2012       3.168079674542e-11 
 2013       3.168167446965e-11 
 2014       3.168110228230e-11 
 2015       3.167907317556e-11 
 2016       3.167558012646e-11 
 2017       3.167061609682e-11 
 2018       3.166417403325e-11 
 2019       3.165624686713e-11 
 2020       3.164682751462e-11 
 2021       3.163590887662e-11 
 2022       3.162348383878e-11 
 2023       3.160954527145e-11 
 2024       3.159408602970e-11 
 2025       3.157709895331e-11 
 2026       3.155857686672e-11 
 2027       3.153851257904e-11 
 2028       3.151689888406e-11 
 2029       3.149372856017e-11 
 2030       3.146899437043e-11 
 2031       3.144268906247e-11 
 2032       3.141480536856e-11 
 2033       3.138533600553e-11 
 2034       3.135427367479e-11 
 2035       3.132161106232e-11 
 2036       3.128734083861e-11 
 2037       3.125145565873e-11 
 2038       3.121394816223e-11 
 2039       3.117481097318e-11 
 2040       3.113403670013e-11 
 2041       3.109161793613e-11 
 2042       3.104754725866e-11 
 2043       3.100181722967e-11 
 2044       3.095442039556e-11 
 2045       3.090534928710e-11 
 2046       3.085459641953e-11 
 2047       3.080215429245e-11 
 2048       3.074801943893e-11 
 2049       3.069220460442e-11 
 2050       3.063472665487e-11 
 2051       3.057560253561e-11 
 2052       3.051484927149e-11 
 2053       3.045248396696e-11 
 2054       3.038852380619e-11 
 2055       3.032298605314e-11 
 2056       3.025588805169e-11 
 2057       3.018724722576e-11 
 2058       3.011708107936e-11 
 2059       3.004540719673e-11 
 2060       2.997224324242e-11 
 2061       2.989760696142e-11 
 2062       2.982151617923e-11 
 2063       2.974398880200e-11 
 2064       2.966504281659e-11 
 2065       2.958469629070e-11 
 2066       2.950296737296e-11 
 2067       2.941987429304e-11 
 2068       2.933543536175e-11 
 2069       2.924966897114e-11 
 2070       2.916259359460e-11 
 2071       2.907422778696e-11 
 2072       2.898459018461e-11 
 2073       2.889369950559e-11 
 2074       2.880157454966e-11 
 2075       2.870823419848e-11 
 2076       2.861369741563e-11 
 2077       2.851798324676e-11 
 2078       2.842111081968e-11 
 2079       2.832309934446e-11 
 2080       2.822396811354e-11 
 2081       2.812373650182e-11 
 2082       2.802242396676e-11 
 2083       2.792005004851e-11 
 2084       2.781663436998e-11 
 2085       2.771219663694e-11 
 2086       2.760675663818e-11 
 2087       2.750033549737e-11 
 2088       2.739295943837e-11 
 2089       2.728465604658e-11 
 2090       2.717545301962e-11 
 2091       2.706537816749e-11 
 2092       2.695445941266e-11 
 2093       2.684272479025e-11 
 2094       2.673020244815e-11 
 2095       2.661692064717e-11 
 2096       2.650290776113e-11 
 2097       2.638819227707e-11 
 2098       2.627280279533e-11 
 2099       2.615676802971e-11 
 2100       2.604011680758e-11 
 2101       2.592287807007e-11 
 2102       2.580508087216e-11 
 2103       2.568675438283e-11 
 2104       2.556792788518e-11 
 2105       2.544863077662e-11 
 2106       2.532889256895e-11 
 2107       2.520874288851e-11 
 2108       2.508821147634e-11 
 2109       2.496732818829e-11 
 2110       2.484612299518e-11 
 2111       2.472462598289e-11 
 2112       2.460286735257e-11 
 2113       2.448087742073e-11 
 2114       2.435868661935e-11 
 2115       2.423632549608e-11 
 2116       2.411382471435e-11 
 2117       2.399121505349e-11 
 2118       2.386852740887e-11 
 2119       2.374579279208e-11 
 2120       2.362304233099e-11 
 2121       2.350030726996e-11 
 2122       2.337761896993e-11 
 2123       2.325500890859e-11 
 2124       2.313250868048e-11 
 2125       2.301014999716e-11 
 2126       2.288796295705e-11 
 2127       2.276597084180e-11 
 2128       2.264419528435e-11 
 2129       2.252265799607e-11 
 2130       2.240138076687e-11 
 2131       2.228038546523e-11 
 2132       2.215969403834e-11 
 2133       2.203932851217e-11 
 2134       2.191931099157e-11 
 2135       2.179966366036e-11 
 2136       2.168040878140e-11 
 2137       2.156156869673e-11 
 2138       2.144316582759e-11 
 2139       2.132522267458e-11 
 2140       2.120776181770e-11 
 2141       2.109080591647e-11 
 2142       2.097437771001e-11 
 2143       2.085850001714e-11 
 2144       2.074319573645e-11 
 2145       2.062848784640e-11 
 2146       2.051439940543e-11 
 2147       2.040095355203e-11 
 2148       2.028817350482e-11 
 2149       2.017608256267e-11 
 2150       2.006470410478e-11 
 2151       1.995406159076e-11 
 2152       1.984417856072e-11 
 2153       1.973507863539e-11 
 2154       1.962678551617e-11 
 2155       1.951932298526e-11 
 2156       1.941271490570e-11 
 2157       1.930698522151e-11 
 2158       1.920215795778e-11 
 2159       1.909825722070e-11 
 2160       1.899530719774e-11 
 2161       1.889333215766e-11 
 2162       1.879235645064e-11 
 2163       1.869240450838e-11 
 2164       1.859350084416e-11 
 2165       1.849566681880e-11 
 2166       1.839891091431e-11 
 2167       1.830323839467e-11 
 2168       1.820865453396e-11 
 2169       1.811516461645e-11 
 2170       1.802277393653e-11 
 2171       1.793148779876e-11 
 2172       1.784131151787e-11 
 2173       1.775225041879e-11 
 2174       1.766430983660e-11 
 2175       1.757749511660e-11 
 2176       1.749181161429e-11 
 2177       1.740726469535e-11 
 2178       1.732385973573e-11 
 2179       1.724160212155e-11 
 2180       1.716049724921e-11 
 2181       1.708055052531e-11 
 2182       1.700176736674e-11 
 2183       1.692415320062e-11 
 2184       1.684771346433e-11 
 2185       1.677245360556e-11 
 2186       1.669837908223e-11 
 2187       1.662549536259e-11 
 2188       1.655380792517e-11 
 2189       1.648332225880e-11 
 2190       1.641404386263e-11 
 2191       1.634597824613e-11 
 2192       1.627913092910e-11 
 2193       1.621350744167e-11 
 2194       1.614911332432e-11 
 2195       1.608595412788e-11 
 2196       1.602403541354e-11 
 2197       1.596336275285e-11 
 2198       1.590394172774e-11 
 2199       1.584577793054e-11 
 2200       1.578887696396e-11 
 2201       1.573324444109e-11 
 2202       1.567888598546e-11 
 2203       1.562580723100e-11 
 2204       1.557401109926e-11 
 2205       1.552348961125e-11 
 2206       1.547423202125e-11 
 2207       1.542622753457e-11 
 2208       1.537946530753e-11 
 2209       1.533393444739e-11 
 2210       1.528962401227e-11 
 2211       1.524652301112e-11 
 2212       1.520462040364e-11 
 2213       1.516390510023e-11 
 2214       1.512436596192e-11 
 2215       1.508599180035e-11 
 2216       1.504877137764e-11 
 2217       1.501269340640e-11 
 2218       1.497774654963e-11 
 2219       1.494391942067e-11 
 2220       1.491120058315e-11 
 2221       1.487957855091e-11 
 2222       1.484904178798e-11 
 2223       1.481957870848e-11 
 2224       1.479117767656e-11 
 2225       1.476382700638e-11 
 2226       1.473751496202e-11 
 2227       1.471222975742e-11 
 2228       1.468795955633e-11 
 2229       1.466469247227e-11 
 2230       1.464241656842e-11 
 2231       1.462111985760e-11 
 2232       1.460079030222e-11 
 2233       1.458141581417e-11 
 2234       1.456298425481e-11 
 2235       1.454548343490e-11 
 2236       1.452890111452e-11 
 2237       1.451322500303e-11 
 2238       1.449844275900e-11 
 2239       1.448454199017e-11 
 2240       1.447151025336e-11 
 2241       1.445933505443e-11 
 2242       1.444800384823e-11 
 2243       1.443750317974e-11 
 2244       1.442781610154e-11 
 2245       1.441892473938e-11 
 2246       1.441081114936e-11 
 2247       1.440345731781e-11 
 2248       1.439684516124e-11 
 2249       1.439095652627e-11 
 2250       1.438577318952e-11 
 2251       1.438127685754e-11 
 2252       1.437744916676e-11 
 2253       1.437427168335e-11 
 2254       1.437172590321e-11 
 2255       1.436979325184e-11 
 2256       1.436845508427e-11 
 2257       1.436769268500e-11 
 2258       1.436748726789e-11 
 2259       1.436781997612e-11 
 2260       1.436867188206e-11 
 2261       1.437002398724e-11 
 2262       1.437185722223e-11 
 2263       1.437415244659e-11 
 2264       1.437689044877e-11 
 2265       1.438005194604e-11 
 2266       1.438361758441e-11 
 2267       1.438756793855e-11 
 2268       1.439188351169e-11 
 2269       1.439654473560e-11 
 2270       1.440153197042e-11 
 2271       1.440682550466e-11 
 2272       1.441240555508e-11 
 2273       1.441825226662e-11 
 2274       1.442434571233e-11 
 2275       1.443066589325e-11 
 2276       1.443719273840e-11 
 2277       1.444390610463e-11 
 2278       1.445078577659e-11 
 2279       1.445781146661e-11 
 2280       1.446496281466e-11 
 2281       1.447221938824e-11 
 2282       1.447956178450e-11 
 2283       1.448697494437e-11 
 2284       1.449444485956e-11 
 2285       1.450195747217e-11 
 2286       1.450949867474e-11 
 2287       1.451705431009e-11 
 2288       1.452461017137e-11 
 2289       1.453215200191e-11 
 2290       1.453966549524e-11 
 2291       1.454713629497e-11 
 2292       1.455454999481e-11 
 2293       1.456189213844e-11 
 2294       1.456914821952e-11 
 2295       1.457630368158e-11 
 2296       1.458334391801e-11 
 2297       1.459025427199e-11 
 2298       1.459702003642e-11 
 2299       1.460362645388e-11 
 2300       1.461005871660e-11 
 2301       1.461630196634e-11 
 2302       1.462234129441e-11 
 2303       1.462816174157e-11 
 2304       1.463374829797e-11 
 2305       1.463908590315e-11 
 2306       1.464415944590e-11 
 2307       1.464895376430e-11 
 2308       1.465345364559e-11 
 2309       1.465764382615e-11 
 2310       1.466150899146e-11 
 2311       1.466503377599e-11 
 2312       1.466820276322e-11 
 2313       1.467100048553e-11 
 2314       1.467341142415e-11 
 2315       1.467542000914e-11 
 2316       1.467701061930e-11 
 2317       1.467816758214e-11 
 2318       1.467887517380e-11 
 2319       1.467911761904e-11 
 2320       1.467887909112e-11 
 2321       1.467814578489e-11 
 2322       1.467691215020e-11 
 2323       1.467517469770e-11 
 2324       1.467292992929e-11 
 2325       1.467017433810e-11 
 2326       1.466690440851e-11 
 2327       1.466311661614e-11 
 2328       1.465880742782e-11 
 2329       1.465397330161e-11 
 2330       1.464861068676e-11 
 2331       1.464271602373e-11 
 2332       1.463628574416e-11 
 2333       1.462931627089e-11 
 2334       1.462180401791e-11 
 2335       1.461374539040e-11 
 2336       1.460513678467e-11 
 2337       1.459597458821e-11 
 2338       1.458625517962e-11 
 2339       1.457597492866e-11 
 2340       1.456513019619e-11 
 2341       1.455371733420e-11 
 2342       1.454173268579e-11 
 2343       1.452917258515e-11 
 2344       1.451603335756e-11 
 2345       1.450231131940e-11 
 2346       1.448800277810e-11 
 2347       1.447310403219e-11 
 2348       1.445761137121e-11 
 2349       1.444152107580e-11 
 2350       1.442482941761e-11 
 2351       1.440753265934e-11 
 2352       1.438962705469e-11 
 2353       1.437110884842e-11 
 2354       1.435197427625e-11 
 2355       1.433221956494e-11 
 2356       1.431184093222e-11 
 2357       1.429083458682e-11 
 2358       1.426919672842e-11 
 2359       1.424692354769e-11 
 2360       1.422401299057e-11 
 2361       1.420047006318e-11 
 2362       1.417630155980e-11 
 2363       1.415151430159e-11 
 2364       1.412611513662e-11 
 2365       1.410011093987e-11 
 2366       1.407350861330e-11 
 2367       1.404631508586e-11 
 2368       1.401853731351e-11 
 2369       1.399018227926e-11 
 2370       1.396125699321e-11 
 2371       1.393176849258e-11 
 2372       1.390172384169e-11 
 2373       1.387113013208e-11 
 2374       1.383999448245e-11 
 2375       1.380832403875e-11 
 2376       1.377612597418e-11 
 2377       1.374340748923e-11 
 2378       1.371017581172e-11 
 2379       1.367643819679e-11 
 2380       1.364220192698e-11 
 2381       1.360747431224e-11 
 2382       1.357226268994e-11 
 2383       1.353657442494e-11 
 2384       1.350041690956e-11 
 2385       1.346379756370e-11 
 2386       1.342672383476e-11 
 2387       1.338920319776e-11 
 2388       1.335124315533e-11 
 2389       1.331285123775e-11 
 2390       1.327403500295e-11 
 2391       1.323480203660e-11 
 2392       1.319515995207e-11 
 2393       1.315511639054e-11 
 2394       1.311467902092e-11 
 2395       1.307385554001e-11 
 2396       1.303265367243e-11 
 2397       1.299108117067e-11 
 2398       1.294914581516e-11 
 2399       1.290685590859e-11 
 2400       1.286422176221e-11 
 2401       1.282125421865e-11 
 2402       1.277796415852e-11 
 2403       1.273436250035e-11 
 2404       1.269046020074e-11 
 2405       1.264626825432e-11 
 2406       1.260179769381e-11 
 2407       1.255705959009e-11 
 2408       1.251206505220e-11 
 2409       1.246682522740e-11 
 2410       1.242135130123e-11 
 2411       1.237565449750e-11 
 2412       1.232974607836e-11 
 2413       1.228363734435e-11 
 2414       1.223733963442e-11 
 2415       1.219086432598e-11 
 2416       1.214422283494e-11 
 2417       1.209742661575e-11 
 2418       1.205048716143e-11 
 2419       1.200341600361e-11 
 2420       1.195622471261e-11 
 2421       1.190892489741e-11 
 2422       1.186152820576e-11 
 2423       1.181404632417e-11 
 2424       1.176649097797e-11 
 2425       1.171887393134e-11 
 2426       1.167120698739e-11 
 2427       1.162350198813e-11 
 2428       1.157577081458e-11 
 2429       1.152802538675e-11 
 2430       1.148027766374e-11 
 2431       1.143253964371e-11 
 2432       1.138482336399e-11 
 2433       1.133714090108e-11 
 2434       1.128950437070e-11 
 2435       1.124192592782e-11 
 2436       1.119441776672e-11 
 2437       1.114699212101e-11 
 2438       1.109966068745e-11 
 2439       1.105243289353e-11 
 2440       1.100531761957e-11 
 2441       1.095832377402e-11 
 2442       1.091146029350e-11 
 2443       1.086473614281e-11 
 2444       1.081816031499e-11 
 2445       1.077174183134e-11 
 2446       1.072548974141e-11 
 2447       1.067941312308e-11 
 2448       1.063352108257e-11 
 2449       1.058782275445e-11 
 2450       1.054232730170e-11 
 2451       1.049704391570e-11 
 2452       1.045198181630e-11 
 2453       1.040715025182e-11 
 2454       1.036255849909e-11 
 2455       1.031821586348e-11 
 2456       1.027413167891e-11 
 2457       1.023031530792e-11 
 2458       1.018677614163e-11 
 2459       1.014352359985e-11 
 2460       1.010056713104e-11 
 2461       1.005791621238e-11 
 2462       1.001558034978e-11 
 2463       9.973569077919e-12 
 2464       9.931891960258e-12 
 2465       9.890558589084e-12 
 2466       9.849578585531e-12 
 2467       9.808961599609e-12 
 2468       9.768717310235e-12 
 2469       9.728855425258e-12 
 2470       9.689385681490e-12 
 2471       9.650317844732e-12 
 2472       9.611661709806e-12 
 2473       9.573427100579e-12 
 2474       9.535623869997e-12 
 2475       9.498261900105e-12 
 2476       9.461351102086e-12 
 2477       9.424899059363e-12 
 2478       9.388903941661e-12 
 2479       9.353361549114e-12 
 2480       9.318267665368e-12 
 2481       9.283618057559e-12 
 2482       9.249408476297e-12 
 2483       9.215634655646e-12 
 2484       9.182292313110e-12 
 2485       9.149377149613e-12 
 2486       9.116884849482e-12 
 2487       9.084811080427e-12 
 2488       9.053151493528e-12 
 2489       9.021901723214e-12 
 2490       8.991057387246e-12 
 2491       8.960614086699e-12 
 2492       8.930567405946e-12 
 2493       8.900912912638e-12 
 2494       8.871646157688e-12 
 2495       8.842762675254e-12 
 2496       8.814257982718e-12 
 2497       8.786127580671e-12 
 2498       8.758366952897e-12 
 2499       8.730971566351e-12 
 2500       8.703936871144e-12 
