# dimensionless total [l(l+1)/2pi] C_l's
# for l=2 to 2500, i.e. number of multipoles equal to 2499
#
# -> if you prefer output in CAMB/HealPix/LensPix units/order, set 'format' to 'camb' in input file
# -> if you don't want to see such a header, set 'headers' to 'no' in input file
#
# 1:l     2:TT                 
    2       9.321444175680e-08 
    3       4.878594011722e-07 
    4       9.095729892373e-08 
    5       1.994464025663e-08 
    6       1.289989406970e-08 
    7       1.184098662003e-08 
    8       1.122870732058e-08 
    9       1.069357338442e-08 
   10       1.020996950435e-08 
   11       9.770072317978e-09 
   12       9.367812967881e-09 
   13       8.997744411709e-09 
   14       8.656031546642e-09 
   15       8.339397958621e-09 
   16       8.044805798355e-09 
   17       7.770015216756e-09 
   18       7.512092855739e-09 
   19       7.271801832085e-09 
   20       7.044940437977e-09 
   21       6.831678663955e-09 
   22       6.629857806034e-09 
   23       6.439592125700e-09 
   24       6.259148018208e-09 
   25       6.088107725078e-09 
   26       5.924920757215e-09 
   27       5.770325940630e-09 
   28       5.623918598931e-09 
   29       5.483692387246e-09 
   30       5.349960486202e-09 
   31       5.222610118475e-09 
   32       5.100544223007e-09 
   33       4.983894389850e-09 
   34       4.872393247369e-09 
   35       4.765183179718e-09 
   36       4.662548631891e-09 
   37       4.564639741098e-09 
   38       4.470925807557e-09 
   39       4.380537266159e-09 
   40       4.293598992178e-09 
   41       4.210236608483e-09 
   42       4.130168101685e-09 
   43       4.052918466878e-09 
   44       3.978632909575e-09 
   45       3.907453670421e-09 
   46       3.839268680891e-09 
   47       3.773689879300e-09 
   48       3.710232341708e-09 
   49       3.648961980930e-09 
   50       3.589993170413e-09 
   51       3.533292713309e-09 
   52       3.478668404136e-09 
   53       3.425872560959e-09 
   54       3.374970206646e-09 
   55       3.326045627411e-09 
   56       3.279089220540e-09 
   57       3.233990876617e-09 
   58       3.190533361767e-09 
   59       3.148476391033e-09 
   60       3.107846678268e-09 
   61       3.068703668213e-09 
   62       3.031051296703e-09 
   63       2.994834447175e-09 
   64       2.959935407183e-09 
   65       2.926223277822e-09 
   66       2.893722323562e-09 
   67       2.862473047028e-09 
   68       2.832480358382e-09 
   69       2.803711513027e-09 
   70       2.776094049322e-09 
   71       2.749513726296e-09 
   72       2.723854413861e-09 
   73       2.699131210828e-09 
   74       2.675379270976e-09 
   75       2.652613028886e-09 
   76       2.630825095468e-09 
   77       2.609985153495e-09 
   78       2.590038853133e-09 
   79       2.570906707471e-09 
   80       2.552510448134e-09 
   81       2.534859793064e-09 
   82       2.517978801677e-09 
   83       2.501879166415e-09 
   84       2.486559616796e-09 
   85       2.472005323464e-09 
   86       2.458187302245e-09 
   87       2.445061818193e-09 
   88       2.432569789645e-09 
   89       2.420654870722e-09 
   90       2.409322248655e-09 
   91       2.398588014773e-09 
   92       2.388460995422e-09 
   93       2.378942435844e-09 
   94       2.370025684051e-09 
   95       2.361695874706e-09 
   96       2.353929613002e-09 
   97       2.346694658539e-09 
   98       2.339949609204e-09 
   99       2.333655793445e-09 
  100       2.327815552426e-09 
  101       2.322438818177e-09 
  102       2.317531222922e-09 
  103       2.313093930943e-09 
  104       2.309123470433e-09 
  105       2.305611565358e-09 
  106       2.302544967314e-09 
  107       2.299905287389e-09 
  108       2.297668828020e-09 
  109       2.295806414851e-09 
  110       2.294291418595e-09 
  111       2.293125348169e-09 
  112       2.292315233500e-09 
  113       2.291865641663e-09 
  114       2.291778589237e-09 
  115       2.292053454648e-09 
  116       2.292686890527e-09 
  117       2.293672736053e-09 
  118       2.295001929312e-09 
  119       2.296662419637e-09 
  120       2.298639079967e-09 
  121       2.300913619193e-09 
  122       2.303464494508e-09 
  123       2.306272307509e-09 
  124       2.309336881122e-09 
  125       2.312661988457e-09 
  126       2.316250000729e-09 
  127       2.320101842759e-09 
  128       2.324216948463e-09 
  129       2.328593216353e-09 
  130       2.333226965027e-09 
  131       2.338112888669e-09 
  132       2.343244012543e-09 
  133       2.348611648487e-09 
  134       2.354205350412e-09 
  135       2.360012869792e-09 
  136       2.366020111166e-09 
  137       2.372214479260e-09 
  138       2.378595405490e-09 
  139       2.385164831422e-09 
  140       2.391923892116e-09 
  141       2.398872893143e-09 
  142       2.406011287613e-09 
  143       2.413337653193e-09 
  144       2.420849669135e-09 
  145       2.428544093295e-09 
  146       2.436416739157e-09 
  147       2.444462452856e-09 
  148       2.452675090200e-09 
  149       2.461047493694e-09 
  150       2.469571469562e-09 
  151       2.478237764769e-09 
  152       2.487036044048e-09 
  153       2.495957135374e-09 
  154       2.505000049589e-09 
  155       2.514165572395e-09 
  156       2.523454043193e-09 
  157       2.532865343667e-09 
  158       2.542398886355e-09 
  159       2.552053603225e-09 
  160       2.561827934256e-09 
  161       2.571719816006e-09 
  162       2.581726670194e-09 
  163       2.591845392275e-09 
  164       2.602072340013e-09 
  165       2.612403322060e-09 
  166       2.622833586532e-09 
  167       2.633357809581e-09 
  168       2.643970083977e-09 
  169       2.654663907678e-09 
  170       2.665432172410e-09 
  171       2.676268561439e-09 
  172       2.687171897591e-09 
  173       2.698142137571e-09 
  174       2.709178989768e-09 
  175       2.720281908581e-09 
  176       2.731450088743e-09 
  177       2.742682459647e-09 
  178       2.753977679670e-09 
  179       2.765334130502e-09 
  180       2.776749911469e-09 
  181       2.788222833857e-09 
  182       2.799750415240e-09 
  183       2.811329873805e-09 
  184       2.822958122677e-09 
  185       2.834631764242e-09 
  186       2.846347084479e-09 
  187       2.858100047276e-09 
  188       2.869886288766e-09 
  189       2.881701111642e-09 
  190       2.893539479490e-09 
  191       2.905396886155e-09 
  192       2.917272048494e-09 
  193       2.929164405142e-09 
  194       2.941073256843e-09 
  195       2.952997763634e-09 
  196       2.964936942037e-09 
  197       2.976889662248e-09 
  198       2.988854645325e-09 
  199       3.000830460374e-09 
  200       3.012815521745e-09 
  201       3.024808086211e-09 
  202       3.036806250165e-09 
  203       3.048807946807e-09 
  204       3.060810943329e-09 
  205       3.072812838106e-09 
  206       3.084811057887e-09 
  207       3.096802854981e-09 
  208       3.108785304448e-09 
  209       3.120755301283e-09 
  210       3.132709557611e-09 
  211       3.144644599873e-09 
  212       3.156556766014e-09 
  213       3.168442756868e-09 
  214       3.180301337573e-09 
  215       3.192131745670e-09 
  216       3.203933145895e-09 
  217       3.215704628822e-09 
  218       3.227445209512e-09 
  219       3.239153826162e-09 
  220       3.250829338753e-09 
  221       3.262470527695e-09 
  222       3.274076092477e-09 
  223       3.285644650315e-09 
  224       3.297174734797e-09 
  225       3.308664794537e-09 
  226       3.320113191813e-09 
  227       3.331518201225e-09 
  228       3.342878008336e-09 
  229       3.354190708321e-09 
  230       3.365454304619e-09 
  231       3.376666707573e-09 
  232       3.387825733085e-09 
  233       3.398929101262e-09 
  234       3.409974435058e-09 
  235       3.420959258932e-09 
  236       3.431880997486e-09 
  237       3.442736974120e-09 
  238       3.453524759235e-09 
  239       3.464243241066e-09 
  240       3.474891617102e-09 
  241       3.485469049752e-09 
  242       3.495974665725e-09 
  243       3.506407555422e-09 
  244       3.516766772315e-09 
  245       3.527051332338e-09 
  246       3.537260213265e-09 
  247       3.547392354103e-09 
  248       3.557446654472e-09 
  249       3.567421973991e-09 
  250       3.577317131666e-09 
  251       3.587130905271e-09 
  252       3.596862030737e-09 
  253       3.606509201534e-09 
  254       3.616071068060e-09 
  255       3.625546237022e-09 
  256       3.634933270824e-09 
  257       3.644230686951e-09 
  258       3.653436957356e-09 
  259       3.662550507843e-09 
  260       3.671569717452e-09 
  261       3.680492917846e-09 
  262       3.689318392696e-09 
  263       3.698044377065e-09 
  264       3.706669056795e-09 
  265       3.715190567891e-09 
  266       3.723607214707e-09 
  267       3.731918138915e-09 
  268       3.740122685667e-09 
  269       3.748220187817e-09 
  270       3.756209965685e-09 
  271       3.764091326801e-09 
  272       3.771863565667e-09 
  273       3.779525963509e-09 
  274       3.787077788031e-09 
  275       3.794518293176e-09 
  276       3.801846718870e-09 
  277       3.809062290789e-09 
  278       3.816164220104e-09 
  279       3.823151703243e-09 
  280       3.830023921641e-09 
  281       3.836780041497e-09 
  282       3.843419213531e-09 
  283       3.849940572734e-09 
  284       3.856343238127e-09 
  285       3.862626312514e-09 
  286       3.868788882236e-09 
  287       3.874830016931e-09 
  288       3.880748769282e-09 
  289       3.886544174777e-09 
  290       3.892215251459e-09 
  291       3.897760999688e-09 
  292       3.903180401888e-09 
  293       3.908472422310e-09 
  294       3.913636006778e-09 
  295       3.918670082452e-09 
  296       3.923573557577e-09 
  297       3.928345452060e-09 
  298       3.932985296718e-09 
  299       3.937492753000e-09 
  300       3.941867483850e-09 
  301       3.946109153643e-09 
  302       3.950217428117e-09 
  303       3.954191974302e-09 
  304       3.958032460458e-09 
  305       3.961738556000e-09 
  306       3.965309931437e-09 
  307       3.968746258300e-09 
  308       3.972047209077e-09 
  309       3.975212457142e-09 
  310       3.978241676690e-09 
  311       3.981134542671e-09 
  312       3.983890730716e-09 
  313       3.986509917075e-09 
  314       3.988991778547e-09 
  315       3.991335992413e-09 
  316       3.993542236367e-09 
  317       3.995610188450e-09 
  318       3.997539526981e-09 
  319       3.999329930490e-09 
  320       4.000981077650e-09 
  321       4.002492647208e-09 
  322       4.003864317920e-09 
  323       4.005095768481e-09 
  324       4.006186677459e-09 
  325       4.007136723225e-09 
  326       4.007945583887e-09 
  327       4.008612937223e-09 
  328       4.009138460610e-09 
  329       4.009521830961e-09 
  330       4.009762724652e-09 
  331       4.009860817459e-09 
  332       4.009815853796e-09 
  333       4.009627857920e-09 
  334       4.009296931808e-09 
  335       4.008823186693e-09 
  336       4.008206743067e-09 
  337       4.007447730691e-09 
  338       4.006546288600e-09 
  339       4.005502565113e-09 
  340       4.004316717839e-09 
  341       4.002988913687e-09 
  342       4.001519328869e-09 
  343       3.999908148911e-09 
  344       3.998155568659e-09 
  345       3.996261792288e-09 
  346       3.994227033308e-09 
  347       3.992051514572e-09 
  348       3.989735468284e-09 
  349       3.987279136005e-09 
  350       3.984682768662e-09 
  351       3.981946626555e-09 
  352       3.979070979365e-09 
  353       3.976056106161e-09 
  354       3.972902295407e-09 
  355       3.969609844971e-09 
  356       3.966179062130e-09 
  357       3.962610263579e-09 
  358       3.958903775442e-09 
  359       3.955059933271e-09 
  360       3.951079082062e-09 
  361       3.946961576258e-09 
  362       3.942707779758e-09 
  363       3.938318065923e-09 
  364       3.933792817586e-09 
  365       3.929132427057e-09 
  366       3.924337296131e-09 
  367       3.919407836098e-09 
  368       3.914344467747e-09 
  369       3.909147621377e-09 
  370       3.903817736798e-09 
  371       3.898355283433e-09 
  372       3.892760821432e-09 
  373       3.887034942957e-09 
  374       3.881178252340e-09 
  375       3.875191366105e-09 
  376       3.869074912995e-09 
  377       3.862829533997e-09 
  378       3.856455882365e-09 
  379       3.849954623647e-09 
  380       3.843326435709e-09 
  381       3.836572008760e-09 
  382       3.829692045378e-09 
  383       3.822687260533e-09 
  384       3.815558381614e-09 
  385       3.808306148453e-09 
  386       3.800931313350e-09 
  387       3.793434641097e-09 
  388       3.785816909004e-09 
  389       3.778078906927e-09 
  390       3.770221437285e-09 
  391       3.762245315094e-09 
  392       3.754151367985e-09 
  393       3.745940436234e-09 
  394       3.737613372783e-09 
  395       3.729171043268e-09 
  396       3.720614326041e-09 
  397       3.711944112198e-09 
  398       3.703161305603e-09 
  399       3.694266822911e-09 
  400       3.685261593596e-09 
  401       3.676146559973e-09 
  402       3.666922677227e-09 
  403       3.657590913431e-09 
  404       3.648152249581e-09 
  405       3.638607679611e-09 
  406       3.628958210423e-09 
  407       3.619204861914e-09 
  408       3.609348666995e-09 
  409       3.599390671620e-09 
  410       3.589331934812e-09 
  411       3.579173504898e-09 
  412       3.568916347254e-09 
  413       3.558561414058e-09 
  414       3.548109667853e-09 
  415       3.537562081555e-09 
  416       3.526919638464e-09 
  417       3.516183332267e-09 
  418       3.505354167052e-09 
  419       3.494433157310e-09 
  420       3.483421327949e-09 
  421       3.472319714297e-09 
  422       3.461129362113e-09 
  423       3.449851327596e-09 
  424       3.438486677389e-09 
  425       3.427036488592e-09 
  426       3.415501848767e-09 
  427       3.403883855946e-09 
  428       3.392183618641e-09 
  429       3.380402255852e-09 
  430       3.368540897073e-09 
  431       3.356600682301e-09 
  432       3.344582762045e-09 
  433       3.332488297334e-09 
  434       3.320318459724e-09 
  435       3.308074431308e-09 
  436       3.295757404721e-09 
  437       3.283368583152e-09 
  438       3.270909180348e-09 
  439       3.258380420627e-09 
  440       3.245783538880e-09 
  441       3.233119780584e-09 
  442       3.220390401811e-09 
  443       3.207596669229e-09 
  444       3.194739860119e-09 
  445       3.181821262375e-09 
  446       3.168842174519e-09 
  447       3.155803905706e-09 
  448       3.142707775729e-09 
  449       3.129555115035e-09 
  450       3.116347264724e-09 
  451       3.103085535276e-09 
  452       3.089771081225e-09 
  453       3.076405022461e-09 
  454       3.062988485134e-09 
  455       3.049522601638e-09 
  456       3.036008510600e-09 
  457       3.022447356856e-09 
  458       3.008840291440e-09 
  459       2.995188471569e-09 
  460       2.981493060620e-09 
  461       2.967755228121e-09 
  462       2.953976149731e-09 
  463       2.940157007225e-09 
  464       2.926298988478e-09 
  465       2.912403287447e-09 
  466       2.898471104157e-09 
  467       2.884503644683e-09 
  468       2.870502121138e-09 
  469       2.856467751648e-09 
  470       2.842401760347e-09 
  471       2.828305377352e-09 
  472       2.814179838749e-09 
  473       2.800026386581e-09 
  474       2.785846268826e-09 
  475       2.771640739385e-09 
  476       2.757411058063e-09 
  477       2.743158490553e-09 
  478       2.728884308425e-09 
  479       2.714589789100e-09 
  480       2.700276215843e-09 
  481       2.685944877743e-09 
  482       2.671597069696e-09 
  483       2.657234092389e-09 
  484       2.642857252287e-09 
  485       2.628467861612e-09 
  486       2.614067238331e-09 
  487       2.599656706136e-09 
  488       2.585237594433e-09 
  489       2.570811238318e-09 
  490       2.556378978571e-09 
  491       2.541942111001e-09 
  492       2.527501732898e-09 
  493       2.513058892006e-09 
  494       2.498614636697e-09 
  495       2.484170015931e-09 
  496       2.469726079214e-09 
  497       2.455283876557e-09 
  498       2.440844458435e-09 
  499       2.426408875744e-09 
  500       2.411978179762e-09 
  501       2.397553422106e-09 
  502       2.383135654691e-09 
  503       2.368725929689e-09 
  504       2.354325299489e-09 
  505       2.339934816652e-09 
  506       2.325555533872e-09 
  507       2.311188503936e-09 
  508       2.296834779679e-09 
  509       2.282495413946e-09 
  510       2.268171459550e-09 
  511       2.253863969229e-09 
  512       2.239573995606e-09 
  513       2.225302591147e-09 
  514       2.211050808121e-09 
  515       2.196819698557e-09 
  516       2.182610314203e-09 
  517       2.168423706485e-09 
  518       2.154260926467e-09 
  519       2.140123024807e-09 
  520       2.126011051716e-09 
  521       2.111926056921e-09 
  522       2.097869089617e-09 
  523       2.083841198429e-09 
  524       2.069843431373e-09 
  525       2.055876835810e-09 
  526       2.041942458408e-09 
  527       2.028041345099e-09 
  528       2.014174541038e-09 
  529       2.000343090562e-09 
  530       1.986548037149e-09 
  531       1.972790384237e-09 
  532       1.959070976591e-09 
  533       1.945390615602e-09 
  534       1.931750098077e-09 
  535       1.918150216177e-09 
  536       1.904591757361e-09 
  537       1.891075504331e-09 
  538       1.877602234966e-09 
  539       1.864172722273e-09 
  540       1.850787734324e-09 
  541       1.837448034199e-09 
  542       1.824154379928e-09 
  543       1.810907524432e-09 
  544       1.797708215469e-09 
  545       1.784557195570e-09 
  546       1.771455201987e-09 
  547       1.758402966631e-09 
  548       1.745401216015e-09 
  549       1.732450671196e-09 
  550       1.719552047719e-09 
  551       1.706706055557e-09 
  552       1.693913399051e-09 
  553       1.681174776858e-09 
  554       1.668490881886e-09 
  555       1.655862401243e-09 
  556       1.643290016172e-09 
  557       1.630774401999e-09 
  558       1.618316228072e-09 
  559       1.605916157704e-09 
  560       1.593574848112e-09 
  561       1.581292950366e-09 
  562       1.569071109323e-09 
  563       1.556909963574e-09 
  564       1.544810145386e-09 
  565       1.532772280640e-09 
  566       1.520796988779e-09 
  567       1.508884882744e-09 
  568       1.497036568921e-09 
  569       1.485252647080e-09 
  570       1.473533710317e-09 
  571       1.461880324625e-09 
  572       1.450292967152e-09 
  573       1.438772086249e-09 
  574       1.427318121643e-09 
  575       1.415931504365e-09 
  576       1.404612656687e-09 
  577       1.393361992059e-09 
  578       1.382179915039e-09 
  579       1.371066821231e-09 
  580       1.360023097217e-09 
  581       1.349049120494e-09 
  582       1.338145259406e-09 
  583       1.327311873081e-09 
  584       1.316549311365e-09 
  585       1.305857914755e-09 
  586       1.295238014334e-09 
  587       1.284689931707e-09 
  588       1.274213978934e-09 
  589       1.263810458466e-09 
  590       1.253479663078e-09 
  591       1.243221875805e-09 
  592       1.233037369874e-09 
  593       1.222926408642e-09 
  594       1.212889245529e-09 
  595       1.202926123952e-09 
  596       1.193037277258e-09 
  597       1.183222928664e-09 
  598       1.173483291185e-09 
  599       1.163818567574e-09 
  600       1.154228950252e-09 
  601       1.144714621246e-09 
  602       1.135275752123e-09 
  603       1.125912503921e-09 
  604       1.116625027088e-09 
  605       1.107413461416e-09 
  606       1.098277935972e-09 
  607       1.089218569037e-09 
  608       1.080235468037e-09 
  609       1.071328729479e-09 
  610       1.062498438888e-09 
  611       1.053744678905e-09 
  612       1.045067553955e-09 
  613       1.036467166041e-09 
  614       1.027943606564e-09 
  615       1.019496956262e-09 
  616       1.011127285147e-09 
  617       1.002834652441e-09 
  618       9.946191065158e-10 
  619       9.864806848261e-10 
  620       9.784194138499e-10 
  621       9.704353090244e-10 
  622       9.625283746833e-10 
  623       9.546986039943e-10 
  624       9.469459788958e-10 
  625       9.392704700343e-10 
  626       9.316720367016e-10 
  627       9.241506267719e-10 
  628       9.167061766390e-10 
  629       9.093386111533e-10 
  630       9.020478435592e-10 
  631       8.948337754322e-10 
  632       8.876962966159e-10 
  633       8.806352851596e-10 
  634       8.736506072547e-10 
  635       8.667421171727e-10 
  636       8.599096572018e-10 
  637       8.531530575844e-10 
  638       8.464721364541e-10 
  639       8.398666997727e-10 
  640       8.333365412677e-10 
  641       8.268814423694e-10 
  642       8.205011721478e-10 
  643       8.141954872501e-10 
  644       8.079641318376e-10 
  645       8.018068375231e-10 
  646       7.957233233078e-10 
  647       7.897132955187e-10 
  648       7.837764477456e-10 
  649       7.779124607785e-10 
  650       7.721210025445e-10 
  651       7.664017622269e-10 
  652       7.607545535882e-10 
  653       7.551792138362e-10 
  654       7.496755695984e-10 
  655       7.442434368687e-10 
  656       7.388826209547e-10 
  657       7.335929164237e-10 
  658       7.283741070506e-10 
  659       7.232259657638e-10 
  660       7.181482545925e-10 
  661       7.131407246133e-10 
  662       7.082031158974e-10 
  663       7.033351574569e-10 
  664       6.985365671922e-10 
  665       6.938070518382e-10 
  666       6.891463069117e-10 
  667       6.845540166580e-10 
  668       6.800298539976e-10 
  669       6.755734804732e-10 
  670       6.711845461965e-10 
  671       6.668626897950e-10 
  672       6.626075383588e-10 
  673       6.584187073875e-10 
  674       6.542958007371e-10 
  675       6.502384105665e-10 
  676       6.462461172847e-10 
  677       6.423184894976e-10 
  678       6.384550839543e-10 
  679       6.346554454949e-10 
  680       6.309191069963e-10 
  681       6.272455893198e-10 
  682       6.236344012575e-10 
  683       6.200850394791e-10 
  684       6.165969884793e-10 
  685       6.131697205238e-10 
  686       6.098026955968e-10 
  687       6.064953613474e-10 
  688       6.032471530368e-10 
  689       6.000574934847e-10 
  690       5.969257930166e-10 
  691       5.938515043128e-10 
  692       5.908342883346e-10 
  693       5.878738517942e-10 
  694       5.849698925296e-10 
  695       5.821220994655e-10 
  696       5.793301525736e-10 
  697       5.765937228336e-10 
  698       5.739124721934e-10 
  699       5.712860535298e-10 
  700       5.687141106096e-10 
  701       5.661962780492e-10 
  702       5.637321812764e-10 
  703       5.613214364900e-10 
  704       5.589636506211e-10 
  705       5.566584212931e-10 
  706       5.544053367830e-10 
  707       5.522039759813e-10 
  708       5.500539083533e-10 
  709       5.479546938991e-10 
  710       5.459058831145e-10 
  711       5.439070169516e-10 
  712       5.419576267795e-10 
  713       5.400572343445e-10 
  714       5.382053517313e-10 
  715       5.364014813231e-10 
  716       5.346451157625e-10 
  717       5.329357379119e-10 
  718       5.312728208143e-10 
  719       5.296558276539e-10 
  720       5.280842117166e-10 
  721       5.265574163504e-10 
  722       5.250748749267e-10 
  723       5.236360107999e-10 
  724       5.222402372691e-10 
  725       5.208869575379e-10 
  726       5.195755646752e-10 
  727       5.183054415761e-10 
  728       5.170759609221e-10 
  729       5.158864851421e-10 
  730       5.147363663725e-10 
  731       5.136250085505e-10 
  732       5.125520551307e-10 
  733       5.115172050355e-10 
  734       5.105201508367e-10 
  735       5.095605787304e-10 
  736       5.086381685113e-10 
  737       5.077525935473e-10 
  738       5.069035207537e-10 
  739       5.060906105685e-10 
  740       5.053135169263e-10 
  741       5.045718872330e-10 
  742       5.038653623403e-10 
  743       5.031935765206e-10 
  744       5.025561574411e-10 
  745       5.019527261384e-10 
  746       5.013828969932e-10 
  747       5.008462777049e-10 
  748       5.003424692660e-10 
  749       4.998710659365e-10 
  750       4.994316552187e-10 
  751       4.990238178317e-10 
  752       4.986471276859e-10 
  753       4.983011518573e-10 
  754       4.979854505626e-10 
  755       4.976995771331e-10 
  756       4.974430779899e-10 
  757       4.972154926177e-10 
  758       4.970163535400e-10 
  759       4.968451862933e-10 
  760       4.967015094016e-10 
  761       4.965848343513e-10 
  762       4.964946655653e-10 
  763       4.964305003777e-10 
  764       4.963918290086e-10 
  765       4.963781345383e-10 
  766       4.963888928818e-10 
  767       4.964235727637e-10 
  768       4.964816356925e-10 
  769       4.965625359351e-10 
  770       4.966657204916e-10 
  771       4.967906891425e-10 
  772       4.969371758894e-10 
  773       4.971049708972e-10 
  774       4.972938607190e-10 
  775       4.975036282825e-10 
  776       4.977340528770e-10 
  777       4.979849101397e-10 
  778       4.982559720426e-10 
  779       4.985470068790e-10 
  780       4.988577792502e-10 
  781       4.991880500523e-10 
  782       4.995375764625e-10 
  783       4.999061119261e-10 
  784       5.002934061430e-10 
  785       5.006992050544e-10 
  786       5.011232508293e-10 
  787       5.015652818514e-10 
  788       5.020250327056e-10 
  789       5.025022341647e-10 
  790       5.029966131758e-10 
  791       5.035078928477e-10 
  792       5.040357924364e-10 
  793       5.045800273329e-10 
  794       5.051403090491e-10 
  795       5.057163452047e-10 
  796       5.063078395139e-10 
  797       5.069144917719e-10 
  798       5.075359978419e-10 
  799       5.081720496411e-10 
  800       5.088223351281e-10 
  801       5.094865382890e-10 
  802       5.101643391244e-10 
  803       5.108554136359e-10 
  804       5.115594338126e-10 
  805       5.122760676180e-10 
  806       5.130049789766e-10 
  807       5.137458277606e-10 
  808       5.144982697762e-10 
  809       5.152619567508e-10 
  810       5.160365363192e-10 
  811       5.168216975203e-10 
  812       5.176173082099e-10 
  813       5.184232800942e-10 
  814       5.192395234387e-10 
  815       5.200659470629e-10 
  816       5.209024583358e-10 
  817       5.217489631704e-10 
  818       5.226053660190e-10 
  819       5.234715698677e-10 
  820       5.243474762319e-10 
  821       5.252329851507e-10 
  822       5.261279951822e-10 
  823       5.270324033985e-10 
  824       5.279461053801e-10 
  825       5.288689952115e-10 
  826       5.298009654759e-10 
  827       5.307419072501e-10 
  828       5.316917100992e-10 
  829       5.326502620723e-10 
  830       5.336174496965e-10 
  831       5.345931579724e-10 
  832       5.355772703693e-10 
  833       5.365696688193e-10 
  834       5.375702337130e-10 
  835       5.385788438942e-10 
  836       5.395953766546e-10 
  837       5.406197077294e-10 
  838       5.416517112913e-10 
  839       5.426912599462e-10 
  840       5.437382247281e-10 
  841       5.447924750936e-10 
  842       5.458538789170e-10 
  843       5.469223024857e-10 
  844       5.479976104945e-10 
  845       5.490796660410e-10 
  846       5.501683306201e-10 
  847       5.512634641196e-10 
  848       5.523649248145e-10 
  849       5.534725693624e-10 
  850       5.545862527980e-10 
  851       5.557058556956e-10 
  852       5.568313661764e-10 
  853       5.579627992971e-10 
  854       5.591001700107e-10 
  855       5.602434931651e-10 
  856       5.613927835030e-10 
  857       5.625480556611e-10 
  858       5.637093241697e-10 
  859       5.648766034520e-10 
  860       5.660499078238e-10 
  861       5.672292514926e-10 
  862       5.684146485572e-10 
  863       5.696061130073e-10 
  864       5.708036587226e-10 
  865       5.720072994727e-10 
  866       5.732170489158e-10 
  867       5.744329205992e-10 
  868       5.756549279576e-10 
  869       5.768830843135e-10 
  870       5.781174028761e-10 
  871       5.793578967408e-10 
  872       5.806045788888e-10 
  873       5.818574621864e-10 
  874       5.831165593846e-10 
  875       5.843818831183e-10 
  876       5.856534459061e-10 
  877       5.869312601493e-10 
  878       5.882153381317e-10 
  879       5.895056920188e-10 
  880       5.908023338576e-10 
  881       5.921052755754e-10 
  882       5.934145289799e-10 
  883       5.947301057583e-10 
  884       5.960520174769e-10 
  885       5.973802755804e-10 
  886       5.987148913913e-10 
  887       6.000558761095e-10 
  888       6.014032408119e-10 
  889       6.027569964511e-10 
  890       6.041171538560e-10 
  891       6.054837311164e-10 
  892       6.068567758751e-10 
  893       6.082363434001e-10 
  894       6.096224892326e-10 
  895       6.110152691871e-10 
  896       6.124147393522e-10 
  897       6.138209560910e-10 
  898       6.152339760419e-10 
  899       6.166538561188e-10 
  900       6.180806535120e-10 
  901       6.195144256884e-10 
  902       6.209552303925e-10 
  903       6.224031256465e-10 
  904       6.238581697512e-10 
  905       6.253204212865e-10 
  906       6.267899391118e-10 
  907       6.282667823664e-10 
  908       6.297510104708e-10 
  909       6.312426831264e-10 
  910       6.327418603165e-10 
  911       6.342486023067e-10 
  912       6.357629696457e-10 
  913       6.372850231655e-10 
  914       6.388148239823e-10 
  915       6.403524334968e-10 
  916       6.418979133949e-10 
  917       6.434513256480e-10 
  918       6.450127325142e-10 
  919       6.465821965379e-10 
  920       6.481597805514e-10 
  921       6.497455476745e-10 
  922       6.513395613157e-10 
  923       6.529418851725e-10 
  924       6.545525832321e-10 
  925       6.561717197718e-10 
  926       6.577993593595e-10 
  927       6.594355668546e-10 
  928       6.610804074081e-10 
  929       6.627339464635e-10 
  930       6.643962497573e-10 
  931       6.660673772574e-10 
  932       6.677473648734e-10 
  933       6.694362424604e-10 
  934       6.711340398553e-10 
  935       6.728407868760e-10 
  936       6.745565133212e-10 
  937       6.762812489702e-10 
  938       6.780150235830e-10 
  939       6.797578668991e-10 
  940       6.815098086381e-10 
  941       6.832708784990e-10 
  942       6.850411061601e-10 
  943       6.868205212784e-10 
  944       6.886091534898e-10 
  945       6.904070324083e-10 
  946       6.922141876260e-10 
  947       6.940306487131e-10 
  948       6.958564452169e-10 
  949       6.976916066623e-10 
  950       6.995361625507e-10 
  951       7.013901423606e-10 
  952       7.032535755466e-10 
  953       7.051264915396e-10 
  954       7.070089197462e-10 
  955       7.089008895485e-10 
  956       7.108024303039e-10 
  957       7.127135713448e-10 
  958       7.146343419783e-10 
  959       7.165647714859e-10 
  960       7.185048891232e-10 
  961       7.204547241195e-10 
  962       7.224143056780e-10 
  963       7.243836629750e-10 
  964       7.263628251597e-10 
  965       7.283518213541e-10 
  966       7.303506806527e-10 
  967       7.323594321222e-10 
  968       7.343781048010e-10 
  969       7.364067276991e-10 
  970       7.384453297980e-10 
  971       7.404939271514e-10 
  972       7.425524839771e-10 
  973       7.446209509793e-10 
  974       7.466992781926e-10 
  975       7.487874149799e-10 
  976       7.508853100305e-10 
  977       7.529929113582e-10 
  978       7.551101662994e-10 
  979       7.572370215111e-10 
  980       7.593734229692e-10 
  981       7.615193159663e-10 
  982       7.636746451097e-10 
  983       7.658393543200e-10 
  984       7.680133868287e-10 
  985       7.701966851763e-10 
  986       7.723891912107e-10 
  987       7.745908460850e-10 
  988       7.768015902556e-10 
  989       7.790213634805e-10 
  990       7.812501048170e-10 
  991       7.834877526201e-10 
  992       7.857342445406e-10 
  993       7.879895175228e-10 
  994       7.902535078030e-10 
  995       7.925261509073e-10 
  996       7.948073816499e-10 
  997       7.970971341309e-10 
  998       7.993953417348e-10 
  999       8.017019371281e-10 
 1000       8.040168522577e-10 
 1001       8.063400183487e-10 
 1002       8.086713659029e-10 
 1003       8.110108246965e-10 
 1004       8.133583237784e-10 
 1005       8.157137914680e-10 
 1006       8.180771553536e-10 
 1007       8.204483422904e-10 
 1008       8.228272783984e-10 
 1009       8.252138890607e-10 
 1010       8.276080989214e-10 
 1011       8.300098206257e-10 
 1012       8.324189208648e-10 
 1013       8.348352538366e-10 
 1014       8.372586724562e-10 
 1015       8.396890283521e-10 
 1016       8.421261718637e-10 
 1017       8.445699520375e-10 
 1018       8.470202166242e-10 
 1019       8.494768120752e-10 
 1020       8.519395835394e-10 
 1021       8.544083748604e-10 
 1022       8.568830285724e-10 
 1023       8.593633858979e-10 
 1024       8.618492867436e-10 
 1025       8.643405696980e-10 
 1026       8.668370720274e-10 
 1027       8.693386296730e-10 
 1028       8.718450772478e-10 
 1029       8.743562480331e-10 
 1030       8.768719739754e-10 
 1031       8.793920856830e-10 
 1032       8.819164124231e-10 
 1033       8.844447821180e-10 
 1034       8.869770213425e-10 
 1035       8.895129553201e-10 
 1036       8.920524079202e-10 
 1037       8.945952016546e-10 
 1038       8.971411576742e-10 
 1039       8.996900957661e-10 
 1040       9.022418343499e-10 
 1041       9.047961904747e-10 
 1042       9.073529798161e-10 
 1043       9.099120166725e-10 
 1044       9.124731139622e-10 
 1045       9.150360832197e-10 
 1046       9.176007345932e-10 
 1047       9.201668768407e-10 
 1048       9.227343173270e-10 
 1049       9.253028620206e-10 
 1050       9.278723154902e-10 
 1051       9.304424774986e-10 
 1052       9.330131327394e-10 
 1053       9.355840609514e-10 
 1054       9.381550403046e-10 
 1055       9.407258473969e-10 
 1056       9.432962572503e-10 
 1057       9.458660433075e-10 
 1058       9.484349774281e-10 
 1059       9.510028298852e-10 
 1060       9.535693693614e-10 
 1061       9.561343629457e-10 
 1062       9.586975761293e-10 
 1063       9.612587728026e-10 
 1064       9.638177152512e-10 
 1065       9.663741641523e-10 
 1066       9.689278785714e-10 
 1067       9.714786159582e-10 
 1068       9.740261321434e-10 
 1069       9.765701813350e-10 
 1070       9.791105161144e-10 
 1071       9.816468874334e-10 
 1072       9.841790446097e-10 
 1073       9.867067353243e-10 
 1074       9.892297056170e-10 
 1075       9.917476998834e-10 
 1076       9.942604608710e-10 
 1077       9.967677296756e-10 
 1078       9.992692457378e-10 
 1079       1.001764746839e-09 
 1080       1.004253969099e-09 
 1081       1.006736646971e-09 
 1082       1.009212513238e-09 
 1083       1.011681299010e-09 
 1084       1.014142733720e-09 
 1085       1.016596545121e-09 
 1086       1.019042459281e-09 
 1087       1.021480200582e-09 
 1088       1.023909491712e-09 
 1089       1.026330053666e-09 
 1090       1.028741605739e-09 
 1091       1.031143873042e-09 
 1092       1.033536609154e-09 
 1093       1.035919573764e-09 
 1094       1.038292525182e-09 
 1095       1.040655220333e-09 
 1096       1.043007414752e-09 
 1097       1.045348862589e-09 
 1098       1.047679316598e-09 
 1099       1.049998528139e-09 
 1100       1.052306247172e-09 
 1101       1.054602222257e-09 
 1102       1.056886200550e-09 
 1103       1.059157927798e-09 
 1104       1.061417148342e-09 
 1105       1.063663605106e-09 
 1106       1.065897039602e-09 
 1107       1.068117191922e-09 
 1108       1.070323800735e-09 
 1109       1.072516603289e-09 
 1110       1.074695335404e-09 
 1111       1.076859731470e-09 
 1112       1.079009524443e-09 
 1113       1.081144445846e-09 
 1114       1.083264225761e-09 
 1115       1.085368592832e-09 
 1116       1.087457274255e-09 
 1117       1.089529995782e-09 
 1118       1.091586481714e-09 
 1119       1.093626454900e-09 
 1120       1.095649636732e-09 
 1121       1.097655747146e-09 
 1122       1.099644504615e-09 
 1123       1.101615626149e-09 
 1124       1.103568827289e-09 
 1125       1.105503822108e-09 
 1126       1.107420323208e-09 
 1127       1.109318041711e-09 
 1128       1.111196687265e-09 
 1129       1.113055968035e-09 
 1130       1.114895590700e-09 
 1131       1.116715276115e-09 
 1132       1.118514806498e-09 
 1133       1.120293978844e-09 
 1134       1.122052589318e-09 
 1135       1.123790433258e-09 
 1136       1.125507305165e-09 
 1137       1.127202998713e-09 
 1138       1.128877306737e-09 
 1139       1.130530021238e-09 
 1140       1.132160933380e-09 
 1141       1.133769833487e-09 
 1142       1.135356511046e-09 
 1143       1.136920754700e-09 
 1144       1.138462352250e-09 
 1145       1.139981090653e-09 
 1146       1.141476756020e-09 
 1147       1.142949133616e-09 
 1148       1.144398007858e-09 
 1149       1.145823162312e-09 
 1150       1.147224379693e-09 
 1151       1.148601441864e-09 
 1152       1.149954129836e-09 
 1153       1.151282223762e-09 
 1154       1.152585502940e-09 
 1155       1.153863745808e-09 
 1156       1.155116729948e-09 
 1157       1.156344232079e-09 
 1158       1.157546028058e-09 
 1159       1.158721892879e-09 
 1160       1.159871600670e-09 
 1161       1.160994924694e-09 
 1162       1.162091637347e-09 
 1163       1.163161510153e-09 
 1164       1.164204313768e-09 
 1165       1.165219817975e-09 
 1166       1.166207791685e-09 
 1167       1.167168002934e-09 
 1168       1.168100218880e-09 
 1169       1.169004205806e-09 
 1170       1.169879729115e-09 
 1171       1.170726575303e-09 
 1172       1.171544618175e-09 
 1173       1.172333753450e-09 
 1174       1.173093876867e-09 
 1175       1.173824884186e-09 
 1176       1.174526671185e-09 
 1177       1.175199133665e-09 
 1178       1.175842167444e-09 
 1179       1.176455668367e-09 
 1180       1.177039532297e-09 
 1181       1.177593655122e-09 
 1182       1.178117932752e-09 
 1183       1.178612261122e-09 
 1184       1.179076536191e-09 
 1185       1.179510653943e-09 
 1186       1.179914510387e-09 
 1187       1.180288001557e-09 
 1188       1.180631023516e-09 
 1189       1.180943472353e-09 
 1190       1.181225244183e-09 
 1191       1.181476235151e-09 
 1192       1.181696341430e-09 
 1193       1.181885459223e-09 
 1194       1.182043484760e-09 
 1195       1.182170314305e-09 
 1196       1.182265844150e-09 
 1197       1.182329970620e-09 
 1198       1.182362590071e-09 
 1199       1.182363598890e-09 
 1200       1.182332893500e-09 
 1201       1.182270370356e-09 
 1202       1.182175925946e-09 
 1203       1.182049456794e-09 
 1204       1.181890859457e-09 
 1205       1.181700030531e-09 
 1206       1.181476866645e-09 
 1207       1.181221264467e-09 
 1208       1.180933120699e-09 
 1209       1.180612332084e-09 
 1210       1.180258795402e-09 
 1211       1.179872427281e-09 
 1212       1.179453223886e-09 
 1213       1.179001201953e-09 
 1214       1.178516379045e-09 
 1215       1.177998773556e-09 
 1216       1.177448404709e-09 
 1217       1.176865292566e-09 
 1218       1.176249458022e-09 
 1219       1.175600922812e-09 
 1220       1.174919709511e-09 
 1221       1.174205841538e-09 
 1222       1.173459343156e-09 
 1223       1.172680239475e-09 
 1224       1.171868556456e-09 
 1225       1.171024320910e-09 
 1226       1.170147560502e-09 
 1227       1.169238303754e-09 
 1228       1.168296580044e-09 
 1229       1.167322419612e-09 
 1230       1.166315853559e-09 
 1231       1.165276913851e-09 
 1232       1.164205633321e-09 
 1233       1.163102045670e-09 
 1234       1.161966185470e-09 
 1235       1.160798088167e-09 
 1236       1.159597790082e-09 
 1237       1.158365328411e-09 
 1238       1.157100741233e-09 
 1239       1.155804067507e-09 
 1240       1.154475347076e-09 
 1241       1.153114620668e-09 
 1242       1.151721929901e-09 
 1243       1.150297317283e-09 
 1244       1.148840826213e-09 
 1245       1.147352500986e-09 
 1246       1.145832386793e-09 
 1247       1.144280529724e-09 
 1248       1.142696976771e-09 
 1249       1.141081775828e-09 
 1250       1.139434975695e-09 
 1251       1.137756641174e-09 
 1252       1.136046898555e-09 
 1253       1.134305890662e-09 
 1254       1.132533761818e-09 
 1255       1.130730657842e-09 
 1256       1.128896726054e-09 
 1257       1.127032115281e-09 
 1258       1.125136975855e-09 
 1259       1.123211459623e-09 
 1260       1.121255719943e-09 
 1261       1.119269911694e-09 
 1262       1.117254191274e-09 
 1263       1.115208716607e-09 
 1264       1.113133647146e-09 
 1265       1.111029143871e-09 
 1266       1.108895369302e-09 
 1267       1.106732487493e-09 
 1268       1.104540664041e-09 
 1269       1.102320066086e-09 
 1270       1.100070862317e-09 
 1271       1.097793222974e-09 
 1272       1.095487319851e-09 
 1273       1.093153326301e-09 
 1274       1.090791417235e-09 
 1275       1.088401769131e-09 
 1276       1.085984560035e-09 
 1277       1.083539969561e-09 
 1278       1.081068178901e-09 
 1279       1.078569370822e-09 
 1280       1.076043729673e-09 
 1281       1.073491441386e-09 
 1282       1.070912693481e-09 
 1283       1.068307675071e-09 
 1284       1.065676576861e-09 
 1285       1.063019591152e-09 
 1286       1.060336911850e-09 
 1287       1.057628734460e-09 
 1288       1.054895256100e-09 
 1289       1.052136675493e-09 
 1290       1.049353192980e-09 
 1291       1.046545013769e-09 
 1292       1.043712357737e-09 
 1293       1.040855449745e-09 
 1294       1.037974516404e-09 
 1295       1.035069786076e-09 
 1296       1.032141488881e-09 
 1297       1.029189856695e-09 
 1298       1.026215123158e-09 
 1299       1.023217523676e-09 
 1300       1.020197295426e-09 
 1301       1.017154677356e-09 
 1302       1.014089910193e-09 
 1303       1.011003236443e-09 
 1304       1.007894900396e-09 
 1305       1.004765148129e-09 
 1306       1.001614227513e-09 
 1307       9.984423882089e-10 
 1308       9.952498816794e-10 
 1309       9.920369611872e-10 
 1310       9.888038818004e-10 
 1311       9.855509003959e-10 
 1312       9.822782756630e-10 
 1313       9.789862681067e-10 
 1314       9.756751400511e-10 
 1315       9.723451556437e-10 
 1316       9.689965808581e-10 
 1317       9.656296834980e-10 
 1318       9.622447332005e-10 
 1319       9.588420014400e-10 
 1320       9.554217615314e-10 
 1321       9.519842886338e-10 
 1322       9.485298597540e-10 
 1323       9.450587537499e-10 
 1324       9.415712513346e-10 
 1325       9.380676350791e-10 
 1326       9.345481894165e-10 
 1327       9.310132006455e-10 
 1328       9.274629569334e-10 
 1329       9.238977483203e-10 
 1330       9.203178667224e-10 
 1331       9.167236007735e-10 
 1332       9.131152202819e-10 
 1333       9.094929916099e-10 
 1334       9.058571828233e-10 
 1335       9.022080636950e-10 
 1336       8.985459057077e-10 
 1337       8.948709820573e-10 
 1338       8.911835676561e-10 
 1339       8.874839391361e-10 
 1340       8.837723748519e-10 
 1341       8.800491548843e-10 
 1342       8.763145610429e-10 
 1343       8.725688768702e-10 
 1344       8.688123876437e-10 
 1345       8.650453803800e-10 
 1346       8.612681438376e-10 
 1347       8.574809685201e-10 
 1348       8.536841466794e-10 
 1349       8.498779723191e-10 
 1350       8.460627411973e-10 
 1351       8.422387508302e-10 
 1352       8.384063004951e-10 
 1353       8.345656912335e-10 
 1354       8.307172258546e-10 
 1355       8.268612089381e-10 
 1356       8.229979468377e-10 
 1357       8.191277476843e-10 
 1358       8.152509213889e-10 
 1359       8.113677796461e-10 
 1360       8.074786359372e-10 
 1361       8.035838055333e-10 
 1362       7.996836054986e-10 
 1363       7.957783546937e-10 
 1364       7.918683737784e-10 
 1365       7.879539852153e-10 
 1366       7.840355132729e-10 
 1367       7.801132840287e-10 
 1368       7.761876253725e-10 
 1369       7.722588670093e-10 
 1370       7.683273404632e-10 
 1371       7.643933637356e-10 
 1372       7.604571950984e-10 
 1373       7.565190788146e-10 
 1374       7.525792604402e-10 
 1375       7.486379868262e-10 
 1376       7.446955061209e-10 
 1377       7.407520677719e-10 
 1378       7.368079225288e-10 
 1379       7.328633224449e-10 
 1380       7.289185208797e-10 
 1381       7.249737725011e-10 
 1382       7.210293332874e-10 
 1383       7.170854605300e-10 
 1384       7.131424128349e-10 
 1385       7.092004501256e-10 
 1386       7.052598336450e-10 
 1387       7.013208259575e-10 
 1388       6.973836909515e-10 
 1389       6.934486938414e-10 
 1390       6.895161011701e-10 
 1391       6.855861808106e-10 
 1392       6.816592019691e-10 
 1393       6.777354351864e-10 
 1394       6.738151523406e-10 
 1395       6.698986266491e-10 
 1396       6.659861326711e-10 
 1397       6.620779463094e-10 
 1398       6.581743448129e-10 
 1399       6.542756067788e-10 
 1400       6.503820121545e-10 
 1401       6.464938422404e-10 
 1402       6.426113796917e-10 
 1403       6.387349085206e-10 
 1404       6.348647140988e-10 
 1405       6.310010831593e-10 
 1406       6.271443037990e-10 
 1407       6.232946654809e-10 
 1408       6.194524590359e-10 
 1409       6.156179766655e-10 
 1410       6.117915119439e-10 
 1411       6.079733406630e-10 
 1412       6.041636631480e-10 
 1413       6.003626613481e-10 
 1414       5.965705179412e-10 
 1415       5.927874163342e-10 
 1416       5.890135406642e-10 
 1417       5.852490758000e-10 
 1418       5.814942073426e-10 
 1419       5.777491216266e-10 
 1420       5.740140057210e-10 
 1421       5.702890474307e-10 
 1422       5.665744352971e-10 
 1423       5.628703585993e-10 
 1424       5.591770073554e-10 
 1425       5.554945723232e-10 
 1426       5.518232450015e-10 
 1427       5.481632176313e-10 
 1428       5.445146831962e-10 
 1429       5.408778354244e-10 
 1430       5.372528687889e-10 
 1431       5.336399785093e-10 
 1432       5.300393605523e-10 
 1433       5.264512116330e-10 
 1434       5.228757292159e-10 
 1435       5.193131115161e-10 
 1436       5.157635575003e-10 
 1437       5.122272668876e-10 
 1438       5.087044401509e-10 
 1439       5.051952785180e-10 
 1440       5.016999839723e-10 
 1441       4.982187592543e-10 
 1442       4.947518078620e-10 
 1443       4.912993340530e-10 
 1444       4.878615428444e-10 
 1445       4.844386400148e-10 
 1446       4.810308321049e-10 
 1447       4.776383264185e-10 
 1448       4.742613310238e-10 
 1449       4.709000547545e-10 
 1450       4.675547072106e-10 
 1451       4.642254790206e-10 
 1452       4.609124824081e-10 
 1453       4.576158100284e-10 
 1454       4.543355546529e-10 
 1455       4.510718091689e-10 
 1456       4.478246665798e-10 
 1457       4.445942200052e-10 
 1458       4.413805626802e-10 
 1459       4.381837879559e-10 
 1460       4.350039892992e-10 
 1461       4.318412602926e-10 
 1462       4.286956946344e-10 
 1463       4.255673861382e-10 
 1464       4.224564287335e-10 
 1465       4.193629164649e-10 
 1466       4.162869434925e-10 
 1467       4.132286040919e-10 
 1468       4.101879926537e-10 
 1469       4.071652036838e-10 
 1470       4.041603318035e-10 
 1471       4.011734717487e-10 
 1472       3.982047183707e-10 
 1473       3.952541666356e-10 
 1474       3.923219116245e-10 
 1475       3.894080485331e-10 
 1476       3.865126726723e-10 
 1477       3.836358794672e-10 
 1478       3.807777644579e-10 
 1479       3.779384232990e-10 
 1480       3.751179517596e-10 
 1481       3.723164457233e-10 
 1482       3.695340011880e-10 
 1483       3.667707142660e-10 
 1484       3.640266811840e-10 
 1485       3.613019982827e-10 
 1486       3.585967620172e-10 
 1487       3.559110689564e-10 
 1488       3.532450157835e-10 
 1489       3.505986992954e-10 
 1490       3.479722164032e-10 
 1491       3.453656491569e-10 
 1492       3.427790196602e-10 
 1493       3.402123347134e-10 
 1494       3.376656007475e-10 
 1495       3.351388238228e-10 
 1496       3.326320096284e-10 
 1497       3.301451634813e-10 
 1498       3.276782903253e-10 
 1499       3.252313947306e-10 
 1500       3.228044808921e-10 
 1501       3.203975526296e-10 
 1502       3.180106133861e-10 
 1503       3.156436662273e-10 
 1504       3.132967138405e-10 
 1505       3.109697585341e-10 
 1506       3.086628022364e-10 
 1507       3.063758464947e-10 
 1508       3.041088924748e-10 
 1509       3.018619409597e-10 
 1510       2.996349923492e-10 
 1511       2.974280466584e-10 
 1512       2.952411035175e-10 
 1513       2.930741621703e-10 
 1514       2.909272214740e-10 
 1515       2.888002798978e-10 
 1516       2.866933355221e-10 
 1517       2.846063860380e-10 
 1518       2.825394287459e-10 
 1519       2.804924605551e-10 
 1520       2.784654779827e-10 
 1521       2.764584771526e-10 
 1522       2.744714537950e-10 
 1523       2.725044032452e-10 
 1524       2.705573204429e-10 
 1525       2.686301999313e-10 
 1526       2.667230358562e-10 
 1527       2.648358219650e-10 
 1528       2.629685516062e-10 
 1529       2.611212177281e-10 
 1530       2.592938128784e-10 
 1531       2.574863203970e-10 
 1532       2.556986879063e-10 
 1533       2.539308535662e-10 
 1534       2.521827548554e-10 
 1535       2.504543285705e-10 
 1536       2.487455108242e-10 
 1537       2.470562370441e-10 
 1538       2.453864419717e-10 
 1539       2.437360596607e-10 
 1540       2.421050234759e-10 
 1541       2.404932660918e-10 
 1542       2.389007194911e-10 
 1543       2.373273149638e-10 
 1544       2.357729831056e-10 
 1545       2.342376538165e-10 
 1546       2.327212562998e-10 
 1547       2.312237190604e-10 
 1548       2.297449699038e-10 
 1549       2.282849359345e-10 
 1550       2.268435435549e-10 
 1551       2.254207184640e-10 
 1552       2.240163856558e-10 
 1553       2.226304694183e-10 
 1554       2.212628933320e-10 
 1555       2.199135802686e-10 
 1556       2.185824523897e-10 
 1557       2.172694311456e-10 
 1558       2.159744372737e-10 
 1559       2.146973907974e-10 
 1560       2.134382110247e-10 
 1561       2.121968165471e-10 
 1562       2.109731252377e-10 
 1563       2.097670542507e-10 
 1564       2.085785200192e-10 
 1565       2.074074382546e-10 
 1566       2.062537239451e-10 
 1567       2.051172913539e-10 
 1568       2.039980540186e-10 
 1569       2.028959247495e-10 
 1570       2.018108156280e-10 
 1571       2.007426366097e-10 
 1572       1.996912913190e-10 
 1573       1.986566812124e-10 
 1574       1.976387069696e-10 
 1575       1.966372684925e-10 
 1576       1.956522649035e-10 
 1577       1.946835945442e-10 
 1578       1.937311549741e-10 
 1579       1.927948429691e-10 
 1580       1.918745545202e-10 
 1581       1.909701848319e-10 
 1582       1.900816283212e-10 
 1583       1.892087786158e-10 
 1584       1.883515285530e-10 
 1585       1.875097701783e-10 
 1586       1.866833947437e-10 
 1587       1.858722927066e-10 
 1588       1.850763537286e-10 
 1589       1.842954666736e-10 
 1590       1.835295196067e-10 
 1591       1.827783997928e-10 
 1592       1.820419936952e-10 
 1593       1.813201869743e-10 
 1594       1.806128644860e-10 
 1595       1.799199102806e-10 
 1596       1.792412076009e-10 
 1597       1.785766388816e-10 
 1598       1.779260857471e-10 
 1599       1.772894290107e-10 
 1600       1.766665486729e-10 
 1601       1.760573239201e-10 
 1602       1.754616331233e-10 
 1603       1.748793538365e-10 
 1604       1.743103627955e-10 
 1605       1.737545359166e-10 
 1606       1.732117482948e-10 
 1607       1.726818742028e-10 
 1608       1.721647870895e-10 
 1609       1.716603595787e-10 
 1610       1.711684634673e-10 
 1611       1.706889748916e-10 
 1612       1.702217898776e-10 
 1613       1.697668089287e-10 
 1614       1.693239318705e-10 
 1615       1.688930578498e-10 
 1616       1.684740853329e-10 
 1617       1.680669121051e-10 
 1618       1.676714352691e-10 
 1619       1.672875512440e-10 
 1620       1.669151557642e-10 
 1621       1.665541438782e-10 
 1622       1.662044099473e-10 
 1623       1.658658476449e-10 
 1624       1.655383499548e-10 
 1625       1.652218091703e-10 
 1626       1.649161168933e-10 
 1627       1.646211640326e-10 
 1628       1.643368408033e-10 
 1629       1.640630367253e-10 
 1630       1.637996406222e-10 
 1631       1.635465406203e-10 
 1632       1.633036241474e-10 
 1633       1.630707779315e-10 
 1634       1.628478879998e-10 
 1635       1.626348396775e-10 
 1636       1.624315175866e-10 
 1637       1.622378056451e-10 
 1638       1.620535870651e-10 
 1639       1.618787443526e-10 
 1640       1.617131593055e-10 
 1641       1.615567130129e-10 
 1642       1.614092858541e-10 
 1643       1.612707574968e-10 
 1644       1.611410068968e-10 
 1645       1.610199122961e-10 
 1646       1.609073512222e-10 
 1647       1.608032004868e-10 
 1648       1.607073361847e-10 
 1649       1.606196336926e-10 
 1650       1.605399676680e-10 
 1651       1.604682196852e-10 
 1652       1.604043012198e-10 
 1653       1.603481308657e-10 
 1654       1.602996267155e-10 
 1655       1.602587063595e-10 
 1656       1.602252868854e-10 
 1657       1.601992848768e-10 
 1658       1.601806164129e-10 
 1659       1.601691970675e-10 
 1660       1.601649419081e-10 
 1661       1.601677654954e-10 
 1662       1.601775818821e-10 
 1663       1.601943046124e-10 
 1664       1.602178467209e-10 
 1665       1.602481207320e-10 
 1666       1.602850386592e-10 
 1667       1.603285120038e-10 
 1668       1.603784517546e-10 
 1669       1.604347683868e-10 
 1670       1.604973718614e-10 
 1671       1.605661716242e-10 
 1672       1.606410766049e-10 
 1673       1.607219952167e-10 
 1674       1.608088353549e-10 
 1675       1.609015043967e-10 
 1676       1.609999092000e-10 
 1677       1.611039561026e-10 
 1678       1.612135509215e-10 
 1679       1.613285989522e-10 
 1680       1.614490049674e-10 
 1681       1.615746732170e-10 
 1682       1.617055074264e-10 
 1683       1.618414107962e-10 
 1684       1.619822860015e-10 
 1685       1.621280351907e-10 
 1686       1.622785599848e-10 
 1687       1.624337614767e-10 
 1688       1.625935402305e-10 
 1689       1.627577962804e-10 
 1690       1.629264291298e-10 
 1691       1.630993471541e-10 
 1692       1.632764958973e-10 
 1693       1.634578300184e-10 
 1694       1.636433039099e-10 
 1695       1.638328716976e-10 
 1696       1.640264872400e-10 
 1697       1.642241041281e-10 
 1698       1.644256756846e-10 
 1699       1.646311549639e-10 
 1700       1.648404947516e-10 
 1701       1.650536475637e-10 
 1702       1.652705656467e-10 
 1703       1.654912009769e-10 
 1704       1.657155052599e-10 
 1705       1.659434299304e-10 
 1706       1.661749261518e-10 
 1707       1.664099448155e-10 
 1708       1.666484365408e-10 
 1709       1.668903516742e-10 
 1710       1.671356402892e-10 
 1711       1.673842521857e-10 
 1712       1.676361368899e-10 
 1713       1.678912436533e-10 
 1714       1.681495214531e-10 
 1715       1.684109189909e-10 
 1716       1.686753846929e-10 
 1717       1.689428667093e-10 
 1718       1.692133129138e-10 
 1719       1.694866709032e-10 
 1720       1.697628879972e-10 
 1721       1.700419112377e-10 
 1722       1.703236873885e-10 
 1723       1.706081629348e-10 
 1724       1.708952840829e-10 
 1725       1.711849967599e-10 
 1726       1.714772466128e-10 
 1727       1.717719790086e-10 
 1728       1.720691390336e-10 
 1729       1.723686714932e-10 
 1730       1.726705209112e-10 
 1731       1.729746383637e-10 
 1732       1.732810020447e-10 
 1733       1.735895968732e-10 
 1734       1.739004076754e-10 
 1735       1.742134191838e-10 
 1736       1.745286160375e-10 
 1737       1.748459827818e-10 
 1738       1.751655038683e-10 
 1739       1.754871636546e-10 
 1740       1.758109464041e-10 
 1741       1.761368362861e-10 
 1742       1.764648173752e-10 
 1743       1.767948736519e-10 
 1744       1.771269890016e-10 
 1745       1.774611472150e-10 
 1746       1.777973319878e-10 
 1747       1.781355269207e-10 
 1748       1.784757155189e-10 
 1749       1.788178811924e-10 
 1750       1.791620072554e-10 
 1751       1.795080769265e-10 
 1752       1.798560733285e-10 
 1753       1.802059794880e-10 
 1754       1.805577783358e-10 
 1755       1.809114527060e-10 
 1756       1.812669853366e-10 
 1757       1.816243588688e-10 
 1758       1.819835558470e-10 
 1759       1.823445587191e-10 
 1760       1.827073498355e-10 
 1761       1.830719114498e-10 
 1762       1.834382257181e-10 
 1763       1.838062746991e-10 
 1764       1.841760403538e-10 
 1765       1.845475045457e-10 
 1766       1.849206490402e-10 
 1767       1.852954555046e-10 
 1768       1.856719055083e-10 
 1769       1.860499805220e-10 
 1770       1.864296619182e-10 
 1771       1.868109345896e-10 
 1772       1.871937978381e-10 
 1773       1.875782545756e-10 
 1774       1.879643077133e-10 
 1775       1.883519601615e-10 
 1776       1.887412148298e-10 
 1777       1.891320746268e-10 
 1778       1.895245424605e-10 
 1779       1.899186212381e-10 
 1780       1.903143138658e-10 
 1781       1.907116232492e-10 
 1782       1.911105522927e-10 
 1783       1.915111039003e-10 
 1784       1.919132809749e-10 
 1785       1.923170864185e-10 
 1786       1.927225231324e-10 
 1787       1.931295940169e-10 
 1788       1.935383019715e-10 
 1789       1.939486498948e-10 
 1790       1.943606406845e-10 
 1791       1.947742772373e-10 
 1792       1.951895624493e-10 
 1793       1.956064992153e-10 
 1794       1.960250904294e-10 
 1795       1.964453389848e-10 
 1796       1.968672477736e-10 
 1797       1.972908196872e-10 
 1798       1.977160576158e-10 
 1799       1.981429644488e-10 
 1800       1.985715430747e-10 
 1801       1.990017963808e-10 
 1802       1.994337272536e-10 
 1803       1.998673385785e-10 
 1804       2.003026332402e-10 
 1805       2.007396141220e-10 
 1806       2.011782841065e-10 
 1807       2.016186460752e-10 
 1808       2.020607029084e-10 
 1809       2.025044574857e-10 
 1810       2.029499126855e-10 
 1811       2.033970721809e-10 
 1812       2.038459428336e-10 
 1813       2.042965323196e-10 
 1814       2.047488483348e-10 
 1815       2.052028985951e-10 
 1816       2.056586908368e-10 
 1817       2.061162328161e-10 
 1818       2.065755323093e-10 
 1819       2.070365971132e-10 
 1820       2.074994350446e-10 
 1821       2.079640539405e-10 
 1822       2.084304616582e-10 
 1823       2.088986660752e-10 
 1824       2.093686750895e-10 
 1825       2.098404966192e-10 
 1826       2.103141386028e-10 
 1827       2.107896089992e-10 
 1828       2.112669157877e-10 
 1829       2.117460669680e-10 
 1830       2.122270705600e-10 
 1831       2.127099346045e-10 
 1832       2.131946671623e-10 
 1833       2.136812763150e-10 
 1834       2.141697701647e-10 
 1835       2.146601568338e-10 
 1836       2.151524444655e-10 
 1837       2.156466412235e-10 
 1838       2.161427552921e-10 
 1839       2.166407948762e-10 
 1840       2.171407682015e-10 
 1841       2.176426835141e-10 
 1842       2.181465490810e-10 
 1843       2.186523731899e-10 
 1844       2.191601641492e-10 
 1845       2.196699302880e-10 
 1846       2.201816799562e-10 
 1847       2.206954215246e-10 
 1848       2.212111633848e-10 
 1849       2.217289139492e-10 
 1850       2.222486816510e-10 
 1851       2.227704725498e-10 
 1852       2.232942831267e-10 
 1853       2.238201074323e-10 
 1854       2.243479394756e-10 
 1855       2.248777732247e-10 
 1856       2.254096026059e-10 
 1857       2.259434215045e-10 
 1858       2.264792237639e-10 
 1859       2.270170031862e-10 
 1860       2.275567535317e-10 
 1861       2.280984685192e-10 
 1862       2.286421418256e-10 
 1863       2.291877670860e-10 
 1864       2.297353378936e-10 
 1865       2.302848477998e-10 
 1866       2.308362903139e-10 
 1867       2.313896589032e-10 
 1868       2.319449469928e-10 
 1869       2.325021479657e-10 
 1870       2.330612551625e-10 
 1871       2.336222618818e-10 
 1872       2.341851613795e-10 
 1873       2.347499468693e-10 
 1874       2.353166115223e-10 
 1875       2.358851484671e-10 
 1876       2.364555507897e-10 
 1877       2.370278115332e-10 
 1878       2.376019236984e-10 
 1879       2.381778802428e-10 
 1880       2.387556740815e-10 
 1881       2.393352980864e-10 
 1882       2.399167450865e-10 
 1883       2.405000078677e-10 
 1884       2.410850791729e-10 
 1885       2.416719517017e-10 
 1886       2.422606181105e-10 
 1887       2.428510710126e-10 
 1888       2.434433029776e-10 
 1889       2.440373065321e-10 
 1890       2.446330741588e-10 
 1891       2.452305953788e-10 
 1892       2.458298479714e-10 
 1893       2.464308066863e-10 
 1894       2.470334461548e-10 
 1895       2.476377408904e-10 
 1896       2.482436652884e-10 
 1897       2.488511936253e-10 
 1898       2.494603000594e-10 
 1899       2.500709586302e-10 
 1900       2.506831432581e-10 
 1901       2.512968277447e-10 
 1902       2.519119857723e-10 
 1903       2.525285909037e-10 
 1904       2.531466165823e-10 
 1905       2.537660361318e-10 
 1906       2.543868227561e-10 
 1907       2.550089495388e-10 
 1908       2.556323894437e-10 
 1909       2.562571153141e-10 
 1910       2.568830998727e-10 
 1911       2.575103157218e-10 
 1912       2.581387353427e-10 
 1913       2.587683310958e-10 
 1914       2.593990752203e-10 
 1915       2.600309398343e-10 
 1916       2.606638969342e-10 
 1917       2.612979183949e-10 
 1918       2.619329759696e-10 
 1919       2.625690412896e-10 
 1920       2.632060858639e-10 
 1921       2.638440810794e-10 
 1922       2.644829982006e-10 
 1923       2.651228083695e-10 
 1924       2.657634826052e-10 
 1925       2.664049918040e-10 
 1926       2.670473067393e-10 
 1927       2.676903980609e-10 
 1928       2.683342362958e-10 
 1929       2.689787918469e-10 
 1930       2.696240349939e-10 
 1931       2.702699337090e-10 
 1932       2.709164470892e-10 
 1933       2.715635318740e-10 
 1934       2.722111446244e-10 
 1935       2.728592417224e-10 
 1936       2.735077793708e-10 
 1937       2.741567135932e-10 
 1938       2.748060002335e-10 
 1939       2.754555949555e-10 
 1940       2.761054532434e-10 
 1941       2.767555304007e-10 
 1942       2.774057815506e-10 
 1943       2.780561616355e-10 
 1944       2.787066254167e-10 
 1945       2.793571274745e-10 
 1946       2.800076222075e-10 
 1947       2.806580638327e-10 
 1948       2.813084063854e-10 
 1949       2.819586037185e-10 
 1950       2.826086095026e-10 
 1951       2.832583772258e-10 
 1952       2.839078601932e-10 
 1953       2.845570115270e-10 
 1954       2.852057841662e-10 
 1955       2.858541308659e-10 
 1956       2.865020041978e-10 
 1957       2.871493565495e-10 
 1958       2.877961401245e-10 
 1959       2.884423069417e-10 
 1960       2.890878088355e-10 
 1961       2.897325974552e-10 
 1962       2.903766242652e-10 
 1963       2.910198405443e-10 
 1964       2.916621973860e-10 
 1965       2.923036456978e-10 
 1966       2.929441362012e-10 
 1967       2.935836194314e-10 
 1968       2.942220457371e-10 
 1969       2.948593652803e-10 
 1970       2.954955280361e-10 
 1971       2.961304828867e-10 
 1972       2.967641748971e-10 
 1973       2.973965480189e-10 
 1974       2.980275459938e-10 
 1975       2.986571123531e-10 
 1976       2.992851904177e-10 
 1977       2.999117232977e-10 
 1978       3.005366538924e-10 
 1979       3.011599248895e-10 
 1980       3.017814787654e-10 
 1981       3.024012577846e-10 
 1982       3.030192039998e-10 
 1983       3.036352592511e-10 
 1984       3.042493651661e-10 
 1985       3.048614631599e-10 
 1986       3.054714944342e-10 
 1987       3.060793999774e-10 
 1988       3.066851205645e-10 
 1989       3.072885967564e-10 
 1990       3.078897689002e-10 
 1991       3.084885771285e-10 
 1992       3.090849613592e-10 
 1993       3.096788612954e-10 
 1994       3.102702164252e-10 
 1995       3.108589660210e-10 
 1996       3.114450491399e-10 
 1997       3.120284046228e-10 
 1998       3.126089710947e-10 
 1999       3.131866869640e-10 
 2000       3.137614904225e-10 
 2001       3.143333194451e-10 
 2002       3.149021117893e-10 
 2003       3.154678049954e-10 
 2004       3.160303363859e-10 
 2005       3.165896430654e-10 
 2006       3.171456619200e-10 
 2007       3.176983296178e-10 
 2008       3.182475826076e-10 
 2009       3.187933571197e-10 
 2010       3.193355891649e-10 
 2011       3.198742166485e-10 
 2012       3.204091857295e-10 
 2013       3.209404445069e-10 
 2014       3.214679409102e-10 
 2015       3.219916226989e-10 
 2016       3.225114374624e-10 
 2017       3.230273326197e-10 
 2018       3.235392554194e-10 
 2019       3.240471529393e-10 
 2020       3.245509720862e-10 
 2021       3.250506595961e-10 
 2022       3.255461620334e-10 
 2023       3.260374257911e-10 
 2024       3.265243970906e-10 
 2025       3.270070219813e-10 
 2026       3.274852463407e-10 
 2027       3.279590158737e-10 
 2028       3.284282761131e-10 
 2029       3.288929724188e-10 
 2030       3.293530499779e-10 
 2031       3.298084538045e-10 
 2032       3.302591287394e-10 
 2033       3.307050194500e-10 
 2034       3.311460704300e-10 
 2035       3.315822259994e-10 
 2036       3.320134303039e-10 
 2037       3.324396273152e-10 
 2038       3.328607608306e-10 
 2039       3.332767744727e-10 
 2040       3.336876116894e-10 
 2041       3.340932157533e-10 
 2042       3.344935297621e-10 
 2043       3.348884966381e-10 
 2044       3.352780591278e-10 
 2045       3.356621598022e-10 
 2046       3.360407410560e-10 
 2047       3.364137451080e-10 
 2048       3.367811140006e-10 
 2049       3.371427895993e-10 
 2050       3.374987135934e-10 
 2051       3.378488311980e-10 
 2052       3.381931022933e-10 
 2053       3.385314903649e-10 
 2054       3.388639588076e-10 
 2055       3.391904709253e-10 
 2056       3.395109899313e-10 
 2057       3.398254789475e-10 
 2058       3.401339010051e-10 
 2059       3.404362190439e-10 
 2060       3.407323959125e-10 
 2061       3.410223943683e-10 
 2062       3.413061770769e-10 
 2063       3.415837066127e-10 
 2064       3.418549454584e-10 
 2065       3.421198560049e-10 
 2066       3.423784005515e-10 
 2067       3.426305413054e-10 
 2068       3.428762403818e-10 
 2069       3.431154598042e-10 
 2070       3.433481615035e-10 
 2071       3.435743073187e-10 
 2072       3.437938589962e-10 
 2073       3.440067781901e-10 
 2074       3.442130264621e-10 
 2075       3.444125652811e-10 
 2076       3.446053560234e-10 
 2077       3.447913599725e-10 
 2078       3.449705383191e-10 
 2079       3.451428521608e-10 
 2080       3.453082625023e-10 
 2081       3.454667302552e-10 
 2082       3.456182162376e-10 
 2083       3.457626811745e-10 
 2084       3.459000856975e-10 
 2085       3.460303903447e-10 
 2086       3.461535555605e-10 
 2087       3.462695416956e-10 
 2088       3.463783090072e-10 
 2089       3.464798176585e-10 
 2090       3.465740277185e-10 
 2091       3.466609035254e-10 
 2092       3.467404268075e-10 
 2093       3.468125836534e-10 
 2094       3.468773601581e-10 
 2095       3.469347424222e-10 
 2096       3.469847165527e-10 
 2097       3.470272686625e-10 
 2098       3.470623848709e-10 
 2099       3.470900513030e-10 
 2100       3.471102540905e-10 
 2101       3.471229793709e-10 
 2102       3.471282132884e-10 
 2103       3.471259419932e-10 
 2104       3.471161516419e-10 
 2105       3.470988283973e-10 
 2106       3.470739584290e-10 
 2107       3.470415279125e-10 
 2108       3.470015230300e-10 
 2109       3.469539299703e-10 
 2110       3.468987349283e-10 
 2111       3.468359241059e-10 
 2112       3.467654837112e-10 
 2113       3.466873999591e-10 
 2114       3.466016590710e-10 
 2115       3.465082472750e-10 
 2116       3.464071508059e-10 
 2117       3.462983559052e-10 
 2118       3.461818488210e-10 
 2119       3.460576158085e-10 
 2120       3.459256431294e-10 
 2121       3.457859170524e-10 
 2122       3.456384238529e-10 
 2123       3.454831498134e-10 
 2124       3.453200812231e-10 
 2125       3.451492043784e-10 
 2126       3.449705055825e-10 
 2127       3.447839711457e-10 
 2128       3.445895873853e-10 
 2129       3.443873406257e-10 
 2130       3.441772171984e-10 
 2131       3.439592083355e-10 
 2132       3.437333248871e-10 
 2133       3.434995827052e-10 
 2134       3.432579977593e-10 
 2135       3.430085861367e-10 
 2136       3.427513640427e-10 
 2137       3.424863478007e-10 
 2138       3.422135538524e-10 
 2139       3.419329987578e-10 
 2140       3.416446991957e-10 
 2141       3.413486719634e-10 
 2142       3.410449339774e-10 
 2143       3.407335022730e-10 
 2144       3.404143940048e-10 
 2145       3.400876264468e-10 
 2146       3.397532169927e-10 
 2147       3.394111831556e-10 
 2148       3.390615425687e-10 
 2149       3.387043129852e-10 
 2150       3.383395122783e-10 
 2151       3.379671584419e-10 
 2152       3.375872695899e-10 
 2153       3.371998639573e-10 
 2154       3.368049598998e-10 
 2155       3.364025758940e-10 
 2156       3.359927305376e-10 
 2157       3.355754425497e-10 
 2158       3.351507307709e-10 
 2159       3.347186141634e-10 
 2160       3.342791118110e-10 
 2161       3.338322429197e-10 
 2162       3.333780268173e-10 
 2163       3.329164829543e-10 
 2164       3.324476309030e-10 
 2165       3.319714903589e-10 
 2166       3.314880811398e-10 
 2167       3.309974231866e-10 
 2168       3.304995365632e-10 
 2169       3.299944414567e-10 
 2170       3.294821581776e-10 
 2171       3.289627107198e-10 
 2172       3.284361374672e-10 
 2173       3.279024805596e-10 
 2174       3.273617823397e-10 
 2175       3.268140853532e-10 
 2176       3.262594323494e-10 
 2177       3.256978662808e-10 
 2178       3.251294303040e-10 
 2179       3.245541677798e-10 
 2180       3.239721222731e-10 
 2181       3.233833375535e-10 
 2182       3.227878575955e-10 
 2183       3.221857265787e-10 
 2184       3.215769888879e-10 
 2185       3.209616891136e-10 
 2186       3.203398720522e-10 
 2187       3.197115827060e-10 
 2188       3.190768662840e-10 
 2189       3.184357682015e-10 
 2190       3.177883340808e-10 
 2191       3.171346097511e-10 
 2192       3.164746412491e-10 
 2193       3.158084748192e-10 
 2194       3.151361569134e-10 
 2195       3.144577341920e-10 
 2196       3.137732535236e-10 
 2197       3.130827619853e-10 
 2198       3.123863068632e-10 
 2199       3.116839356523e-10 
 2200       3.109756960573e-10 
 2201       3.102616359920e-10 
 2202       3.095418035805e-10 
 2203       3.088162471568e-10 
 2204       3.080850152652e-10 
 2205       3.073481566607e-10 
 2206       3.066057203092e-10 
 2207       3.058577553874e-10 
 2208       3.051043112838e-10 
 2209       3.043454375982e-10 
 2210       3.035811841422e-10 
 2211       3.028116015588e-10 
 2212       3.020367431842e-10 
 2213       3.012566631986e-10 
 2214       3.004714160086e-10 
 2215       2.996810562472e-10 
 2216       2.988856387743e-10 
 2217       2.980852186771e-10 
 2218       2.972798512700e-10 
 2219       2.964695920950e-10 
 2220       2.956544969221e-10 
 2221       2.948346217494e-10 
 2222       2.940100228036e-10 
 2223       2.931807565398e-10 
 2224       2.923468796423e-10 
 2225       2.915084490247e-10 
 2226       2.906655218297e-10 
 2227       2.898181554302e-10 
 2228       2.889664074290e-10 
 2229       2.881103356589e-10 
 2230       2.872499981837e-10 
 2231       2.863854532978e-10 
 2232       2.855167595266e-10 
 2233       2.846439756270e-10 
 2234       2.837671605875e-10 
 2235       2.828863736283e-10 
 2236       2.820016742021e-10 
 2237       2.811131219938e-10 
 2238       2.802207769208e-10 
 2239       2.793246991339e-10 
 2240       2.784249490166e-10 
 2241       2.775215871862e-10 
 2242       2.766146744937e-10 
 2243       2.757042720240e-10 
 2244       2.747904410963e-10 
 2245       2.738732432645e-10 
 2246       2.729527403171e-10 
 2247       2.720289942776e-10 
 2248       2.711020674052e-10 
 2249       2.701720221943e-10 
 2250       2.692389213753e-10 
 2251       2.683028278334e-10 
 2252       2.673638043636e-10 
 2253       2.664219139150e-10 
 2254       2.654772196712e-10 
 2255       2.645297850520e-10 
 2256       2.635796737122e-10 
 2257       2.626269495431e-10 
 2258       2.616716766720e-10 
 2259       2.607139194627e-10 
 2260       2.597537425159e-10 
 2261       2.587912106692e-10 
 2262       2.578263889974e-10 
 2263       2.568593428131e-10 
 2264       2.558901376666e-10 
 2265       2.549188393462e-10 
 2266       2.539455138786e-10 
 2267       2.529702275293e-10 
 2268       2.519930468022e-10 
 2269       2.510140384409e-10 
 2270       2.500332694279e-10 
 2271       2.490508069857e-10 
 2272       2.480667185766e-10 
 2273       2.470810719031e-10 
 2274       2.460939349080e-10 
 2275       2.451053757752e-10 
 2276       2.441154629291e-10 
 2277       2.431242650356e-10 
 2278       2.421318510022e-10 
 2279       2.411382899780e-10 
 2280       2.401436513541e-10 
 2281       2.391480047639e-10 
 2282       2.381514200836e-10 
 2283       2.371539674320e-10 
 2284       2.361557171709e-10 
 2285       2.351567399056e-10 
 2286       2.341571064850e-10 
 2287       2.331568880019e-10 
 2288       2.321561557932e-10 
 2289       2.311549814400e-10 
 2290       2.301534367685e-10 
 2291       2.291515909048e-10 
 2292       2.281495014216e-10 
 2293       2.271472231359e-10 
 2294       2.261448110484e-10 
 2295       2.251423203441e-10 
 2296       2.241398063924e-10 
 2297       2.231373247470e-10 
 2298       2.221349311464e-10 
 2299       2.211326815141e-10 
 2300       2.201306319586e-10 
 2301       2.191288387738e-10 
 2302       2.181273584389e-10 
 2303       2.171262476191e-10 
 2304       2.161255631651e-10 
 2305       2.151253621141e-10 
 2306       2.141257016893e-10 
 2307       2.131266393005e-10 
 2308       2.121282325440e-10 
 2309       2.111305392033e-10 
 2310       2.101336172486e-10 
 2311       2.091375248376e-10 
 2312       2.081423203154e-10 
 2313       2.071480622147e-10 
 2314       2.061548092562e-10 
 2315       2.051626203484e-10 
 2316       2.041715545882e-10 
 2317       2.031816712610e-10 
 2318       2.021930298407e-10 
 2319       2.012056899901e-10 
 2320       2.002197115609e-10 
 2321       1.992351545943e-10 
 2322       1.982520793207e-10 
 2323       1.972705461600e-10 
 2324       1.962906157223e-10 
 2325       1.953123488073e-10 
 2326       1.943358064052e-10 
 2327       1.933610496965e-10 
 2328       1.923881400521e-10 
 2329       1.914171390340e-10 
 2330       1.904481083951e-10 
 2331       1.894811062456e-10 
 2332       1.885161755264e-10 
 2333       1.875533554639e-10 
 2334       1.865926853970e-10 
 2335       1.856342047777e-10 
 2336       1.846779531707e-10 
 2337       1.837239702539e-10 
 2338       1.827722958182e-10 
 2339       1.818229697679e-10 
 2340       1.808760321207e-10 
 2341       1.799315230077e-10 
 2342       1.789894826735e-10 
 2343       1.780499514767e-10 
 2344       1.771129698895e-10 
 2345       1.761785784980e-10 
 2346       1.752468180026e-10 
 2347       1.743177292177e-10 
 2348       1.733913530718e-10 
 2349       1.724677306081e-10 
 2350       1.715469029841e-10 
 2351       1.706289114719e-10 
 2352       1.697137974584e-10 
 2353       1.688016024453e-10 
 2354       1.678923680492e-10 
 2355       1.669861360018e-10 
 2356       1.660829481500e-10 
 2357       1.651828464557e-10 
 2358       1.642858729966e-10 
 2359       1.633920699656e-10 
 2360       1.625014796712e-10 
 2361       1.616141445379e-10 
 2362       1.607301071057e-10 
 2363       1.598494100307e-10 
 2364       1.589720960851e-10 
 2365       1.580982081571e-10 
 2366       1.572277892513e-10 
 2367       1.563608824887e-10 
 2368       1.554975311066e-10 
 2369       1.546377784593e-10 
 2370       1.537816680174e-10 
 2371       1.529292397377e-10 
 2372       1.520805191461e-10 
 2373       1.512355281872e-10 
 2374       1.503942888492e-10 
 2375       1.495568231640e-10 
 2376       1.487231532069e-10 
 2377       1.478933010969e-10 
 2378       1.470672889969e-10 
 2379       1.462451391133e-10 
 2380       1.454268736964e-10 
 2381       1.446125150401e-10 
 2382       1.438020854823e-10 
 2383       1.429956074047e-10 
 2384       1.421931032330e-10 
 2385       1.413945954365e-10 
 2386       1.406001065289e-10 
 2387       1.398096590675e-10 
 2388       1.390232756539e-10 
 2389       1.382409789337e-10 
 2390       1.374627915964e-10 
 2391       1.366887363760e-10 
 2392       1.359188360503e-10 
 2393       1.351531134415e-10 
 2394       1.343915914159e-10 
 2395       1.336342928843e-10 
 2396       1.328812408015e-10 
 2397       1.321324581669e-10 
 2398       1.313879680241e-10 
 2399       1.306477934611e-10 
 2400       1.299119576105e-10 
 2401       1.291804836491e-10 
 2402       1.284533947984e-10 
 2403       1.277307143245e-10 
 2404       1.270124655378e-10 
 2405       1.262986717936e-10 
 2406       1.255893564917e-10 
 2407       1.248845430764e-10 
 2408       1.241842550371e-10 
 2409       1.234885159077e-10 
 2410       1.227973492667e-10 
 2411       1.221107754679e-10 
 2412       1.214288018079e-10 
 2413       1.207514322989e-10 
 2414       1.200786709326e-10 
 2415       1.194105216803e-10 
 2416       1.187469884931e-10 
 2417       1.180880753018e-10 
 2418       1.174337860165e-10 
 2419       1.167841245272e-10 
 2420       1.161390947030e-10 
 2421       1.154987003928e-10 
 2422       1.148629454249e-10 
 2423       1.142318336070e-10 
 2424       1.136053687259e-10 
 2425       1.129835545482e-10 
 2426       1.123663948196e-10 
 2427       1.117538932649e-10 
 2428       1.111460535885e-10 
 2429       1.105428794738e-10 
 2430       1.099443745834e-10 
 2431       1.093505425590e-10 
 2432       1.087613870215e-10 
 2433       1.081769115709e-10 
 2434       1.075971197861e-10 
 2435       1.070220152252e-10 
 2436       1.064516014251e-10 
 2437       1.058858819018e-10 
 2438       1.053248601500e-10 
 2439       1.047685396436e-10 
 2440       1.042169238349e-10 
 2441       1.036700161555e-10 
 2442       1.031278200155e-10 
 2443       1.025903388036e-10 
 2444       1.020575758876e-10 
 2445       1.015295346136e-10 
 2446       1.010062183067e-10 
 2447       1.004876302702e-10 
 2448       9.997377378627e-11 
 2449       9.946465211558e-11 
 2450       9.896026849724e-11 
 2451       9.846062355615e-11 
 2452       9.796570750791e-11 
 2453       9.747550790724e-11 
 2454       9.699001223640e-11 
 2455       9.650920790507e-11 
 2456       9.603308225030e-11 
 2457       9.556162253641e-11 
 2458       9.509481595490e-11 
 2459       9.463264962438e-11 
 2460       9.417511059046e-11 
 2461       9.372218582567e-11 
 2462       9.327386222943e-11 
 2463       9.283012662785e-11 
 2464       9.239096577378e-11 
 2465       9.195636634660e-11 
 2466       9.152631495224e-11 
 2467       9.110079812301e-11 
 2468       9.067980231757e-11 
 2469       9.026331392083e-11 
 2470       8.985131924385e-11 
 2471       8.944380452378e-11 
 2472       8.904075592373e-11 
 2473       8.864215953275e-11 
 2474       8.824800136570e-11 
 2475       8.785826736316e-11 
 2476       8.747294339137e-11 
 2477       8.709201524213e-11 
 2478       8.671546863274e-11 
 2479       8.634328920586e-11 
 2480       8.597546252947e-11 
 2481       8.561197409679e-11 
 2482       8.525280932616e-11 
 2483       8.489795356096e-11 
 2484       8.454739206957e-11 
 2485       8.420111004523e-11 
 2486       8.385909260597e-11 
 2487       8.352132479455e-11 
 2488       8.318779157835e-11 
 2489       8.285847784928e-11 
 2490       8.253336842372e-11 
 2491       8.221246029982e-11 
 2492       8.189579950844e-11 
 2493       8.158344447870e-11 
 2494       8.127545380031e-11 
 2495       8.097188622382e-11 
 2496       8.067280066068e-11 
 2497       8.037825618346e-11 
 2498       8.008831202596e-11 
 2499       7.980302758338e-11 
 2500       7.952246241249e-11 
