# dimensionless total [l(l+1)/2pi] C_l's
# for l=2 to 2500, i.e. number of multipoles equal to 2499
#
# -> if you prefer output in CAMB/HealPix/LensPix units/order, set 'format' to 'camb' in input file
# -> if you don't want to see such a header, set 'headers' to 'no' in input file
#
# 1:l     2:TT                 
    2       1.341229454155e-10 
    3       1.232835886245e-10 
    4       1.155531877441e-10 
    5       1.108758071690e-10 
    6       1.082713338868e-10 
    7       1.069735102789e-10 
    8       1.065219722600e-10 
    9       1.065717190550e-10 
   10       1.070075144215e-10 
   11       1.077436646900e-10 
   12       1.086863418251e-10 
   13       1.098086430204e-10 
   14       1.110747406745e-10 
   15       1.124971350622e-10 
   16       1.139877441487e-10 
   17       1.155573543720e-10 
   18       1.172201052870e-10 
   19       1.189765750562e-10 
   20       1.207746568045e-10 
   21       1.226272656481e-10 
   22       1.245387769505e-10 
   23       1.265124113453e-10 
   24       1.285295476895e-10 
   25       1.305848262487e-10 
   26       1.326650243110e-10 
   27       1.347816104037e-10 
   28       1.369391157842e-10 
   29       1.391283322839e-10 
   30       1.413530734071e-10 
   31       1.436103788718e-10 
   32       1.458890598884e-10 
   33       1.481952644156e-10 
   34       1.505341282322e-10 
   35       1.529046968983e-10 
   36       1.553090962598e-10 
   37       1.577450004239e-10 
   38       1.602021514083e-10 
   39       1.626676415111e-10 
   40       1.651459309002e-10 
   41       1.676442766251e-10 
   42       1.701668616779e-10 
   43       1.727156203324e-10 
   44       1.752938773679e-10 
   45       1.779032347216e-10 
   46       1.805422061615e-10 
   47       1.832059316163e-10 
   48       1.858885691542e-10 
   49       1.885919348032e-10 
   50       1.913188073786e-10 
   51       1.940703180885e-10 
   52       1.968458014794e-10 
   53       1.996439130625e-10 
   54       2.024666626937e-10 
   55       2.053161585682e-10 
   56       2.081933375387e-10 
   57       2.110978691718e-10 
   58       2.140280598036e-10 
   59       2.169819812992e-10 
   60       2.199613813424e-10 
   61       2.229685132779e-10 
   62       2.260049379344e-10 
   63       2.290714691961e-10 
   64       2.321681195735e-10 
   65       2.352945861118e-10 
   66       2.384519499783e-10 
   67       2.416412405855e-10 
   68       2.448628884359e-10 
   69       2.481166858071e-10 
   70       2.514017474381e-10 
   71       2.547164712147e-10 
   72       2.580592804660e-10 
   73       2.614311031746e-10 
   74       2.648332998193e-10 
   75       2.682669028253e-10 
   76       2.717325950947e-10 
   77       2.752306885374e-10 
   78       2.787611026015e-10 
   79       2.823233428040e-10 
   80       2.859168691494e-10 
   81       2.895423223016e-10 
   82       2.932004721602e-10 
   83       2.968918328577e-10 
   84       3.006166485094e-10 
   85       3.043748789650e-10 
   86       3.081661855587e-10 
   87       3.119899168606e-10 
   88       3.158450944269e-10 
   89       3.197307585704e-10 
   90       3.236470988910e-10 
   91       3.275944756607e-10 
   92       3.315730668596e-10 
   93       3.355828593205e-10 
   94       3.396236398729e-10 
   95       3.436949864874e-10 
   96       3.477962594202e-10 
   97       3.519265923573e-10 
   98       3.560848835591e-10 
   99       3.602700696199e-10 
  100       3.644820101347e-10 
  101       3.687207124701e-10 
  102       3.729860549657e-10 
  103       3.772777815042e-10 
  104       3.815954960817e-10 
  105       3.859386573773e-10 
  106       3.903065733232e-10 
  107       3.946983956748e-10 
  108       3.991131145805e-10 
  109       4.035495531518e-10 
  110       4.080065626705e-10 
  111       4.124836482542e-10 
  112       4.169804134731e-10 
  113       4.214963634518e-10 
  114       4.260309014110e-10 
  115       4.305833252096e-10 
  116       4.351528238867e-10 
  117       4.397384742028e-10 
  118       4.443392371822e-10 
  119       4.489539546548e-10 
  120       4.535813457976e-10 
  121       4.582200036771e-10 
  122       4.628683917905e-10 
  123       4.675250264993e-10 
  124       4.721890554255e-10 
  125       4.768597392945e-10 
  126       4.815362700211e-10 
  127       4.862177687128e-10 
  128       4.909032836753e-10 
  129       4.955917884161e-10 
  130       5.002821796495e-10 
  131       5.049732753005e-10 
  132       5.096638125094e-10 
  133       5.143524456366e-10 
  134       5.190377442661e-10 
  135       5.237181912109e-10 
  136       5.283921805167e-10 
  137       5.330581537688e-10 
  138       5.377150291547e-10 
  139       5.423618132233e-10 
  140       5.469974654595e-10 
  141       5.516208971659e-10 
  142       5.562309703454e-10 
  143       5.608264965835e-10 
  144       5.654062359301e-10 
  145       5.699688957823e-10 
  146       5.745131297661e-10 
  147       5.790375366191e-10 
  148       5.835406590724e-10 
  149       5.880209827329e-10 
  150       5.924769349657e-10 
  151       5.969068837761e-10 
  152       6.013091366922e-10 
  153       6.056820641488e-10 
  154       6.100244848961e-10 
  155       6.143353144459e-10 
  156       6.186134433085e-10 
  157       6.228577365093e-10 
  158       6.270670331049e-10 
  159       6.312401456998e-10 
  160       6.353758599622e-10 
  161       6.394729341409e-10 
  162       6.435300985810e-10 
  163       6.475460552408e-10 
  164       6.515194772077e-10 
  165       6.554490082146e-10 
  166       6.593332621564e-10 
  167       6.631708226063e-10 
  168       6.669602423317e-10 
  169       6.707000428111e-10 
  170       6.743887137500e-10 
  171       6.780248110155e-10 
  172       6.816072606147e-10 
  173       6.851350792534e-10 
  174       6.886072781183e-10 
  175       6.920228627944e-10 
  176       6.953808331831e-10 
  177       6.986801834201e-10 
  178       7.019199017932e-10 
  179       7.050989706601e-10 
  180       7.082163663665e-10 
  181       7.112710591635e-10 
  182       7.142620131259e-10 
  183       7.171881860699e-10 
  184       7.200485294711e-10 
  185       7.228419883818e-10 
  186       7.255675013497e-10 
  187       7.282240003352e-10 
  188       7.308104106292e-10 
  189       7.333256507714e-10 
  190       7.357686324679e-10 
  191       7.381383334319e-10 
  192       7.404340221789e-10 
  193       7.426550499741e-10 
  194       7.448007795803e-10 
  195       7.468705854152e-10 
  196       7.488638537074e-10 
  197       7.507799826532e-10 
  198       7.526183825728e-10 
  199       7.543784760670e-10 
  200       7.560596981733e-10 
  201       7.576614965230e-10 
  202       7.591833314973e-10 
  203       7.606246763835e-10 
  204       7.619850175323e-10 
  205       7.632638545134e-10 
  206       7.644607002726e-10 
  207       7.655750812878e-10 
  208       7.666065377260e-10 
  209       7.675546235995e-10 
  210       7.684189069221e-10 
  211       7.691989698662e-10 
  212       7.698944089188e-10 
  213       7.705048737201e-10 
  214       7.710301861715e-10 
  215       7.714702296770e-10 
  216       7.718249114410e-10 
  217       7.720941627263e-10 
  218       7.722779391128e-10 
  219       7.723762207557e-10 
  220       7.723890126437e-10 
  221       7.723163448573e-10 
  222       7.721582728273e-10 
  223       7.719148775932e-10 
  224       7.715862660609e-10 
  225       7.711725712619e-10 
  226       7.706739526109e-10 
  227       7.700905961644e-10 
  228       7.694227148792e-10 
  229       7.686705488703e-10 
  230       7.678343656696e-10 
  231       7.669144604839e-10 
  232       7.659111564534e-10 
  233       7.648248049100e-10 
  234       7.636557856357e-10 
  235       7.624045071207e-10 
  236       7.610714068219e-10 
  237       7.596569514209e-10 
  238       7.581616298285e-10 
  239       7.565859311913e-10 
  240       7.549303660534e-10 
  241       7.531954737325e-10 
  242       7.513818225630e-10 
  243       7.494900101393e-10 
  244       7.475206635581e-10 
  245       7.454744396622e-10 
  246       7.433520252830e-10 
  247       7.411541374837e-10 
  248       7.388815238023e-10 
  249       7.365349624946e-10 
  250       7.341152627771e-10 
  251       7.316232650704e-10 
  252       7.290598412415e-10 
  253       7.264258948477e-10 
  254       7.237223613788e-10 
  255       7.209502085006e-10 
  256       7.181104362979e-10 
  257       7.152040775171e-10 
  258       7.122321978098e-10 
  259       7.091958959754e-10 
  260       7.060963042041e-10 
  261       7.029345883201e-10 
  262       6.997119480248e-10 
  263       6.964296171393e-10 
  264       6.930888638476e-10 
  265       6.896909909399e-10 
  266       6.862372748726e-10 
  267       6.827287787832e-10 
  268       6.791665297945e-10 
  269       6.755515794222e-10 
  270       6.718850037144e-10 
  271       6.681679033913e-10 
  272       6.644014039848e-10 
  273       6.605866559783e-10 
  274       6.567248349460e-10 
  275       6.528171416929e-10 
  276       6.488648023942e-10 
  277       6.448690687351e-10 
  278       6.408312180501e-10 
  279       6.367525534633e-10 
  280       6.326344040272e-10 
  281       6.284781248630e-10 
  282       6.242850973000e-10 
  283       6.200567290150e-10 
  284       6.157944541725e-10 
  285       6.114997335638e-10 
  286       6.071740547469e-10 
  287       6.028189321859e-10 
  288       5.984359073911e-10 
  289       5.940265490582e-10 
  290       5.895924532081e-10 
  291       5.851352433265e-10 
  292       5.806565705036e-10 
  293       5.761581135736e-10 
  294       5.716415792547e-10 
  295       5.671087022881e-10 
  296       5.625612455782e-10 
  297       5.580008921555e-10 
  298       5.534289149581e-10 
  299       5.488464912375e-10 
  300       5.442548092780e-10 
  301       5.396550683904e-10 
  302       5.350484789040e-10 
  303       5.304362621607e-10 
  304       5.258196505069e-10 
  305       5.211998872872e-10 
  306       5.165782268371e-10 
  307       5.119559344759e-10 
  308       5.073342864997e-10 
  309       5.027145701745e-10 
  310       4.980980837292e-10 
  311       4.934861363481e-10 
  312       4.888800481646e-10 
  313       4.842811502535e-10 
  314       4.796907846243e-10 
  315       4.751103042143e-10 
  316       4.705410728810e-10 
  317       4.659844653958e-10 
  318       4.614418674364e-10 
  319       4.569146755800e-10 
  320       4.524042972964e-10 
  321       4.479121509406e-10 
  322       4.434396657461e-10 
  323       4.389882818176e-10 
  324       4.345594501242e-10 
  325       4.301546324924e-10 
  326       4.257753015987e-10 
  327       4.214229409628e-10 
  328       4.170990449409e-10 
  329       4.128051187179e-10 
  330       4.085426783011e-10 
  331       4.043132505128e-10 
  332       4.001182541662e-10 
  333       3.959586378815e-10 
  334       3.918352264505e-10 
  335       3.877488380936e-10 
  336       3.837002843228e-10 
  337       3.796903698062e-10 
  338       3.757198922319e-10 
  339       3.717896421723e-10 
  340       3.679004029473e-10 
  341       3.640529504892e-10 
  342       3.602480532062e-10 
  343       3.564864718465e-10 
  344       3.527689593622e-10 
  345       3.490962607736e-10 
  346       3.454691130329e-10 
  347       3.418882448883e-10 
  348       3.383543767481e-10 
  349       3.348682205444e-10 
  350       3.314304795976e-10 
  351       3.280418484799e-10 
  352       3.247030128796e-10 
  353       3.214146494648e-10 
  354       3.181774257478e-10 
  355       3.149919999490e-10 
  356       3.118590208606e-10 
  357       3.087791277108e-10 
  358       3.057529500279e-10 
  359       3.027811075042e-10 
  360       2.998642098599e-10 
  361       2.970028567074e-10 
  362       2.941976374148e-10 
  363       2.914491309705e-10 
  364       2.887579058467e-10 
  365       2.861245198637e-10 
  366       2.835495200538e-10 
  367       2.810334425251e-10 
  368       2.785768123260e-10 
  369       2.761801433086e-10 
  370       2.738439379933e-10 
  371       2.715686296921e-10 
  372       2.693544066623e-10 
  373       2.672013808103e-10 
  374       2.651096446262e-10 
  375       2.630792709966e-10 
  376       2.611103130196e-10 
  377       2.592028038175e-10 
  378       2.573567563512e-10 
  379       2.555721632340e-10 
  380       2.538489965450e-10 
  381       2.521872076434e-10 
  382       2.505867269818e-10 
  383       2.490474639203e-10 
  384       2.475693065405e-10 
  385       2.461521214586e-10 
  386       2.447957536399e-10 
  387       2.435000262122e-10 
  388       2.422647402798e-10 
  389       2.410896747372e-10 
  390       2.399745860827e-10 
  391       2.389192082327e-10 
  392       2.379232523350e-10 
  393       2.369864065828e-10 
  394       2.361083360285e-10 
  395       2.352886823975e-10 
  396       2.345270639020e-10 
  397       2.338230750547e-10 
  398       2.331762864827e-10 
  399       2.325862447412e-10 
  400       2.320524721273e-10 
  401       2.315744664941e-10 
  402       2.311517010640e-10 
  403       2.307836242428e-10 
  404       2.304696594335e-10 
  405       2.302092048499e-10 
  406       2.300016333306e-10 
  407       2.298462921527e-10 
  408       2.297425028456e-10 
  409       2.296895610049e-10 
  410       2.296867835445e-10 
  411       2.297336526780e-10 
  412       2.298296766712e-10 
  413       2.299743427120e-10 
  414       2.301671167586e-10 
  415       2.304074433866e-10 
  416       2.306947456367e-10 
  417       2.310284248622e-10 
  418       2.314078605767e-10 
  419       2.318324103018e-10 
  420       2.323014094144e-10 
  421       2.328141709941e-10 
  422       2.333699856716e-10 
  423       2.339681214753e-10 
  424       2.346078236795e-10 
  425       2.352883146519e-10 
  426       2.360087937009e-10 
  427       2.367684369233e-10 
  428       2.375663970522e-10 
  429       2.384018033040e-10 
  430       2.392737612265e-10 
  431       2.401813525462e-10 
  432       2.411236350159e-10 
  433       2.420996422623e-10 
  434       2.431083836337e-10 
  435       2.441488440473e-10 
  436       2.452199838370e-10 
  437       2.463207386012e-10 
  438       2.474500190496e-10 
  439       2.486067108516e-10 
  440       2.497896744837e-10 
  441       2.509977450764e-10 
  442       2.522297322629e-10 
  443       2.534844200257e-10 
  444       2.547605665446e-10 
  445       2.560569040445e-10 
  446       2.573721386425e-10 
  447       2.587049501956e-10 
  448       2.600539921487e-10 
  449       2.614180192820e-10 
  450       2.627962758184e-10 
  451       2.641881195795e-10 
  452       2.655928951442e-10 
  453       2.670099337721e-10 
  454       2.684385533274e-10 
  455       2.698780582022e-10 
  456       2.713277392402e-10 
  457       2.727868736598e-10 
  458       2.742547249784e-10 
  459       2.757305429352e-10 
  460       2.772135634151e-10 
  461       2.787030083722e-10 
  462       2.801980857534e-10 
  463       2.816979894218e-10 
  464       2.832018990803e-10 
  465       2.847089801951e-10 
  466       2.862183839194e-10 
  467       2.877292470166e-10 
  468       2.892406917842e-10 
  469       2.907518259773e-10 
  470       2.922617427319e-10 
  471       2.937695204884e-10 
  472       2.952742229157e-10 
  473       2.967748988341e-10 
  474       2.982705821391e-10 
  475       2.997602917250e-10 
  476       3.012430314082e-10 
  477       3.027177898512e-10 
  478       3.041835404857e-10 
  479       3.056392414361e-10 
  480       3.070838354435e-10 
  481       3.085162497888e-10 
  482       3.099353962164e-10 
  483       3.113401708579e-10 
  484       3.127294541554e-10 
  485       3.141021107848e-10 
  486       3.154569895802e-10 
  487       3.167929234566e-10 
  488       3.181088748592e-10 
  489       3.194043770349e-10 
  490       3.206791057621e-10 
  491       3.219327350110e-10 
  492       3.231649369401e-10 
  493       3.243753818934e-10 
  494       3.255637383967e-10 
  495       3.267296731543e-10 
  496       3.278728510463e-10 
  497       3.289929351244e-10 
  498       3.300895866096e-10 
  499       3.311624648880e-10 
  500       3.322112275083e-10 
  501       3.332355301780e-10 
  502       3.342350267603e-10 
  503       3.352093692708e-10 
  504       3.361582078744e-10 
  505       3.370811908816e-10 
  506       3.379779647456e-10 
  507       3.388481740590e-10 
  508       3.396914615501e-10 
  509       3.405074680803e-10 
  510       3.412958326401e-10 
  511       3.420561923463e-10 
  512       3.427881824387e-10 
  513       3.434914362765e-10 
  514       3.441655853354e-10 
  515       3.448102592040e-10 
  516       3.454250855807e-10 
  517       3.460096902704e-10 
  518       3.465636971812e-10 
  519       3.470867283209e-10 
  520       3.475784037944e-10 
  521       3.480383417994e-10 
  522       3.484661586242e-10 
  523       3.488614686434e-10 
  524       3.492238843154e-10 
  525       3.495530161788e-10 
  526       3.498484728490e-10 
  527       3.501099550082e-10 
  528       3.503375402346e-10 
  529       3.505314060320e-10 
  530       3.506917365862e-10 
  531       3.508187228016e-10 
  532       3.509125623388e-10 
  533       3.509734596518e-10 
  534       3.510016260250e-10 
  535       3.509972796110e-10 
  536       3.509606454673e-10 
  537       3.508919555937e-10 
  538       3.507914489699e-10 
  539       3.506593715923e-10 
  540       3.504959765114e-10 
  541       3.503015238692e-10 
  542       3.500762809364e-10 
  543       3.498205221494e-10 
  544       3.495345291479e-10 
  545       3.492185908120e-10 
  546       3.488730032993e-10 
  547       3.484980700827e-10 
  548       3.480941019868e-10 
  549       3.476614172259e-10 
  550       3.472003414409e-10 
  551       3.467112077367e-10 
  552       3.461943567193e-10 
  553       3.456501365332e-10 
  554       3.450789028986e-10 
  555       3.444810191485e-10 
  556       3.438568562663e-10 
  557       3.432067929227e-10 
  558       3.425312155132e-10 
  559       3.418305181954e-10 
  560       3.411051029257e-10 
  561       3.403553794973e-10 
  562       3.395817655772e-10 
  563       3.387846867431e-10 
  564       3.379645765211e-10 
  565       3.371218764227e-10 
  566       3.362570415567e-10 
  567       3.353705575468e-10 
  568       3.344629241227e-10 
  569       3.335346496244e-10 
  570       3.325862510413e-10 
  571       3.316182540514e-10 
  572       3.306311930614e-10 
  573       3.296256112450e-10 
  574       3.286020605831e-10 
  575       3.275611019025e-10 
  576       3.265033049158e-10 
  577       3.254292482603e-10 
  578       3.243395195376e-10 
  579       3.232347153528e-10 
  580       3.221154413539e-10 
  581       3.209823122710e-10 
  582       3.198359519559e-10 
  583       3.186769934213e-10 
  584       3.175060788800e-10 
  585       3.163238597846e-10 
  586       3.151309968664e-10 
  587       3.139281601751e-10 
  588       3.127160291177e-10 
  589       3.114952924986e-10 
  590       3.102666485581e-10 
  591       3.090308050122e-10 
  592       3.077884790919e-10 
  593       3.065403975823e-10 
  594       3.052872968625e-10 
  595       3.040299229440e-10 
  596       3.027690315112e-10 
  597       3.015053879597e-10 
  598       3.002397674362e-10 
  599       2.989729548777e-10 
  600       2.977057450510e-10 
  601       2.964389425916e-10 
  602       2.951733620436e-10 
  603       2.939098278986e-10 
  604       2.926491746353e-10 
  605       2.913921785594e-10 
  606       2.901393514419e-10 
  607       2.888911419896e-10 
  608       2.876480036116e-10 
  609       2.864103944362e-10 
  610       2.851787773281e-10 
  611       2.839536199052e-10 
  612       2.827353945557e-10 
  613       2.815245784553e-10 
  614       2.803216535838e-10 
  615       2.791271067427e-10 
  616       2.779414295717e-10 
  617       2.767651185658e-10 
  618       2.755986750926e-10 
  619       2.744426054091e-10 
  620       2.732974206788e-10 
  621       2.721636369885e-10 
  622       2.710417753656e-10 
  623       2.699323617951e-10 
  624       2.688359272363e-10 
  625       2.677530076402e-10 
  626       2.666841439663e-10 
  627       2.656298821997e-10 
  628       2.645907733681e-10 
  629       2.635673735587e-10 
  630       2.625602439354e-10 
  631       2.615699507557e-10 
  632       2.605970653877e-10 
  633       2.596421643274e-10 
  634       2.587058292153e-10 
  635       2.577886468534e-10 
  636       2.568912092229e-10 
  637       2.560141135003e-10 
  638       2.551579620751e-10 
  639       2.543233625665e-10 
  640       2.535109278403e-10 
  641       2.527212760265e-10 
  642       2.519550305355e-10 
  643       2.512128200757e-10 
  644       2.504951885994e-10 
  645       2.498023228682e-10 
  646       2.491343187561e-10 
  647       2.484912707531e-10 
  648       2.478732719562e-10 
  649       2.472804140607e-10 
  650       2.467127873506e-10 
  651       2.461704806905e-10 
  652       2.456535815156e-10 
  653       2.451621758234e-10 
  654       2.446963481645e-10 
  655       2.442561816333e-10 
  656       2.438417578596e-10 
  657       2.434531569989e-10 
  658       2.430904577241e-10 
  659       2.427537372158e-10 
  660       2.424430711539e-10 
  661       2.421585337081e-10 
  662       2.419001975293e-10 
  663       2.416681337404e-10 
  664       2.414624119273e-10 
  665       2.412831001298e-10 
  666       2.411302648328e-10 
  667       2.410039709573e-10 
  668       2.409042818512e-10 
  669       2.408312592803e-10 
  670       2.407849634195e-10 
  671       2.407654528437e-10 
  672       2.407727845188e-10 
  673       2.408070137926e-10 
  674       2.408681943859e-10 
  675       2.409563783835e-10 
  676       2.410716162250e-10 
  677       2.412139566962e-10 
  678       2.413834469197e-10 
  679       2.415801323462e-10 
  680       2.418040567450e-10 
  681       2.420552621959e-10 
  682       2.423337890790e-10 
  683       2.426396204615e-10 
  684       2.429725139685e-10 
  685       2.433321663054e-10 
  686       2.437182685144e-10 
  687       2.441305059517e-10 
  688       2.445685582637e-10 
  689       2.450320993643e-10 
  690       2.455207974113e-10 
  691       2.460343147828e-10 
  692       2.465723080547e-10 
  693       2.471344279767e-10 
  694       2.477203194492e-10 
  695       2.483296215003e-10 
  696       2.489619672622e-10 
  697       2.496169839480e-10 
  698       2.502942928284e-10 
  699       2.509935092085e-10 
  700       2.517142424044e-10 
  701       2.524560957199e-10 
  702       2.532186664234e-10 
  703       2.540015457244e-10 
  704       2.548043187504e-10 
  705       2.556265645232e-10 
  706       2.564678559364e-10 
  707       2.573277597312e-10 
  708       2.582058364738e-10 
  709       2.591016405318e-10 
  710       2.600147200508e-10 
  711       2.609446169317e-10 
  712       2.618908668065e-10 
  713       2.628529990158e-10 
  714       2.638305365852e-10 
  715       2.648229962019e-10 
  716       2.658298881917e-10 
  717       2.668507164956e-10 
  718       2.678849786462e-10 
  719       2.689321657449e-10 
  720       2.699917624383e-10 
  721       2.710632468951e-10 
  722       2.721460998939e-10 
  723       2.732398323354e-10 
  724       2.743439582398e-10 
  725       2.754579856650e-10 
  726       2.765814166850e-10 
  727       2.777137473690e-10 
  728       2.788544677604e-10 
  729       2.800030618550e-10 
  730       2.811590075803e-10 
  731       2.823217767741e-10 
  732       2.834908351636e-10 
  733       2.846656423436e-10 
  734       2.858456517560e-10 
  735       2.870303106681e-10 
  736       2.882190601517e-10 
  737       2.894113350618e-10 
  738       2.906065640154e-10 
  739       2.918041693703e-10 
  740       2.930035672039e-10 
  741       2.942041672920e-10 
  742       2.954053730878e-10 
  743       2.966065817004e-10 
  744       2.978071838738e-10 
  745       2.990065639656e-10 
  746       3.002040999261e-10 
  747       3.013991632765e-10 
  748       3.025911190884e-10 
  749       3.037793259621e-10 
  750       3.049631360057e-10 
  751       3.061418948138e-10 
  752       3.073149414461e-10 
  753       3.084816084068e-10 
  754       3.096412216227e-10 
  755       3.107931004225e-10 
  756       3.119365575152e-10 
  757       3.130708989695e-10 
  758       3.141954241921e-10 
  759       3.153094259064e-10 
  760       3.164121901320e-10 
  761       3.175030583760e-10 
  762       3.185816155592e-10 
  763       3.196475056512e-10 
  764       3.207003697741e-10 
  765       3.217398461951e-10 
  766       3.227655703179e-10 
  767       3.237771746742e-10 
  768       3.247742889155e-10 
  769       3.257565398050e-10 
  770       3.267235512089e-10 
  771       3.276749440884e-10 
  772       3.286103364913e-10 
  773       3.295293435434e-10 
  774       3.304315774406e-10 
  775       3.313166474404e-10 
  776       3.321841598535e-10 
  777       3.330337180355e-10 
  778       3.338649223790e-10 
  779       3.346773703044e-10 
  780       3.354706562525e-10 
  781       3.362443716757e-10 
  782       3.369981050295e-10 
  783       3.377314417649e-10 
  784       3.384439643192e-10 
  785       3.391352521084e-10 
  786       3.398048815186e-10 
  787       3.404524258973e-10 
  788       3.410774555460e-10 
  789       3.416795377108e-10 
  790       3.422582365751e-10 
  791       3.428131132504e-10 
  792       3.433437257686e-10 
  793       3.438496290735e-10 
  794       3.443303750122e-10 
  795       3.447855123273e-10 
  796       3.452145866481e-10 
  797       3.456171404826e-10 
  798       3.459927132090e-10 
  799       3.463408410675e-10 
  800       3.466611321672e-10 
  801       3.469534930244e-10 
  802       3.472179061398e-10 
  803       3.474543553634e-10 
  804       3.476628259001e-10 
  805       3.478433043157e-10 
  806       3.479957785422e-10 
  807       3.481202378840e-10 
  808       3.482166730234e-10 
  809       3.482850760261e-10 
  810       3.483254403475e-10 
  811       3.483377608378e-10 
  812       3.483220337483e-10 
  813       3.482782567365e-10 
  814       3.482064288724e-10 
  815       3.481065506441e-10 
  816       3.479786239633e-10 
  817       3.478226521712e-10 
  818       3.476386400441e-10 
  819       3.474265937995e-10 
  820       3.471865211012e-10 
  821       3.469184310656e-10 
  822       3.466223342672e-10 
  823       3.462982427444e-10 
  824       3.459461700049e-10 
  825       3.455661310321e-10 
  826       3.451581422900e-10 
  827       3.447222217298e-10 
  828       3.442583887948e-10 
  829       3.437666644268e-10 
  830       3.432470710714e-10 
  831       3.426996326838e-10 
  832       3.421243747349e-10 
  833       3.415213242164e-10 
  834       3.408905096470e-10 
  835       3.402319610782e-10 
  836       3.395457100994e-10 
  837       3.388317898443e-10 
  838       3.380902349965e-10 
  839       3.373211260075e-10 
  840       3.365247225841e-10 
  841       3.357013325347e-10 
  842       3.348512677806e-10 
  843       3.339748443687e-10 
  844       3.330723824853e-10 
  845       3.321442064692e-10 
  846       3.311906448249e-10 
  847       3.302120302357e-10 
  848       3.292086995773e-10 
  849       3.281809939308e-10 
  850       3.271292585962e-10 
  851       3.260538431052e-10 
  852       3.249551012351e-10 
  853       3.238333910214e-10 
  854       3.226890747716e-10 
  855       3.215225190781e-10 
  856       3.203340948318e-10 
  857       3.191241772347e-10 
  858       3.178931458141e-10 
  859       3.166413844351e-10 
  860       3.153692813141e-10 
  861       3.140772290321e-10 
  862       3.127656245480e-10 
  863       3.114348692118e-10 
  864       3.100853687776e-10 
  865       3.087175334175e-10 
  866       3.073317777341e-10 
  867       3.059285207743e-10 
  868       3.045081860423e-10 
  869       3.030712015130e-10 
  870       3.016179996451e-10 
  871       3.001490173945e-10 
  872       2.986646962276e-10 
  873       2.971654821342e-10 
  874       2.956518256412e-10 
  875       2.941241818257e-10 
  876       2.925830103281e-10 
  877       2.910287753656e-10 
  878       2.894619380098e-10 
  879       2.878829328524e-10 
  880       2.862921909777e-10 
  881       2.846901476756e-10 
  882       2.830772424526e-10 
  883       2.814539190449e-10 
  884       2.798206254297e-10 
  885       2.781778138378e-10 
  886       2.765259407651e-10 
  887       2.748654669853e-10 
  888       2.731968575614e-10 
  889       2.715205818579e-10 
  890       2.698371135532e-10 
  891       2.681469306512e-10 
  892       2.664505154935e-10 
  893       2.647483547715e-10 
  894       2.630409395386e-10 
  895       2.613287652219e-10 
  896       2.596123316345e-10 
  897       2.578921429876e-10 
  898       2.561687079023e-10 
  899       2.544425394220e-10 
  900       2.527141550241e-10 
  901       2.509840766323e-10 
  902       2.492528306286e-10 
  903       2.475209478653e-10 
  904       2.457889636771e-10 
  905       2.440574178931e-10 
  906       2.423268548488e-10 
  907       2.405978233986e-10 
  908       2.388708769271e-10 
  909       2.371465733617e-10 
  910       2.354254751847e-10 
  911       2.337081494449e-10 
  912       2.319951677701e-10 
  913       2.302871063788e-10 
  914       2.285845460926e-10 
  915       2.268880723479e-10 
  916       2.251982752085e-10 
  917       2.235156997821e-10 
  918       2.218406965835e-10 
  919       2.201735688131e-10 
  920       2.185146217406e-10 
  921       2.168641627101e-10 
  922       2.152225011449e-10 
  923       2.135899485527e-10 
  924       2.119668185304e-10 
  925       2.103534267691e-10 
  926       2.087500910593e-10 
  927       2.071571312958e-10 
  928       2.055748694824e-10 
  929       2.040036297371e-10 
  930       2.024437382974e-10 
  931       2.008955235246e-10 
  932       1.993593159093e-10 
  933       1.978354480764e-10 
  934       1.963242547897e-10 
  935       1.948260729573e-10 
  936       1.933412416361e-10 
  937       1.918701020374e-10 
  938       1.904129975315e-10 
  939       1.889702736526e-10 
  940       1.875422781041e-10 
  941       1.861293607633e-10 
  942       1.847318736865e-10 
  943       1.833501711141e-10 
  944       1.819846094755e-10 
  945       1.806355473938e-10 
  946       1.793033456913e-10 
  947       1.779883673942e-10 
  948       1.766909777376e-10 
  949       1.754115441702e-10 
  950       1.741504363601e-10 
  951       1.729080261988e-10 
  952       1.716846878071e-10 
  953       1.704807975391e-10 
  954       1.692967339882e-10 
  955       1.681328779914e-10 
  956       1.669895532269e-10 
  957       1.658668470030e-10 
  958       1.647647867411e-10 
  959       1.636833991330e-10 
  960       1.626227101375e-10 
  961       1.615827449779e-10 
  962       1.605635281392e-10 
  963       1.595650833651e-10 
  964       1.585874336552e-10 
  965       1.576306012625e-10 
  966       1.566946076903e-10 
  967       1.557794736894e-10 
  968       1.548852192555e-10 
  969       1.540118636261e-10 
  970       1.531594252781e-10 
  971       1.523279219244e-10 
  972       1.515173705116e-10 
  973       1.507277872173e-10 
  974       1.499591874466e-10 
  975       1.492115858299e-10 
  976       1.484849962199e-10 
  977       1.477794316888e-10 
  978       1.470949045256e-10 
  979       1.464314262329e-10 
  980       1.457890075247e-10 
  981       1.451676583231e-10 
  982       1.445673877557e-10 
  983       1.439882041527e-10 
  984       1.434301150442e-10 
  985       1.428931271574e-10 
  986       1.423772464136e-10 
  987       1.418824779257e-10 
  988       1.414088259950e-10 
  989       1.409562941088e-10 
  990       1.405248849373e-10 
  991       1.401146003310e-10 
  992       1.397254413177e-10 
  993       1.393574080998e-10 
  994       1.390105000514e-10 
  995       1.386846799140e-10 
  996       1.383797658126e-10 
  997       1.380955376484e-10 
  998       1.378317727505e-10 
  999       1.375882458676e-10 
 1000       1.373647291619e-10 
 1001       1.371609922014e-10 
 1002       1.369768019528e-10 
 1003       1.368119227746e-10 
 1004       1.366661164098e-10 
 1005       1.365391419785e-10 
 1006       1.364307559714e-10 
 1007       1.363407122419e-10 
 1008       1.362687619996e-10 
 1009       1.362146538028e-10 
 1010       1.361781335515e-10 
 1011       1.361589444800e-10 
 1012       1.361568271503e-10 
 1013       1.361715194444e-10 
 1014       1.362027565572e-10 
 1015       1.362502709900e-10 
 1016       1.363137925426e-10 
 1017       1.363930483063e-10 
 1018       1.364877626573e-10 
 1019       1.365976572489e-10 
 1020       1.367224510046e-10 
 1021       1.368618601111e-10 
 1022       1.370155980111e-10 
 1023       1.371833753958e-10 
 1024       1.373649001984e-10 
 1025       1.375598775864e-10 
 1026       1.377680099546e-10 
 1027       1.379889969183e-10 
 1028       1.382225353057e-10 
 1029       1.384683191509e-10 
 1030       1.387260396869e-10 
 1031       1.389953853382e-10 
 1032       1.392760417141e-10 
 1033       1.395676916010e-10 
 1034       1.398700183328e-10 
 1035       1.401827159681e-10 
 1036       1.405054792424e-10 
 1037       1.408380001973e-10 
 1038       1.411799681739e-10 
 1039       1.415310698058e-10 
 1040       1.418909890123e-10 
 1041       1.422594069920e-10 
 1042       1.426360022155e-10 
 1043       1.430204504191e-10 
 1044       1.434124245979e-10 
 1045       1.438115949989e-10 
 1046       1.442176291143e-10 
 1047       1.446301916749e-10 
 1048       1.450489446431e-10 
 1049       1.454735472062e-10 
 1050       1.459036557699e-10 
 1051       1.463389239511e-10 
 1052       1.467790025714e-10 
 1053       1.472235396503e-10 
 1054       1.476721803985e-10 
 1055       1.481245672108e-10 
 1056       1.485803396600e-10 
 1057       1.490391344894e-10 
 1058       1.495005856065e-10 
 1059       1.499643240760e-10 
 1060       1.504299781133e-10 
 1061       1.508971730775e-10 
 1062       1.513655314647e-10 
 1063       1.518346729012e-10 
 1064       1.523042141368e-10 
 1065       1.527737690382e-10 
 1066       1.532429485819e-10 
 1067       1.537113608474e-10 
 1068       1.541786110111e-10 
 1069       1.546443013386e-10 
 1070       1.551080311787e-10 
 1071       1.555693969562e-10 
 1072       1.560279921653e-10 
 1073       1.564834422706e-10 
 1074       1.569355099443e-10 
 1075       1.573839912485e-10 
 1076       1.578286808544e-10 
 1077       1.582693720387e-10 
 1078       1.587058566813e-10 
 1079       1.591379252614e-10 
 1080       1.595653668548e-10 
 1081       1.599879691306e-10 
 1082       1.604055183480e-10 
 1083       1.608177993535e-10 
 1084       1.612245955775e-10 
 1085       1.616256890309e-10 
 1086       1.620208603029e-10 
 1087       1.624098885567e-10 
 1088       1.627925515273e-10 
 1089       1.631686255178e-10 
 1090       1.635378853966e-10 
 1091       1.639001045941e-10 
 1092       1.642550550997e-10 
 1093       1.646025074584e-10 
 1094       1.649422307682e-10 
 1095       1.652739926763e-10 
 1096       1.655975593764e-10 
 1097       1.659126956057e-10 
 1098       1.662191646412e-10 
 1099       1.665167282972e-10 
 1100       1.668051469218e-10 
 1101       1.670841793938e-10 
 1102       1.673535831196e-10 
 1103       1.676131140304e-10 
 1104       1.678625265784e-10 
 1105       1.681015737342e-10 
 1106       1.683300069837e-10 
 1107       1.685475763245e-10 
 1108       1.687540302632e-10 
 1109       1.689491158121e-10 
 1110       1.691325784862e-10 
 1111       1.693041622999e-10 
 1112       1.694636521617e-10 
 1113       1.696110016751e-10 
 1114       1.697462070108e-10 
 1115       1.698692646625e-10 
 1116       1.699801714476e-10 
 1117       1.700789245084e-10 
 1118       1.701655213130e-10 
 1119       1.702399596561e-10 
 1120       1.703022376603e-10 
 1121       1.703523537769e-10 
 1122       1.703903067868e-10 
 1123       1.704160958019e-10 
 1124       1.704297202653e-10 
 1125       1.704311799533e-10 
 1126       1.704204749753e-10 
 1127       1.703976057758e-10 
 1128       1.703625731346e-10 
 1129       1.703153781681e-10 
 1130       1.702560223305e-10 
 1131       1.701845074142e-10 
 1132       1.701008355515e-10 
 1133       1.700050092149e-10 
 1134       1.698970312186e-10 
 1135       1.697769047192e-10 
 1136       1.696446332167e-10 
 1137       1.695002205557e-10 
 1138       1.693436709260e-10 
 1139       1.691749888640e-10 
 1140       1.689941792534e-10 
 1141       1.688012473263e-10 
 1142       1.685961986641e-10 
 1143       1.683790391986e-10 
 1144       1.681497752128e-10 
 1145       1.679084133422e-10 
 1146       1.676549605754e-10 
 1147       1.673894242552e-10 
 1148       1.671118120799e-10 
 1149       1.668221321038e-10 
 1150       1.665203927385e-10 
 1151       1.662066284608e-10 
 1152       1.658809772928e-10 
 1153       1.655436043074e-10 
 1154       1.651946760140e-10 
 1155       1.648343603619e-10 
 1156       1.644628267432e-10 
 1157       1.640802459966e-10 
 1158       1.636867904105e-10 
 1159       1.632826337261e-10 
 1160       1.628679511411e-10 
 1161       1.624429193127e-10 
 1162       1.620077163611e-10 
 1163       1.615625218725e-10 
 1164       1.611075169029e-10 
 1165       1.606428839811e-10 
 1166       1.601688071120e-10 
 1167       1.596854717798e-10 
 1168       1.591930649519e-10 
 1169       1.586917750812e-10 
 1170       1.581817921106e-10 
 1171       1.576633074751e-10 
 1172       1.571365141062e-10 
 1173       1.566016064344e-10 
 1174       1.560587803929e-10 
 1175       1.555082334210e-10 
 1176       1.549501644669e-10 
 1177       1.543847739916e-10 
 1178       1.538122639719e-10 
 1179       1.532328379037e-10 
 1180       1.526467008055e-10 
 1181       1.520540592214e-10 
 1182       1.514551212247e-10 
 1183       1.508500964211e-10 
 1184       1.502391959519e-10 
 1185       1.496226324976e-10 
 1186       1.490006202809e-10 
 1187       1.483733750701e-10 
 1188       1.477411141824e-10 
 1189       1.471040564875e-10 
 1190       1.464624202324e-10 
 1191       1.458164164822e-10 
 1192       1.451662556054e-10 
 1193       1.445121494481e-10 
 1194       1.438543113369e-10 
 1195       1.431929560817e-10 
 1196       1.425282999795e-10 
 1197       1.418605608171e-10 
 1198       1.411899578741e-10 
 1199       1.405167119263e-10 
 1200       1.398410452490e-10 
 1201       1.391631816194e-10 
 1202       1.384833463206e-10 
 1203       1.378017661441e-10 
 1204       1.371186693932e-10 
 1205       1.364342858860e-10 
 1206       1.357488469586e-10 
 1207       1.350625854684e-10 
 1208       1.343757357967e-10 
 1209       1.336885338524e-10 
 1210       1.330012170749e-10 
 1211       1.323140244369e-10 
 1212       1.316271964482e-10 
 1213       1.309409751582e-10 
 1214       1.302556041595e-10 
 1215       1.295713285905e-10 
 1216       1.288883951392e-10 
 1217       1.282070520455e-10 
 1218       1.275275491053e-10 
 1219       1.268501376726e-10 
 1220       1.261750706633e-10 
 1221       1.255026025584e-10 
 1222       1.248329894065e-10 
 1223       1.241664888275e-10 
 1224       1.235033600154e-10 
 1225       1.228438637416e-10 
 1226       1.221882623580e-10 
 1227       1.215368198001e-10 
 1228       1.208898015900e-10 
 1229       1.202474507880e-10 
 1230       1.196099155271e-10 
 1231       1.189773206229e-10 
 1232       1.183497915480e-10 
 1233       1.177274544333e-10 
 1234       1.171104360696e-10 
 1235       1.164988639082e-10 
 1236       1.158928660626e-10 
 1237       1.152925713096e-10 
 1238       1.146981090902e-10 
 1239       1.141096095113e-10 
 1240       1.135272033466e-10 
 1241       1.129510220380e-10 
 1242       1.123811976965e-10 
 1243       1.118178631038e-10 
 1244       1.112611517134e-10 
 1245       1.107111976515e-10 
 1246       1.101681357187e-10 
 1247       1.096321013909e-10 
 1248       1.091032308208e-10 
 1249       1.085816608385e-10 
 1250       1.080675289535e-10 
 1251       1.075609733554e-10 
 1252       1.070621329154e-10 
 1253       1.065711471871e-10 
 1254       1.060881564082e-10 
 1255       1.056133015016e-10 
 1256       1.051467240762e-10 
 1257       1.046885664287e-10 
 1258       1.042389715444e-10 
 1259       1.037980830988e-10 
 1260       1.033660454584e-10 
 1261       1.029430036819e-10 
 1262       1.025291035221e-10 
 1263       1.021244914261e-10 
 1264       1.017293145375e-10 
 1265       1.013437206968e-10 
 1266       1.009678584432e-10 
 1267       1.006018770154e-10 
 1268       1.002458975906e-10 
 1269       9.989992663442e-11 
 1270       9.956394155442e-11 
 1271       9.923791937074e-11 
 1272       9.892183671536e-11 
 1273       9.861566983114e-11 
 1274       9.831939457088e-11 
 1275       9.803298639640e-11 
 1276       9.775642037757e-11 
 1277       9.748967119145e-11 
 1278       9.723271312131e-11 
 1279       9.698552005571e-11 
 1280       9.674806548755e-11 
 1281       9.652032251321e-11 
 1282       9.630226383152e-11 
 1283       9.609386174291e-11 
 1284       9.589508814844e-11 
 1285       9.570591454889e-11 
 1286       9.552631204381e-11 
 1287       9.535625133060e-11 
 1288       9.519570270358e-11 
 1289       9.504463605306e-11 
 1290       9.490302086441e-11 
 1291       9.477082621713e-11 
 1292       9.464802078391e-11 
 1293       9.453457282972e-11 
 1294       9.443045021085e-11 
 1295       9.433562037402e-11 
 1296       9.425005035541e-11 
 1297       9.417370677975e-11 
 1298       9.410655585939e-11 
 1299       9.404856339336e-11 
 1300       9.399969476646e-11 
 1301       9.395991494830e-11 
 1302       9.392918849240e-11 
 1303       9.390747953522e-11 
 1304       9.389475179529e-11 
 1305       9.389096857222e-11 
 1306       9.389609274580e-11 
 1307       9.391007033325e-11 
 1308       9.393278096148e-11 
 1309       9.396408683898e-11 
 1310       9.400384914520e-11 
 1311       9.405192802854e-11 
 1312       9.410818260422e-11 
 1313       9.417247095223e-11 
 1314       9.424465011521e-11 
 1315       9.432457609639e-11 
 1316       9.441210385751e-11 
 1317       9.450708731672e-11 
 1318       9.460937934650e-11 
 1319       9.471883177157e-11 
 1320       9.483529536682e-11 
 1321       9.495861985522e-11 
 1322       9.508865390573e-11 
 1323       9.522524513122e-11 
 1324       9.536824008638e-11 
 1325       9.551748426565e-11 
 1326       9.567282210112e-11 
 1327       9.583409696045e-11 
 1328       9.600115114479e-11 
 1329       9.617382588669e-11 
 1330       9.635196134804e-11 
 1331       9.653539661792e-11 
 1332       9.672396971060e-11 
 1333       9.691751756340e-11 
 1334       9.711587603462e-11 
 1335       9.731887990147e-11 
 1336       9.752636285794e-11 
 1337       9.773815751278e-11 
 1338       9.795409538738e-11 
 1339       9.817400691367e-11 
 1340       9.839772143208e-11 
 1341       9.862506718940e-11 
 1342       9.885587133676e-11 
 1343       9.908995992748e-11 
 1344       9.932715791504e-11 
 1345       9.956728915097e-11 
 1346       9.981017974061e-11 
 1347       1.000556681546e-10 
 1348       1.003035952229e-10 
 1349       1.005538007856e-10 
 1350       1.008061236904e-10 
 1351       1.010604017912e-10 
 1352       1.013164719459e-10 
 1353       1.015741700150e-10 
 1354       1.018333308592e-10 
 1355       1.020937883380e-10 
 1356       1.023553753076e-10 
 1357       1.026179236188e-10 
 1358       1.028812641159e-10 
 1359       1.031452266339e-10 
 1360       1.034096399974e-10 
 1361       1.036743320183e-10 
 1362       1.039391294940e-10 
 1363       1.042038582056e-10 
 1364       1.044683429163e-10 
 1365       1.047324073690e-10 
 1366       1.049958742848e-10 
 1367       1.052585653611e-10 
 1368       1.055203012695e-10 
 1369       1.057809016545e-10 
 1370       1.060401851308e-10 
 1371       1.062979692824e-10 
 1372       1.065540706598e-10 
 1373       1.068083047789e-10 
 1374       1.070604861187e-10 
 1375       1.073104281194e-10 
 1376       1.075579431809e-10 
 1377       1.078028426608e-10 
 1378       1.080449368722e-10 
 1379       1.082840350823e-10 
 1380       1.085199455104e-10 
 1381       1.087524753257e-10 
 1382       1.089814306460e-10 
 1383       1.092066165355e-10 
 1384       1.094278370029e-10 
 1385       1.096449134519e-10 
 1386       1.098577402489e-10 
 1387       1.100662297384e-10 
 1388       1.102702938430e-10 
 1389       1.104698440628e-10 
 1390       1.106647914750e-10 
 1391       1.108550467327e-10 
 1392       1.110405200645e-10 
 1393       1.112211212738e-10 
 1394       1.113967597378e-10 
 1395       1.115673444072e-10 
 1396       1.117327838052e-10 
 1397       1.118929860270e-10 
 1398       1.120478587388e-10 
 1399       1.121973091774e-10 
 1400       1.123412441492e-10 
 1401       1.124795700300e-10 
 1402       1.126121927634e-10 
 1403       1.127390178612e-10 
 1404       1.128599504017e-10 
 1405       1.129748950296e-10 
 1406       1.130837559551e-10 
 1407       1.131864369532e-10 
 1408       1.132828413629e-10 
 1409       1.133728720867e-10 
 1410       1.134564315897e-10 
 1411       1.135334218989e-10 
 1412       1.136037446028e-10 
 1413       1.136673008502e-10 
 1414       1.137239913497e-10 
 1415       1.137737163694e-10 
 1416       1.138163757353e-10 
 1417       1.138518688316e-10 
 1418       1.138800945991e-10 
 1419       1.139009515352e-10 
 1420       1.139143376926e-10 
 1421       1.139201506793e-10 
 1422       1.139182876569e-10 
 1423       1.139086453410e-10 
 1424       1.138911411479e-10 
 1425       1.138657768764e-10 
 1426       1.138325756793e-10 
 1427       1.137915609742e-10 
 1428       1.137427564447e-10 
 1429       1.136861860408e-10 
 1430       1.136218739792e-10 
 1431       1.135498447440e-10 
 1432       1.134701230873e-10 
 1433       1.133827340298e-10 
 1434       1.132877028611e-10 
 1435       1.131850551404e-10 
 1436       1.130748166969e-10 
 1437       1.129570136308e-10 
 1438       1.128316723130e-10 
 1439       1.126988193867e-10 
 1440       1.125584817669e-10 
 1441       1.124106866418e-10 
 1442       1.122554614726e-10 
 1443       1.120928339947e-10 
 1444       1.119228322179e-10 
 1445       1.117454844269e-10 
 1446       1.115608191819e-10 
 1447       1.113688653194e-10 
 1448       1.111696519524e-10 
 1449       1.109632084709e-10 
 1450       1.107495645429e-10 
 1451       1.105287501143e-10 
 1452       1.103007954102e-10 
 1453       1.100657309347e-10 
 1454       1.098235874719e-10 
 1455       1.095743960862e-10 
 1456       1.093181881232e-10 
 1457       1.090549952098e-10 
 1458       1.087848492550e-10 
 1459       1.085077824503e-10 
 1460       1.082238272705e-10 
 1461       1.079330164738e-10 
 1462       1.076353831029e-10 
 1463       1.073309723970e-10 
 1464       1.070198776578e-10 
 1465       1.067022047436e-10 
 1466       1.063780601905e-10 
 1467       1.060475512141e-10 
 1468       1.057107857107e-10 
 1469       1.053678722580e-10 
 1470       1.050189201169e-10 
 1471       1.046640392324e-10 
 1472       1.043033402350e-10 
 1473       1.039369344415e-10 
 1474       1.035649338569e-10 
 1475       1.031874511750e-10 
 1476       1.028045997797e-10 
 1477       1.024164937466e-10 
 1478       1.020232478438e-10 
 1479       1.016249775331e-10 
 1480       1.012217989717e-10 
 1481       1.008138290128e-10 
 1482       1.004011852072e-10 
 1483       9.998398580438e-11 
 1484       9.956234975360e-11 
 1485       9.913639670535e-11 
 1486       9.870624701242e-11 
 1487       9.827202173108e-11 
 1488       9.783384262238e-11 
 1489       9.739183215327e-11 
 1490       9.694611349790e-11 
 1491       9.649681053875e-11 
 1492       9.604404786787e-11 
 1493       9.558795078811e-11 
 1494       9.512864531430e-11 
 1495       9.466625817446e-11 
 1496       9.420091681105e-11 
 1497       9.373274938212e-11 
 1498       9.326188476256e-11 
 1499       9.278845254529e-11 
 1500       9.231258304249e-11 
 1501       9.183440728677e-11 
 1502       9.135405473862e-11 
 1503       9.087164638162e-11 
 1504       9.038730156239e-11 
 1505       8.990114027934e-11 
 1506       8.941328318381e-11 
 1507       8.892385158111e-11 
 1508       8.843296743166e-11 
 1509       8.794075335202e-11 
 1510       8.744733261602e-11 
 1511       8.695282915583e-11 
 1512       8.645736756305e-11 
 1513       8.596107308979e-11 
 1514       8.546407164979e-11 
 1515       8.496648981945e-11 
 1516       8.446845483898e-11 
 1517       8.397009461343e-11 
 1518       8.347153771383e-11 
 1519       8.297291337824e-11 
 1520       8.247435151284e-11 
 1521       8.197598269305e-11 
 1522       8.147793816459e-11 
 1523       8.098034984455e-11 
 1524       8.048335032252e-11 
 1525       7.998707286166e-11 
 1526       7.949165139977e-11 
 1527       7.899722055041e-11 
 1528       7.850391560395e-11 
 1529       7.801187252868e-11 
 1530       7.752122797192e-11 
 1531       7.703211926105e-11 
 1532       7.654468440465e-11 
 1533       7.605906209355e-11 
 1534       7.557539170195e-11 
 1535       7.509381328847e-11 
 1536       7.461446759730e-11 
 1537       7.413749605920e-11 
 1538       7.366304079266e-11 
 1539       7.319124460496e-11 
 1540       7.272225099325e-11 
 1541       7.225619109396e-11 
 1542       7.179314439332e-11 
 1543       7.133317764603e-11 
 1544       7.087635789358e-11 
 1545       7.042275246463e-11 
 1546       6.997242897546e-11 
 1547       6.952545533042e-11 
 1548       6.908189972232e-11 
 1549       6.864183063289e-11 
 1550       6.820531683318e-11 
 1551       6.777242738400e-11 
 1552       6.734323163636e-11 
 1553       6.691779923190e-11 
 1554       6.649620010329e-11 
 1555       6.607850447468e-11 
 1556       6.566478286212e-11 
 1557       6.525510607399e-11 
 1558       6.484954521146e-11 
 1559       6.444817166885e-11 
 1560       6.405105713412e-11 
 1561       6.365827358927e-11 
 1562       6.326989331077e-11 
 1563       6.288598887000e-11 
 1564       6.250663313367e-11 
 1565       6.213189926424e-11 
 1566       6.176186072037e-11 
 1567       6.139659125732e-11 
 1568       6.103616492742e-11 
 1569       6.068065608044e-11 
 1570       6.033013936407e-11 
 1571       5.998468972432e-11 
 1572       5.964438240598e-11 
 1573       5.930929295300e-11 
 1574       5.897949720895e-11 
 1575       5.865507131744e-11 
 1576       5.833609172257e-11 
 1577       5.802263516932e-11 
 1578       5.771477870400e-11 
 1579       5.741259967467e-11 
 1580       5.711616074319e-11 
 1581       5.682546476863e-11 
 1582       5.654049950695e-11 
 1583       5.626125256126e-11 
 1584       5.598771138148e-11 
 1585       5.571986326406e-11 
 1586       5.545769535170e-11 
 1587       5.520119463305e-11 
 1588       5.495034794241e-11 
 1589       5.470514195946e-11 
 1590       5.446556320895e-11 
 1591       5.423159806041e-11 
 1592       5.400323272785e-11 
 1593       5.378045326951e-11 
 1594       5.356324558753e-11 
 1595       5.335159542763e-11 
 1596       5.314548837892e-11 
 1597       5.294490987348e-11 
 1598       5.274984518617e-11 
 1599       5.256027943429e-11 
 1600       5.237619757730e-11 
 1601       5.219758441652e-11 
 1602       5.202442459485e-11 
 1603       5.185670259647e-11 
 1604       5.169440274657e-11 
 1605       5.153750921101e-11 
 1606       5.138600599607e-11 
 1607       5.123987694816e-11 
 1608       5.109910575349e-11 
 1609       5.096367593783e-11 
 1610       5.083357086617e-11 
 1611       5.070877374246e-11 
 1612       5.058926760931e-11 
 1613       5.047503534769e-11 
 1614       5.036605967665e-11 
 1615       5.026232315301e-11 
 1616       5.016380817110e-11 
 1617       5.007049696243e-11 
 1618       4.998237159544e-11 
 1619       4.989940536736e-11 
 1620       4.982153689540e-11 
 1621       4.974869579089e-11 
 1622       4.968081124514e-11 
 1623       4.961781202875e-11 
 1624       4.955962649094e-11 
 1625       4.950618255888e-11 
 1626       4.945740773696e-11 
 1627       4.941322910612e-11 
 1628       4.937357332321e-11 
 1629       4.933836662022e-11 
 1630       4.930753480369e-11 
 1631       4.928100325394e-11 
 1632       4.925869692443e-11 
 1633       4.924054034106e-11 
 1634       4.922645760152e-11 
 1635       4.921637237454e-11 
 1636       4.921020789924e-11 
 1637       4.920788698446e-11 
 1638       4.920933200805e-11 
 1639       4.921446491619e-11 
 1640       4.922320722271e-11 
 1641       4.923548000840e-11 
 1642       4.925120392032e-11 
 1643       4.927029917112e-11 
 1644       4.929268553837e-11 
 1645       4.931828236383e-11 
 1646       4.934700855282e-11 
 1647       4.937878257351e-11 
 1648       4.941352245619e-11 
 1649       4.945114579268e-11 
 1650       4.949156973556e-11 
 1651       4.953471099752e-11 
 1652       4.958048585067e-11 
 1653       4.962881012587e-11 
 1654       4.967959921201e-11 
 1655       4.973276805534e-11 
 1656       4.978823115881e-11 
 1657       4.984590258135e-11 
 1658       4.990569717047e-11 
 1659       4.996753427337e-11 
 1660       5.003133405722e-11 
 1661       5.009701627820e-11 
 1662       5.016450028092e-11 
 1663       5.023370499772e-11 
 1664       5.030454894810e-11 
 1665       5.037695023807e-11 
 1666       5.045082655948e-11 
 1667       5.052609518944e-11 
 1668       5.060267298968e-11 
 1669       5.068047640588e-11 
 1670       5.075942146707e-11 
 1671       5.083942378502e-11 
 1672       5.092039855354e-11 
 1673       5.100226054791e-11 
 1674       5.108492412424e-11 
 1675       5.116830321880e-11 
 1676       5.125231134744e-11 
 1677       5.133686160490e-11 
 1678       5.142186666425e-11 
 1679       5.150723877618e-11 
 1680       5.159288976844e-11 
 1681       5.167873104515e-11 
 1682       5.176467358621e-11 
 1683       5.185062794665e-11 
 1684       5.193650425600e-11 
 1685       5.202221221764e-11 
 1686       5.210766110822e-11 
 1687       5.219275977696e-11 
 1688       5.227741664509e-11 
 1689       5.236153970516e-11 
 1690       5.244503652042e-11 
 1691       5.252781422422e-11 
 1692       5.260977951935e-11 
 1693       5.269083867741e-11 
 1694       5.277089753818e-11 
 1695       5.284986150901e-11 
 1696       5.292763556414e-11 
 1697       5.300413288326e-11 
 1698       5.307930084965e-11 
 1699       5.315309527489e-11 
 1700       5.322547177985e-11 
 1701       5.329638579435e-11 
 1702       5.336579255695e-11 
 1703       5.343364711462e-11 
 1704       5.349990432253e-11 
 1705       5.356451884372e-11 
 1706       5.362744514888e-11 
 1707       5.368863751602e-11 
 1708       5.374805003026e-11 
 1709       5.380563658352e-11 
 1710       5.386135087424e-11 
 1711       5.391514640714e-11 
 1712       5.396697649294e-11 
 1713       5.401679424806e-11 
 1714       5.406455259439e-11 
 1715       5.411020425898e-11 
 1716       5.415370177379e-11 
 1717       5.419499747542e-11 
 1718       5.423404350481e-11 
 1719       5.427079180703e-11 
 1720       5.430519413091e-11 
 1721       5.433720202888e-11 
 1722       5.436676685661e-11 
 1723       5.439383977278e-11 
 1724       5.441837173880e-11 
 1725       5.444031351854e-11 
 1726       5.445961567805e-11 
 1727       5.447622858530e-11 
 1728       5.449010240988e-11 
 1729       5.450118712279e-11 
 1730       5.450943249609e-11 
 1731       5.451478810268e-11 
 1732       5.451720331602e-11 
 1733       5.451662730984e-11 
 1734       5.451300905789e-11 
 1735       5.450629733364e-11 
 1736       5.449645073103e-11 
 1737       5.448346781940e-11 
 1738       5.446735724218e-11 
 1739       5.444812771907e-11 
 1740       5.442578804618e-11 
 1741       5.440034709618e-11 
 1742       5.437181381839e-11 
 1743       5.434019723892e-11 
 1744       5.430550646081e-11 
 1745       5.426775066414e-11 
 1746       5.422693910617e-11 
 1747       5.418308112146e-11 
 1748       5.413618612199e-11 
 1749       5.408626359731e-11 
 1750       5.403332311462e-11 
 1751       5.397737431897e-11 
 1752       5.391842693332e-11 
 1753       5.385649075868e-11 
 1754       5.379157567428e-11 
 1755       5.372369163764e-11 
 1756       5.365284868474e-11 
 1757       5.357905693011e-11 
 1758       5.350232656700e-11 
 1759       5.342266786745e-11 
 1760       5.334009118248e-11 
 1761       5.325460694218e-11 
 1762       5.316622565583e-11 
 1763       5.307495791204e-11 
 1764       5.298081437890e-11 
 1765       5.288380580407e-11 
 1766       5.278394301491e-11 
 1767       5.268123691863e-11 
 1768       5.257569850240e-11 
 1769       5.246733883349e-11 
 1770       5.235616905937e-11 
 1771       5.224220040787e-11 
 1772       5.212544418729e-11 
 1773       5.200591178652e-11 
 1774       5.188361467518e-11 
 1775       5.175857018574e-11 
 1776       5.163081891169e-11 
 1777       5.150040745305e-11 
 1778       5.136738264774e-11 
 1779       5.123179157192e-11 
 1780       5.109368154035e-11 
 1781       5.095310010673e-11 
 1782       5.081009506404e-11 
 1783       5.066471444489e-11 
 1784       5.051700652188e-11 
 1785       5.036701980793e-11 
 1786       5.021480305665e-11 
 1787       5.006040526265e-11 
 1788       4.990387566192e-11 
 1789       4.974526373216e-11 
 1790       4.958461919314e-11 
 1791       4.942199200703e-11 
 1792       4.925743237875e-11 
 1793       4.909099075635e-11 
 1794       4.892271783130e-11 
 1795       4.875266453889e-11 
 1796       4.858088205853e-11 
 1797       4.840742181414e-11 
 1798       4.823233547447e-11 
 1799       4.805567495345e-11 
 1800       4.787749241056e-11 
 1801       4.769784025113e-11 
 1802       4.751677112675e-11 
 1803       4.733433793554e-11 
 1804       4.715059382257e-11 
 1805       4.696559218017e-11 
 1806       4.677938664829e-11 
 1807       4.659203111482e-11 
 1808       4.640357971597e-11 
 1809       4.621408683660e-11 
 1810       4.602360711058e-11 
 1811       4.583219542111e-11 
 1812       4.563990690111e-11 
 1813       4.544679693352e-11 
 1814       4.525292032420e-11 
 1815       4.505832881256e-11 
 1816       4.486307354153e-11 
 1817       4.466720588354e-11 
 1818       4.447077744081e-11 
 1819       4.427384004572e-11 
 1820       4.407644576105e-11 
 1821       4.387864688036e-11 
 1822       4.368049592829e-11 
 1823       4.348204566087e-11 
 1824       4.328334906582e-11 
 1825       4.308445936292e-11 
 1826       4.288543000425e-11 
 1827       4.268631467460e-11 
 1828       4.248716729168e-11 
 1829       4.228804200654e-11 
 1830       4.208899320382e-11 
 1831       4.189007550209e-11 
 1832       4.169134375415e-11 
 1833       4.149285304738e-11 
 1834       4.129465870402e-11 
 1835       4.109681628152e-11 
 1836       4.089938157283e-11 
 1837       4.070241060672e-11 
 1838       4.050595964813e-11 
 1839       4.031008519843e-11 
 1840       4.011484399579e-11 
 1841       3.992029301546e-11 
 1842       3.972648947010e-11 
 1843       3.953349081012e-11 
 1844       3.934135472395e-11 
 1845       3.915013913840e-11 
 1846       3.895990221893e-11 
 1847       3.877070237003e-11 
 1848       3.858259823547e-11 
 1849       3.839564869868e-11 
 1850       3.820991288302e-11 
 1851       3.802545015209e-11 
 1852       3.784232011012e-11 
 1853       3.766057689604e-11 
 1854       3.748025201622e-11 
 1855       3.730137137681e-11 
 1856       3.712396097774e-11 
 1857       3.694804691278e-11 
 1858       3.677365536973e-11 
 1859       3.660081263046e-11 
 1860       3.642954507110e-11 
 1861       3.625987916209e-11 
 1862       3.609184146835e-11 
 1863       3.592545864938e-11 
 1864       3.576075745937e-11 
 1865       3.559776474731e-11 
 1866       3.543650745714e-11 
 1867       3.527701262783e-11 
 1868       3.511930739354e-11 
 1869       3.496341898370e-11 
 1870       3.480937472311e-11 
 1871       3.465720203215e-11 
 1872       3.450692842677e-11 
 1873       3.435858151872e-11 
 1874       3.421218901559e-11 
 1875       3.406777872098e-11 
 1876       3.392537853458e-11 
 1877       3.378501645231e-11 
 1878       3.364672056642e-11 
 1879       3.351051906563e-11 
 1880       3.337644023523e-11 
 1881       3.324451245719e-11 
 1882       3.311476421030e-11 
 1883       3.298722407029e-11 
 1884       3.286192070992e-11 
 1885       3.273888289910e-11 
 1886       3.261813950505e-11 
 1887       3.249971949236e-11 
 1888       3.238365192315e-11 
 1889       3.226996595716e-11 
 1890       3.215869085189e-11 
 1891       3.204985596271e-11 
 1892       3.194348418144e-11 
 1893       3.183957219648e-11 
 1894       3.173811008021e-11 
 1895       3.163908783660e-11 
 1896       3.154249540108e-11 
 1897       3.144832264042e-11 
 1898       3.135655935267e-11 
 1899       3.126719526701e-11 
 1900       3.118022004368e-11 
 1901       3.109562327388e-11 
 1902       3.101339447965e-11 
 1903       3.093352311377e-11 
 1904       3.085599855966e-11 
 1905       3.078081013129e-11 
 1906       3.070794707307e-11 
 1907       3.063739855972e-11 
 1908       3.056915369623e-11 
 1909       3.050320151768e-11 
 1910       3.043953098921e-11 
 1911       3.037813100586e-11 
 1912       3.031899039252e-11 
 1913       3.026209790378e-11 
 1914       3.020744222386e-11 
 1915       3.015501196648e-11 
 1916       3.010479567480e-11 
 1917       3.005678182126e-11 
 1918       3.001095880752e-11 
 1919       2.996731496437e-11 
 1920       2.992583855157e-11 
 1921       2.988651775781e-11 
 1922       2.984934070054e-11 
 1923       2.981429542596e-11 
 1924       2.978136990881e-11 
 1925       2.975055205237e-11 
 1926       2.972182968828e-11 
 1927       2.969519057648e-11 
 1928       2.967062240508e-11 
 1929       2.964811279030e-11 
 1930       2.962764927630e-11 
 1931       2.960921571037e-11 
 1932       2.959278133831e-11 
 1933       2.957831162619e-11 
 1934       2.956577187735e-11 
 1935       2.955512723223e-11 
 1936       2.954634266813e-11 
 1937       2.953938299902e-11 
 1938       2.953421287527e-11 
 1939       2.953079678346e-11 
 1940       2.952909904617e-11 
 1941       2.952908382177e-11 
 1942       2.953071510413e-11 
 1943       2.953395672251e-11 
 1944       2.953877234125e-11 
 1945       2.954512545959e-11 
 1946       2.955297941145e-11 
 1947       2.956229736521e-11 
 1948       2.957304232348e-11 
 1949       2.958517712291e-11 
 1950       2.959866443391e-11 
 1951       2.961346676052e-11 
 1952       2.962954644010e-11 
 1953       2.964686564318e-11 
 1954       2.966538637321e-11 
 1955       2.968507046633e-11 
 1956       2.970587959119e-11 
 1957       2.972777524868e-11 
 1958       2.975071877177e-11 
 1959       2.977467132523e-11 
 1960       2.979959390546e-11 
 1961       2.982544734025e-11 
 1962       2.985219228854e-11 
 1963       2.987978924026e-11 
 1964       2.990819851606e-11 
 1965       2.993738026708e-11 
 1966       2.996729447479e-11 
 1967       2.999790095073e-11 
 1968       3.002915933629e-11 
 1969       3.006102910251e-11 
 1970       3.009347035546e-11 
 1971       3.012644625946e-11 
 1972       3.015992063144e-11 
 1973       3.019385713674e-11 
 1974       3.022821928896e-11 
 1975       3.026297044972e-11 
 1976       3.029807382850e-11 
 1977       3.033349248242e-11 
 1978       3.036918931606e-11 
 1979       3.040512708127e-11 
 1980       3.044126837697e-11 
 1981       3.047757564895e-11 
 1982       3.051401118968e-11 
 1983       3.055053713812e-11 
 1984       3.058711547953e-11 
 1985       3.062370804527e-11 
 1986       3.066027651258e-11 
 1987       3.069678240444e-11 
 1988       3.073318708933e-11 
 1989       3.076945178107e-11 
 1990       3.080553753860e-11 
 1991       3.084140526578e-11 
 1992       3.087701571124e-11 
 1993       3.091232946813e-11 
 1994       3.094730697397e-11 
 1995       3.098190851042e-11 
 1996       3.101609420314e-11 
 1997       3.104982402151e-11 
 1998       3.108305777854e-11 
 1999       3.111575513057e-11 
 2000       3.114787557717e-11 
 2001       3.117937846089e-11 
 2002       3.121022296707e-11 
 2003       3.124036812366e-11 
 2004       3.126977280104e-11 
 2005       3.129839571178e-11 
 2006       3.132619541049e-11 
 2007       3.135313029362e-11 
 2008       3.137915859922e-11 
 2009       3.140424246600e-11 
 2010       3.142836014288e-11 
 2011       3.145149386799e-11 
 2012       3.147362581746e-11 
 2013       3.149473810537e-11 
 2014       3.151481278364e-11 
 2015       3.153383184201e-11 
 2016       3.155177720793e-11 
 2017       3.156863074647e-11 
 2018       3.158437426031e-11 
 2019       3.159898948960e-11 
 2020       3.161245811193e-11 
 2021       3.162476174223e-11 
 2022       3.163588193271e-11 
 2023       3.164580017279e-11 
 2024       3.165449788901e-11 
 2025       3.166195644497e-11 
 2026       3.166815714127e-11 
 2027       3.167308121539e-11 
 2028       3.167670984168e-11 
 2029       3.167902413123e-11 
 2030       3.168000513182e-11 
 2031       3.167963382787e-11 
 2032       3.167789114030e-11 
 2033       3.167475792654e-11 
 2034       3.167021498041e-11 
 2035       3.166424303202e-11 
 2036       3.165682274777e-11 
 2037       3.164793473022e-11 
 2038       3.163755951802e-11 
 2039       3.162567758587e-11 
 2040       3.161226934440e-11 
 2041       3.159731514015e-11 
 2042       3.158079525545e-11 
 2043       3.156268990838e-11 
 2044       3.154297925265e-11 
 2045       3.152164337760e-11 
 2046       3.149866230805e-11 
 2047       3.147401600428e-11 
 2048       3.144768892927e-11 
 2049       3.141968378627e-11 
 2050       3.139000787929e-11 
 2051       3.135866855470e-11 
 2052       3.132567320131e-11 
 2053       3.129102925042e-11 
 2054       3.125474417588e-11 
 2055       3.121682549415e-11 
 2056       3.117728076434e-11 
 2057       3.113611758829e-11 
 2058       3.109334361061e-11 
 2059       3.104896651876e-11 
 2060       3.100299404308e-11 
 2061       3.095543395685e-11 
 2062       3.090629407637e-11 
 2063       3.085558226100e-11 
 2064       3.080330641321e-11 
 2065       3.074947447867e-11 
 2066       3.069409444626e-11 
 2067       3.063717434817e-11 
 2068       3.057872225992e-11 
 2069       3.051874630045e-11 
 2070       3.045725463216e-11 
 2071       3.039425546097e-11 
 2072       3.032975703638e-11 
 2073       3.026376765152e-11 
 2074       3.019629564321e-11 
 2075       3.012734939202e-11 
 2076       3.005693732234e-11 
 2077       2.998506790241e-11 
 2078       2.991174964438e-11 
 2079       2.983699110440e-11 
 2080       2.976080088264e-11 
 2081       2.968318762336e-11 
 2082       2.960416001499e-11 
 2083       2.952372679015e-11 
 2084       2.944189672571e-11 
 2085       2.935867864289e-11 
 2086       2.927408140726e-11 
 2087       2.918811646781e-11 
 2088       2.910080549332e-11 
 2089       2.901217278962e-11 
 2090       2.892224276567e-11 
 2091       2.883103993363e-11 
 2092       2.873858890903e-11 
 2093       2.864491441088e-11 
 2094       2.855004126180e-11 
 2095       2.845399438811e-11 
 2096       2.835679882004e-11 
 2097       2.825847969179e-11 
 2098       2.815906224166e-11 
 2099       2.805857181221e-11 
 2100       2.795703385037e-11 
 2101       2.785447390756e-11 
 2102       2.775091763983e-11 
 2103       2.764639080797e-11 
 2104       2.754091927767e-11 
 2105       2.743452901959e-11 
 2106       2.732724610956e-11 
 2107       2.721909672865e-11 
 2108       2.711010716332e-11 
 2109       2.700030380554e-11 
 2110       2.688971315293e-11 
 2111       2.677836180887e-11 
 2112       2.666627648262e-11 
 2113       2.655348398951e-11 
 2114       2.644001125096e-11 
 2115       2.632588529470e-11 
 2116       2.621113325486e-11 
 2117       2.609578237210e-11 
 2118       2.597985999373e-11 
 2119       2.586339357385e-11 
 2120       2.574641067347e-11 
 2121       2.562893896063e-11 
 2122       2.551100621056e-11 
 2123       2.539264030575e-11 
 2124       2.527386923614e-11 
 2125       2.515472109920e-11 
 2126       2.503522362499e-11 
 2127       2.491540274747e-11 
 2128       2.479528402362e-11 
 2129       2.467489310772e-11 
 2130       2.455425575147e-11 
 2131       2.443339780412e-11 
 2132       2.431234521258e-11 
 2133       2.419112402151e-11 
 2134       2.406976037348e-11 
 2135       2.394828050903e-11 
 2136       2.382671076683e-11 
 2137       2.370507758377e-11 
 2138       2.358340749509e-11 
 2139       2.346172713447e-11 
 2140       2.334006323419e-11 
 2141       2.321844262518e-11 
 2142       2.309689223719e-11 
 2143       2.297543909888e-11 
 2144       2.285411033794e-11 
 2145       2.273293318120e-11 
 2146       2.261193495474e-11 
 2147       2.249114308402e-11 
 2148       2.237058509400e-11 
 2149       2.225028860921e-11 
 2150       2.213028135392e-11 
 2151       2.201059115223e-11 
 2152       2.189124592816e-11 
 2153       2.177227370580e-11 
 2154       2.165370260944e-11 
 2155       2.153556086362e-11 
 2156       2.141787679329e-11 
 2157       2.130067882394e-11 
 2158       2.118399548167e-11 
 2159       2.106785539332e-11 
 2160       2.095228728661e-11 
 2161       2.083731999022e-11 
 2162       2.072298243392e-11 
 2163       2.060930364869e-11 
 2164       2.049631276682e-11 
 2165       2.038403631973e-11 
 2166       2.027249011117e-11 
 2167       2.016168728929e-11 
 2168       2.005164104399e-11 
 2169       1.994236460701e-11 
 2170       1.983387125192e-11 
 2171       1.972617429422e-11 
 2172       1.961928709132e-11 
 2173       1.951322304267e-11 
 2174       1.940799558971e-11 
 2175       1.930361821600e-11 
 2176       1.920010444722e-11 
 2177       1.909746785120e-11 
 2178       1.899572203802e-11 
 2179       1.889488066002e-11 
 2180       1.879495741183e-11 
 2181       1.869596603046e-11 
 2182       1.859792029530e-11 
 2183       1.850083402820e-11 
 2184       1.840472109350e-11 
 2185       1.830959539806e-11 
 2186       1.821547089136e-11 
 2187       1.812236156546e-11 
 2188       1.803028145513e-11 
 2189       1.793924463783e-11 
 2190       1.784926523381e-11 
 2191       1.776035740610e-11 
 2192       1.767253536062e-11 
 2193       1.758581334615e-11 
 2194       1.750020565444e-11 
 2195       1.741572662022e-11 
 2196       1.733239062127e-11 
 2197       1.725021207842e-11 
 2198       1.716920545565e-11 
 2199       1.708938526012e-11 
 2200       1.701076604217e-11 
 2201       1.693336239543e-11 
 2202       1.685718895684e-11 
 2203       1.678226040668e-11 
 2204       1.670858837650e-11 
 2205       1.663617215030e-11 
 2206       1.656500790171e-11 
 2207       1.649509178042e-11 
 2208       1.642641991216e-11 
 2209       1.635898839871e-11 
 2210       1.629279331784e-11 
 2211       1.622783072326e-11 
 2212       1.616409664462e-11 
 2213       1.610158708747e-11 
 2214       1.604029803322e-11 
 2215       1.598022543914e-11 
 2216       1.592136523827e-11 
 2217       1.586371333945e-11 
 2218       1.580726562725e-11 
 2219       1.575201796196e-11 
 2220       1.569796617955e-11 
 2221       1.564510609164e-11 
 2222       1.559343348547e-11 
 2223       1.554294412385e-11 
 2224       1.549363374518e-11 
 2225       1.544549806336e-11 
 2226       1.539853276780e-11 
 2227       1.535273352336e-11 
 2228       1.530809597035e-11 
 2229       1.526461572446e-11 
 2230       1.522228837677e-11 
 2231       1.518110949369e-11 
 2232       1.514107461694e-11 
 2233       1.510217926353e-11 
 2234       1.506441892570e-11 
 2235       1.502778907092e-11 
 2236       1.499228514181e-11 
 2237       1.495790255620e-11 
 2238       1.492463670700e-11 
 2239       1.489248296223e-11 
 2240       1.486143666495e-11 
 2241       1.483149313328e-11 
 2242       1.480264766032e-11 
 2243       1.477489373764e-11 
 2244       1.474821771309e-11 
 2245       1.472260409806e-11 
 2246       1.469803734074e-11 
 2247       1.467450182605e-11 
 2248       1.465198187556e-11 
 2249       1.463046174740e-11 
 2250       1.460992563622e-11 
 2251       1.459035767312e-11 
 2252       1.457174192551e-11 
 2253       1.455406239712e-11 
 2254       1.453730302790e-11 
 2255       1.452144769390e-11 
 2256       1.450648020726e-11 
 2257       1.449238431611e-11 
 2258       1.447914370450e-11 
 2259       1.446674199230e-11 
 2260       1.445516273519e-11 
 2261       1.444438942451e-11 
 2262       1.443440548724e-11 
 2263       1.442519428592e-11 
 2264       1.441673911855e-11 
 2265       1.440902321854e-11 
 2266       1.440202975464e-11 
 2267       1.439574183085e-11 
 2268       1.439014248634e-11 
 2269       1.438521469542e-11 
 2270       1.438094136740e-11 
 2271       1.437730534659e-11 
 2272       1.437428941217e-11 
 2273       1.437187627814e-11 
 2274       1.437004859324e-11 
 2275       1.436878894089e-11 
 2276       1.436807983910e-11 
 2277       1.436790374039e-11 
 2278       1.436824303176e-11 
 2279       1.436908003457e-11 
 2280       1.437039700447e-11 
 2281       1.437217613136e-11 
 2282       1.437439975492e-11 
 2283       1.437705101297e-11 
 2284       1.438011319710e-11 
 2285       1.438356953742e-11 
 2286       1.438740320242e-11 
 2287       1.439159729893e-11 
 2288       1.439613487209e-11 
 2289       1.440099890520e-11 
 2290       1.440617231973e-11 
 2291       1.441163797519e-11 
 2292       1.441737866912e-11 
 2293       1.442337713698e-11 
 2294       1.442961605207e-11 
 2295       1.443607802551e-11 
 2296       1.444274560615e-11 
 2297       1.444960128049e-11 
 2298       1.445662747260e-11 
 2299       1.446380654410e-11 
 2300       1.447112079404e-11 
 2301       1.447855245888e-11 
 2302       1.448608371238e-11 
 2303       1.449369666553e-11 
 2304       1.450137336653e-11 
 2305       1.450909580067e-11 
 2306       1.451684589030e-11 
 2307       1.452460549472e-11 
 2308       1.453235641015e-11 
 2309       1.454008036964e-11 
 2310       1.454775904302e-11 
 2311       1.455537403682e-11 
 2312       1.456290689417e-11 
 2313       1.457033909481e-11 
 2314       1.457765205494e-11 
 2315       1.458482712720e-11 
 2316       1.459184560058e-11 
 2317       1.459868870037e-11 
 2318       1.460533758807e-11 
 2319       1.461177336135e-11 
 2320       1.461797705395e-11 
 2321       1.462393133489e-11 
 2322       1.462962561799e-11 
 2323       1.463505098445e-11 
 2324       1.464019848647e-11 
 2325       1.464505914723e-11 
 2326       1.464962396084e-11 
 2327       1.465388389235e-11 
 2328       1.465782987767e-11 
 2329       1.466145282358e-11 
 2330       1.466474360768e-11 
 2331       1.466769307834e-11 
 2332       1.467029205471e-11 
 2333       1.467253132668e-11 
 2334       1.467440165482e-11 
 2335       1.467589377037e-11 
 2336       1.467699837523e-11 
 2337       1.467770614189e-11 
 2338       1.467800771342e-11 
 2339       1.467789370343e-11 
 2340       1.467735469607e-11 
 2341       1.467638124595e-11 
 2342       1.467496387815e-11 
 2343       1.467309308817e-11 
 2344       1.467075934190e-11 
 2345       1.466795307561e-11 
 2346       1.466466469588e-11 
 2347       1.466088457962e-11 
 2348       1.465660307397e-11 
 2349       1.465181049636e-11 
 2350       1.464649713439e-11 
 2351       1.464065324587e-11 
 2352       1.463426905873e-11 
 2353       1.462733477106e-11 
 2354       1.461984055099e-11 
 2355       1.461177653675e-11 
 2356       1.460313283656e-11 
 2357       1.459389952867e-11 
 2358       1.458406666128e-11 
 2359       1.457362425252e-11 
 2360       1.456256431796e-11 
 2361       1.455088696695e-11 
 2362       1.453859434402e-11 
 2363       1.452568860481e-11 
 2364       1.451217191609e-11 
 2365       1.449804645579e-11 
 2366       1.448331441295e-11 
 2367       1.446797798781e-11 
 2368       1.445203939176e-11 
 2369       1.443550084741e-11 
 2370       1.441836458855e-11 
 2371       1.440063286020e-11 
 2372       1.438230791860e-11 
 2373       1.436339203124e-11 
 2374       1.434388747686e-11 
 2375       1.432379654548e-11 
 2376       1.430312153840e-11 
 2377       1.428186476819e-11 
 2378       1.426002855877e-11 
 2379       1.423761524535e-11 
 2380       1.421462717449e-11 
 2381       1.419106670409e-11 
 2382       1.416693620341e-11 
 2383       1.414223805310e-11 
 2384       1.411697464517e-11 
 2385       1.409114838305e-11 
 2386       1.406476168158e-11 
 2387       1.403781696703e-11 
 2388       1.401031667708e-11 
 2389       1.398226326091e-11 
 2390       1.395365917913e-11 
 2391       1.392450690383e-11 
 2392       1.389480891862e-11 
 2393       1.386456771858e-11 
 2394       1.383378581033e-11 
 2395       1.380246571201e-11 
 2396       1.377060995331e-11 
 2397       1.373822107548e-11 
 2398       1.370530163132e-11 
 2399       1.367185526991e-11 
 2400       1.363788999782e-11 
 2401       1.360341493779e-11 
 2402       1.356843924594e-11 
 2403       1.353297211177e-11 
 2404       1.349702275820e-11 
 2405       1.346060044163e-11 
 2406       1.342371445194e-11 
 2407       1.338637411258e-11 
 2408       1.334858878052e-11 
 2409       1.331036784638e-11 
 2410       1.327172073439e-11 
 2411       1.323265690249e-11 
 2412       1.319318584231e-11 
 2413       1.315331707923e-11 
 2414       1.311306017243e-11 
 2415       1.307242471488e-11 
 2416       1.303142033345e-11 
 2417       1.299005668887e-11 
 2418       1.294834347580e-11 
 2419       1.290629042288e-11 
 2420       1.286390729272e-11 
 2421       1.282120388200e-11 
 2422       1.277819002145e-11 
 2423       1.273487557590e-11 
 2424       1.269127044434e-11 
 2425       1.264738455992e-11 
 2426       1.260322789002e-11 
 2427       1.255881043625e-11 
 2428       1.251414223452e-11 
 2429       1.246923335505e-11 
 2430       1.242409390242e-11 
 2431       1.237873401561e-11 
 2432       1.233316386801e-11 
 2433       1.228739366748e-11 
 2434       1.224143365638e-11 
 2435       1.219529411161e-11 
 2436       1.214898534464e-11 
 2437       1.210251770152e-11 
 2438       1.205590176452e-11 
 2439       1.200914895807e-11 
 2440       1.196227094650e-11 
 2441       1.191527943286e-11 
 2442       1.186818615897e-11 
 2443       1.182100290543e-11 
 2444       1.177374149171e-11 
 2445       1.172641377614e-11 
 2446       1.167903165599e-11 
 2447       1.163160706747e-11 
 2448       1.158415198580e-11 
 2449       1.153667842524e-11 
 2450       1.148919843913e-11 
 2451       1.144172411994e-11 
 2452       1.139426759927e-11 
 2453       1.134684104796e-11 
 2454       1.129945667605e-11 
 2455       1.125212673288e-11 
 2456       1.120486350711e-11 
 2457       1.115767932675e-11 
 2458       1.111058655921e-11 
 2459       1.106359761134e-11 
 2460       1.101672492947e-11 
 2461       1.096998099943e-11 
 2462       1.092337834664e-11 
 2463       1.087692953609e-11 
 2464       1.083064717240e-11 
 2465       1.078454389990e-11 
 2466       1.073863240261e-11 
 2467       1.069292540431e-11 
 2468       1.064743566858e-11 
 2469       1.060217599883e-11 
 2470       1.055715923835e-11 
 2471       1.051239827034e-11 
 2472       1.046790601797e-11 
 2473       1.042369544437e-11 
 2474       1.037977955275e-11 
 2475       1.033617138636e-11 
 2476       1.029288402858e-11 
 2477       1.024992730580e-11 
 2478       1.020729787483e-11 
 2479       1.016498907698e-11 
 2480       1.012299422986e-11 
 2481       1.008130662733e-11 
 2482       1.003991953951e-11 
 2483       9.998826212717e-12 
 2484       9.958019869468e-12 
 2485       9.917493708445e-12 
 2486       9.877240904473e-12 
 2487       9.837254608490e-12 
 2488       9.797527947532e-12 
 2489       9.758054024697e-12 
 2490       9.718825919130e-12 
 2491       9.679836685991e-12 
 2492       9.641079356436e-12 
 2493       9.602546937587e-12 
 2494       9.564232412513e-12 
 2495       9.526128740201e-12 
 2496       9.488228855531e-12 
 2497       9.450525669255e-12 
 2498       9.413012067969e-12 
 2499       9.375680914092e-12 
 2500       9.338525045835e-12 
