# dimensionless total [l(l+1)/2pi] C_l's
# for l=2 to 2500, i.e. number of multipoles equal to 2499
#
# -> if you prefer output in CAMB/HealPix/LensPix units/order, set 'format' to 'camb' in input file
# -> if you don't want to see such a header, set 'headers' to 'no' in input file
#
# 1:l     2:TT                 
    2       7.708713286259e-10 
    3       7.241991424600e-10 
    4       6.734925055075e-10 
    5       6.267388059836e-10 
    6       5.852159663365e-10 
    7       5.485195912391e-10 
    8       5.159927558733e-10 
    9       4.870297755770e-10 
   10       4.610324999024e-10 
   11       4.374911037593e-10 
   12       4.161288064429e-10 
   13       3.966708996849e-10 
   14       3.788396769982e-10 
   15       3.624448218559e-10 
   16       3.473711572326e-10 
   17       3.334903757315e-10 
   18       3.206174384351e-10 
   19       3.087840459593e-10 
   20       2.977711046583e-10 
   21       2.875812275782e-10 
   22       2.781125529672e-10 
   23       2.693588470947e-10 
   24       2.612270271276e-10 
   25       2.537040904366e-10 
   26       2.467217847155e-10 
   27       2.402656055113e-10 
   28       2.342870142083e-10 
   29       2.288031050561e-10 
   30       2.237879163254e-10 
   31       2.191622670815e-10 
   32       2.149286589339e-10 
   33       2.110751091202e-10 
   34       2.075564018275e-10 
   35       2.043709593089e-10 
   36       2.015035728190e-10 
   37       1.989199247551e-10 
   38       1.966300226422e-10 
   39       1.946411745414e-10 
   40       1.929382794734e-10 
   41       1.914933998419e-10 
   42       1.903033531267e-10 
   43       1.893607680224e-10 
   44       1.886421318556e-10 
   45       1.881183842410e-10 
   46       1.877936047257e-10 
   47       1.876756318599e-10 
   48       1.877645204518e-10 
   49       1.880518999352e-10 
   50       1.885252113123e-10 
   51       1.891832623951e-10 
   52       1.900237857569e-10 
   53       1.910385269095e-10 
   54       1.922128322500e-10 
   55       1.935307795447e-10 
   56       1.949930058595e-10 
   57       1.966025867266e-10 
   58       1.983596897949e-10 
   59       2.002613787195e-10 
   60       2.023014170523e-10 
   61       2.044726130695e-10 
   62       2.067749129519e-10 
   63       2.092087844730e-10 
   64       2.117727231598e-10 
   65       2.144631368057e-10 
   66       2.172742299821e-10 
   67       2.201978885506e-10 
   68       2.232260050067e-10 
   69       2.263582598011e-10 
   70       2.295957164953e-10 
   71       2.329384683252e-10 
   72       2.363855851378e-10 
   73       2.399350603289e-10 
   74       2.435837577803e-10 
   75       2.473273587976e-10 
   76       2.511615090152e-10 
   77       2.550856178626e-10 
   78       2.590996587643e-10 
   79       2.632030026414e-10 
   80       2.673943894549e-10 
   81       2.716718997503e-10 
   82       2.760329262004e-10 
   83       2.804741451495e-10 
   84       2.849922638194e-10 
   85       2.895864665856e-10 
   86       2.942563239540e-10 
   87       2.990010377635e-10 
   88       3.038194257658e-10 
   89       3.087099062055e-10 
   90       3.136704824003e-10 
   91       3.186987273209e-10 
   92       3.237917681712e-10 
   93       3.289468507681e-10 
   94       3.341631632725e-10 
   95       3.394402595139e-10 
   96       3.447774962692e-10 
   97       3.501740258014e-10 
   98       3.556287883988e-10 
   99       3.611405049136e-10 
  100       3.667076693007e-10 
  101       3.723285411570e-10 
  102       3.780011382599e-10 
  103       3.837232291063e-10 
  104       3.894926624271e-10 
  105       3.953084224956e-10 
  106       4.011697031294e-10 
  107       4.070755797331e-10 
  108       4.130250055394e-10 
  109       4.190168078513e-10 
  110       4.250496842842e-10 
  111       4.311221990075e-10 
  112       4.372327789866e-10 
  113       4.433797102251e-10 
  114       4.495611340061e-10 
  115       4.557750431350e-10 
  116       4.620194996486e-10 
  117       4.682933260107e-10 
  118       4.745954912868e-10 
  119       4.809248954158e-10 
  120       4.872803674094e-10 
  121       4.936606635524e-10 
  122       5.000644656026e-10 
  123       5.064903789913e-10 
  124       5.129369310230e-10 
  125       5.194025690756e-10 
  126       5.258856588003e-10 
  127       5.323844823220e-10 
  128       5.388972364392e-10 
  129       5.454221613792e-10 
  130       5.519579468557e-10 
  131       5.585033673626e-10 
  132       5.650571547538e-10 
  133       5.716179973782e-10 
  134       5.781845392134e-10 
  135       5.847553790004e-10 
  136       5.913290693777e-10 
  137       5.979041160156e-10 
  138       6.044789767506e-10 
  139       6.110520607194e-10 
  140       6.176217274934e-10 
  141       6.241862862129e-10 
  142       6.307439947216e-10 
  143       6.372930587004e-10 
  144       6.438317283906e-10 
  145       6.503586013365e-10 
  146       6.568723479821e-10 
  147       6.633716164608e-10 
  148       6.698550322903e-10 
  149       6.763211980681e-10 
  150       6.827686931660e-10 
  151       6.891960734260e-10 
  152       6.956018708547e-10 
  153       7.019845933191e-10 
  154       7.083427242410e-10 
  155       7.146747222929e-10 
  156       7.209790210927e-10 
  157       7.272540288988e-10 
  158       7.334981283053e-10 
  159       7.397096759374e-10 
  160       7.458870021461e-10 
  161       7.520284764131e-10 
  162       7.581327107048e-10 
  163       7.641983736023e-10 
  164       7.702241262071e-10 
  165       7.762086221381e-10 
  166       7.821505075296e-10 
  167       7.880484210282e-10 
  168       7.939009937909e-10 
  169       7.997068494816e-10 
  170       8.054646042697e-10 
  171       8.111728668267e-10 
  172       8.168302383238e-10 
  173       8.224353124299e-10 
  174       8.279866753082e-10 
  175       8.334829056144e-10 
  176       8.389225744937e-10 
  177       8.443042455785e-10 
  178       8.496264749857e-10 
  179       8.548878113142e-10 
  180       8.600868447434e-10 
  181       8.652223586981e-10 
  182       8.702931902622e-10 
  183       8.752981823383e-10 
  184       8.802361838260e-10 
  185       8.851060498000e-10 
  186       8.899066416885e-10 
  187       8.946368274517e-10 
  188       8.992954817598e-10 
  189       9.038814861715e-10 
  190       9.083937293121e-10 
  191       9.128311070523e-10 
  192       9.171925226857e-10 
  193       9.214768871079e-10 
  194       9.256831189945e-10 
  195       9.298101449790e-10 
  196       9.338568998318e-10 
  197       9.378223266381e-10 
  198       9.417053769763e-10 
  199       9.455050110962e-10 
  200       9.492201980974e-10 
  201       9.528499482805e-10 
  202       9.563934124042e-10 
  203       9.598497898701e-10 
  204       9.632182974593e-10 
  205       9.664981696052e-10 
  206       9.696886586672e-10 
  207       9.727890352041e-10 
  208       9.757985882473e-10 
  209       9.787166255746e-10 
  210       9.815424739831e-10 
  211       9.842754795628e-10 
  212       9.869150079702e-10 
  213       9.894604447012e-10 
  214       9.919111953650e-10 
  215       9.942666859573e-10 
  216       9.965263631336e-10 
  217       9.986896944826e-10 
  218       1.000756168800e-09 
  219       1.002725296361e-09 
  220       1.004596609194e-09 
  221       1.006369661355e-09 
  222       1.008044029201e-09 
  223       1.009619311660e-09 
  224       1.011095140641e-09 
  225       1.012471212417e-09 
  226       1.013747258787e-09 
  227       1.014923037423e-09 
  228       1.015998332165e-09 
  229       1.016972953322e-09 
  230       1.017846737964e-09 
  231       1.018619550225e-09 
  232       1.019291281599e-09 
  233       1.019861851234e-09 
  234       1.020331206237e-09 
  235       1.020699321962e-09 
  236       1.020966202315e-09 
  237       1.021131880049e-09 
  238       1.021196417062e-09 
  239       1.021159904691e-09 
  240       1.021022464016e-09 
  241       1.020784246152e-09 
  242       1.020445432548e-09 
  243       1.020006235288e-09 
  244       1.019466897381e-09 
  245       1.018827693068e-09 
  246       1.018088928111e-09 
  247       1.017250940095e-09 
  248       1.016314098725e-09 
  249       1.015278806122e-09 
  250       1.014145475586e-09 
  251       1.012914465900e-09 
  252       1.011586143809e-09 
  253       1.010160905473e-09 
  254       1.008639176724e-09 
  255       1.007021413318e-09 
  256       1.005308101198e-09 
  257       1.003499756742e-09 
  258       1.001596927029e-09 
  259       9.996001900856e-10 
  260       9.975101551501e-10 
  261       9.953274629243e-10 
  262       9.930527858315e-10 
  263       9.906868282727e-10 
  264       9.882303268825e-10 
  265       9.856840507858e-10 
  266       9.830488018540e-10 
  267       9.803254149614e-10 
  268       9.775147582413e-10 
  269       9.746177333427e-10 
  270       9.716352756862e-10 
  271       9.685683547207e-10 
  272       9.654179741796e-10 
  273       9.621851723367e-10 
  274       9.588710222635e-10 
  275       9.554766320845e-10 
  276       9.520031452341e-10 
  277       9.484517407128e-10 
  278       9.448236333435e-10 
  279       9.411200096123e-10 
  280       9.373418309835e-10 
  281       9.334900208941e-10 
  282       9.295655284079e-10 
  283       9.255693283732e-10 
  284       9.215024215798e-10 
  285       9.173658349165e-10 
  286       9.131606215287e-10 
  287       9.088878609755e-10 
  288       9.045486593873e-10 
  289       9.001441496229e-10 
  290       8.956754914272e-10 
  291       8.911438715883e-10 
  292       8.865505040950e-10 
  293       8.818966302943e-10 
  294       8.771835190485e-10 
  295       8.724124668927e-10 
  296       8.675847981924e-10 
  297       8.627018653004e-10 
  298       8.577650487147e-10 
  299       8.527757572354e-10 
  300       8.477354281226e-10 
  301       8.426455272531e-10 
  302       8.375075492784e-10 
  303       8.323230177819e-10 
  304       8.270934854361e-10 
  305       8.218205341599e-10 
  306       8.165057752766e-10 
  307       8.111508496703e-10 
  308       8.057574279444e-10 
  309       8.003272105779e-10 
  310       7.948619280835e-10 
  311       7.893633411648e-10 
  312       7.838331342103e-10 
  313       7.782725899916e-10 
  314       7.726829001792e-10 
  315       7.670652706703e-10 
  316       7.614209216160e-10 
  317       7.557510874467e-10 
  318       7.500570168992e-10 
  319       7.443399730427e-10 
  320       7.386012333047e-10 
  321       7.328420894982e-10 
  322       7.270638478471e-10 
  323       7.212678290131e-10 
  324       7.154553681217e-10 
  325       7.096278147888e-10 
  326       7.037865331467e-10 
  327       6.979329018706e-10 
  328       6.920683142048e-10 
  329       6.861941779891e-10 
  330       6.803119156850e-10 
  331       6.744229644022e-10 
  332       6.685287759246e-10 
  333       6.626308167371e-10 
  334       6.567305680513e-10 
  335       6.508295258322e-10 
  336       6.449292008245e-10 
  337       6.390311185787e-10 
  338       6.331368194777e-10 
  339       6.272478587628e-10 
  340       6.213658065601e-10 
  341       6.154922479071e-10 
  342       6.096287827786e-10 
  343       6.037770261132e-10 
  344       5.979386078396e-10 
  345       5.921151729029e-10 
  346       5.863083812909e-10 
  347       5.805199080604e-10 
  348       5.747514433635e-10 
  349       5.690045719133e-10 
  350       5.632804058013e-10 
  351       5.575799364795e-10 
  352       5.519041538534e-10 
  353       5.462540461894e-10 
  354       5.406306000235e-10 
  355       5.350348000681e-10 
  356       5.294676291208e-10 
  357       5.239300679717e-10 
  358       5.184230953114e-10 
  359       5.129476876392e-10 
  360       5.075048191704e-10 
  361       5.020954617446e-10 
  362       4.967205847334e-10 
  363       4.913811549483e-10 
  364       4.860781365486e-10 
  365       4.808124909493e-10 
  366       4.755851767288e-10 
  367       4.703971495369e-10 
  368       4.652493620027e-10 
  369       4.601427636425e-10 
  370       4.550783007673e-10 
  371       4.500569163914e-10 
  372       4.450795501394e-10 
  373       4.401471381548e-10 
  374       4.352606130075e-10 
  375       4.304209036016e-10 
  376       4.256289350837e-10 
  377       4.208856287501e-10 
  378       4.161919019554e-10 
  379       4.115486680198e-10 
  380       4.069568361374e-10 
  381       4.024173112836e-10 
  382       3.979309941234e-10 
  383       3.934987809192e-10 
  384       3.891215634383e-10 
  385       3.848002288612e-10 
  386       3.805356596893e-10 
  387       3.763287336528e-10 
  388       3.721802492346e-10 
  389       3.680906993591e-10 
  390       3.640604890574e-10 
  391       3.600900089358e-10 
  392       3.561796350247e-10 
  393       3.523297286273e-10 
  394       3.485406361684e-10 
  395       3.448126890429e-10 
  396       3.411462034647e-10 
  397       3.375414803156e-10 
  398       3.339988049936e-10 
  399       3.305184472621e-10 
  400       3.271006610982e-10 
  401       3.237456845418e-10 
  402       3.204537395441e-10 
  403       3.172250318164e-10 
  404       3.140597506787e-10 
  405       3.109580689087e-10 
  406       3.079201425905e-10 
  407       3.049461109629e-10 
  408       3.020360962686e-10 
  409       2.991902036030e-10 
  410       2.964085207623e-10 
  411       2.936911180929e-10 
  412       2.910380483397e-10 
  413       2.884493464953e-10 
  414       2.859250296481e-10 
  415       2.834650968314e-10 
  416       2.810695288724e-10 
  417       2.787382882401e-10 
  418       2.764713188950e-10 
  419       2.742685461372e-10 
  420       2.721298764553e-10 
  421       2.700551973752e-10 
  422       2.680443773086e-10 
  423       2.660972654021e-10 
  424       2.642136913857e-10 
  425       2.623934654214e-10 
  426       2.606363779523e-10 
  427       2.589422064910e-10 
  428       2.573107365481e-10 
  429       2.557417411185e-10 
  430       2.542349736596e-10 
  431       2.527901679441e-10 
  432       2.514070379138e-10 
  433       2.500852775326e-10 
  434       2.488245606401e-10 
  435       2.476245408042e-10 
  436       2.464848511752e-10 
  437       2.454051043387e-10 
  438       2.443848921689e-10 
  439       2.434237856817e-10 
  440       2.425213348885e-10 
  441       2.416770686491e-10 
  442       2.408904945249e-10 
  443       2.401610986324e-10 
  444       2.394883454968e-10 
  445       2.388716779043e-10 
  446       2.383105167566e-10 
  447       2.378042609233e-10 
  448       2.373522870955e-10 
  449       2.369539496392e-10 
  450       2.366085804484e-10 
  451       2.363154887984e-10 
  452       2.360739611993e-10 
  453       2.358832612488e-10 
  454       2.357426294863e-10 
  455       2.356512832452e-10 
  456       2.356084165070e-10 
  457       2.356131997542e-10 
  458       2.356647798237e-10 
  459       2.357622797599e-10 
  460       2.359047986683e-10 
  461       2.360914115685e-10 
  462       2.363211692477e-10 
  463       2.365930981140e-10 
  464       2.369062000492e-10 
  465       2.372594522629e-10 
  466       2.376518924733e-10 
  467       2.380828776750e-10 
  468       2.385518331558e-10 
  469       2.390581677993e-10 
  470       2.396012739847e-10 
  471       2.401805274877e-10 
  472       2.407952873804e-10 
  473       2.414448959318e-10 
  474       2.421286785084e-10 
  475       2.428459434740e-10 
  476       2.435959820904e-10 
  477       2.443780684177e-10 
  478       2.451914592147e-10 
  479       2.460353938389e-10 
  480       2.469090941473e-10 
  481       2.478117643965e-10 
  482       2.487425911429e-10 
  483       2.497007431433e-10 
  484       2.506853712551e-10 
  485       2.516956083368e-10 
  486       2.527305691479e-10 
  487       2.537893502500e-10 
  488       2.548710299063e-10 
  489       2.559746679824e-10 
  490       2.570993058467e-10 
  491       2.582439662705e-10 
  492       2.594076533285e-10 
  493       2.605893522990e-10 
  494       2.617880295643e-10 
  495       2.630026325112e-10 
  496       2.642320894311e-10 
  497       2.654753094203e-10 
  498       2.667311822808e-10 
  499       2.679985784199e-10 
  500       2.692763487512e-10 
  501       2.705633245947e-10 
  502       2.718583175771e-10 
  503       2.731601195319e-10 
  504       2.744675024004e-10 
  505       2.757793456299e-10 
  506       2.770950226089e-10 
  507       2.784140251690e-10 
  508       2.797358370524e-10 
  509       2.810599338733e-10 
  510       2.823857830773e-10 
  511       2.837128439019e-10 
  512       2.850405673367e-10 
  513       2.863683960836e-10 
  514       2.876957645172e-10 
  515       2.890220986445e-10 
  516       2.903468160657e-10 
  517       2.916693259340e-10 
  518       2.929890289162e-10 
  519       2.943053171524e-10 
  520       2.956175742167e-10 
  521       2.969251750771e-10 
  522       2.982274860559e-10 
  523       2.995238647898e-10 
  524       3.008136601901e-10 
  525       3.020962124031e-10 
  526       3.033708527700e-10 
  527       3.046369037875e-10 
  528       3.058936790675e-10 
  529       3.071404832980e-10 
  530       3.083766122026e-10 
  531       3.096013525012e-10 
  532       3.108139818700e-10 
  533       3.120137689019e-10 
  534       3.131999730663e-10 
  535       3.143718446699e-10 
  536       3.155286248164e-10 
  537       3.166695453670e-10 
  538       3.177938289006e-10 
  539       3.189006886738e-10 
  540       3.199893285813e-10 
  541       3.210589431162e-10 
  542       3.221087173300e-10 
  543       3.231378267927e-10 
  544       3.241455528569e-10 
  545       3.251316319178e-10 
  546       3.260959154204e-10 
  547       3.270382554085e-10 
  548       3.279585045313e-10 
  549       3.288565160504e-10 
  550       3.297321438470e-10 
  551       3.305852424283e-10 
  552       3.314156669347e-10 
  553       3.322232731466e-10 
  554       3.330079174913e-10 
  555       3.337694570498e-10 
  556       3.345077495636e-10 
  557       3.352226534421e-10 
  558       3.359140277687e-10 
  559       3.365817323083e-10 
  560       3.372256275138e-10 
  561       3.378455745335e-10 
  562       3.384414352171e-10 
  563       3.390130721236e-10 
  564       3.395603485274e-10 
  565       3.400831284256e-10 
  566       3.405812765447e-10 
  567       3.410546583476e-10 
  568       3.415031400403e-10 
  569       3.419265885789e-10 
  570       3.423248716768e-10 
  571       3.426978578108e-10 
  572       3.430454162287e-10 
  573       3.433674169561e-10 
  574       3.436637308027e-10 
  575       3.439342293698e-10 
  576       3.441787850572e-10 
  577       3.443972710694e-10 
  578       3.445895614233e-10 
  579       3.447555309546e-10 
  580       3.448950553248e-10 
  581       3.450080110281e-10 
  582       3.450942753982e-10 
  583       3.451537863299e-10 
  584       3.451867230681e-10 
  585       3.451933299488e-10 
  586       3.451738571211e-10 
  587       3.451285605748e-10 
  588       3.450577021688e-10 
  589       3.449615496587e-10 
  590       3.448403767248e-10 
  591       3.446944630002e-10 
  592       3.445240940985e-10 
  593       3.443295616419e-10 
  594       3.441111632888e-10 
  595       3.438692027624e-10 
  596       3.436039898778e-10 
  597       3.433158405706e-10 
  598       3.430050769244e-10 
  599       3.426720271990e-10 
  600       3.423170258583e-10 
  601       3.419404135978e-10 
  602       3.415425373733e-10 
  603       3.411237504282e-10 
  604       3.406844123215e-10 
  605       3.402248889562e-10 
  606       3.397455526067e-10 
  607       3.392467819467e-10 
  608       3.387289620779e-10 
  609       3.381924845568e-10 
  610       3.376377474235e-10 
  611       3.370651552294e-10 
  612       3.364751190649e-10 
  613       3.358680565874e-10 
  614       3.352443920497e-10 
  615       3.346045563272e-10 
  616       3.339489869463e-10 
  617       3.332781281121e-10 
  618       3.325924307366e-10 
  619       3.318923524664e-10 
  620       3.311783577107e-10 
  621       3.304509176691e-10 
  622       3.297105005331e-10 
  623       3.289575417810e-10 
  624       3.281924732420e-10 
  625       3.274157328853e-10 
  626       3.266277648444e-10 
  627       3.258290194422e-10 
  628       3.250199532159e-10 
  629       3.242010289420e-10 
  630       3.233727156611e-10 
  631       3.225354887024e-10 
  632       3.216898297094e-10 
  633       3.208362266641e-10 
  634       3.199751739120e-10 
  635       3.191071721873e-10 
  636       3.182327286376e-10 
  637       3.173523568485e-10 
  638       3.164665768690e-10 
  639       3.155759152360e-10 
  640       3.146809049995e-10 
  641       3.137820857472e-10 
  642       3.128800036293e-10 
  643       3.119752113839e-10 
  644       3.110682683614e-10 
  645       3.101597405496e-10 
  646       3.092502005985e-10 
  647       3.083402278452e-10 
  648       3.074304083389e-10 
  649       3.065213348656e-10 
  650       3.056136069730e-10 
  651       3.047078309957e-10 
  652       3.038046200797e-10 
  653       3.029045942075e-10 
  654       3.020083802227e-10 
  655       3.011166118554e-10 
  656       3.002299297466e-10 
  657       2.993489814734e-10 
  658       2.984744215736e-10 
  659       2.976069115710e-10 
  660       2.967471199996e-10 
  661       2.958956626400e-10 
  662       2.950529217278e-10 
  663       2.942192228072e-10 
  664       2.933948941679e-10 
  665       2.925802668536e-10 
  666       2.917756746703e-10 
  667       2.909814541951e-10 
  668       2.901979447845e-10 
  669       2.894254885829e-10 
  670       2.886644305310e-10 
  671       2.879151183746e-10 
  672       2.871779026727e-10 
  673       2.864531368063e-10 
  674       2.857411769867e-10 
  675       2.850423822640e-10 
  676       2.843571145359e-10 
  677       2.836857385555e-10 
  678       2.830286219406e-10 
  679       2.823861351816e-10 
  680       2.817586516504e-10 
  681       2.811465476084e-10 
  682       2.805502022154e-10 
  683       2.799699975381e-10 
  684       2.794063185583e-10 
  685       2.788595531817e-10 
  686       2.783300922459e-10 
  687       2.778183295296e-10 
  688       2.773246617605e-10 
  689       2.768494886240e-10 
  690       2.763932127719e-10 
  691       2.759562398303e-10 
  692       2.755389784089e-10 
  693       2.751418401087e-10 
  694       2.747652395310e-10 
  695       2.744095942858e-10 
  696       2.740753250000e-10 
  697       2.737628553264e-10 
  698       2.734726119517e-10 
  699       2.732050246052e-10 
  700       2.729604568194e-10 
  701       2.727389966118e-10 
  702       2.725406614596e-10 
  703       2.723654671446e-10 
  704       2.722134277443e-10 
  705       2.720845556239e-10 
  706       2.719788614276e-10 
  707       2.718963540702e-10 
  708       2.718370407289e-10 
  709       2.718009268342e-10 
  710       2.717880160623e-10 
  711       2.717983103261e-10 
  712       2.718318097668e-10 
  713       2.718885127458e-10 
  714       2.719684158357e-10 
  715       2.720715138124e-10 
  716       2.721977996463e-10 
  717       2.723472644941e-10 
  718       2.725198976900e-10 
  719       2.727156867377e-10 
  720       2.729346173016e-10 
  721       2.731766731987e-10 
  722       2.734418363896e-10 
  723       2.737300869706e-10 
  724       2.740414031652e-10 
  725       2.743757613153e-10 
  726       2.747331358729e-10 
  727       2.751134993920e-10 
  728       2.755168225196e-10 
  729       2.759430739876e-10 
  730       2.763922206045e-10 
  731       2.768642272464e-10 
  732       2.773590568490e-10 
  733       2.778766703993e-10 
  734       2.784170269266e-10 
  735       2.789800834943e-10 
  736       2.795657951919e-10 
  737       2.801741151258e-10 
  738       2.808049944113e-10 
  739       2.814583425662e-10 
  740       2.821339078506e-10 
  741       2.828313945486e-10 
  742       2.835505023352e-10 
  743       2.842909262590e-10 
  744       2.850523567253e-10 
  745       2.858344794789e-10 
  746       2.866369755870e-10 
  747       2.874595214217e-10 
  748       2.883017886436e-10 
  749       2.891634441838e-10 
  750       2.900441502276e-10 
  751       2.909435641967e-10 
  752       2.918613387323e-10 
  753       2.927971216783e-10 
  754       2.937505560636e-10 
  755       2.947212800852e-10 
  756       2.957089270912e-10 
  757       2.967131255637e-10 
  758       2.977334991011e-10 
  759       2.987696664019e-10 
  760       2.998212412467e-10 
  761       3.008878324816e-10 
  762       3.019690440006e-10 
  763       3.030644747292e-10 
  764       3.041737186065e-10 
  765       3.052963645684e-10 
  766       3.064319965305e-10 
  767       3.075801933710e-10 
  768       3.087405289133e-10 
  769       3.099125719093e-10 
  770       3.110958860216e-10 
  771       3.122900298072e-10 
  772       3.134945566996e-10 
  773       3.147090149924e-10 
  774       3.159329478213e-10 
  775       3.171658931477e-10 
  776       3.184073837413e-10 
  777       3.196569471630e-10 
  778       3.209141149460e-10 
  779       3.221784503634e-10 
  780       3.234495211472e-10 
  781       3.247268903225e-10 
  782       3.260101161916e-10 
  783       3.272987523187e-10 
  784       3.285923475150e-10 
  785       3.298904458230e-10 
  786       3.311925865014e-10 
  787       3.324983040096e-10 
  788       3.338071279926e-10 
  789       3.351185832655e-10 
  790       3.364321897984e-10 
  791       3.377474627008e-10 
  792       3.390639122065e-10 
  793       3.403810436582e-10 
  794       3.416983574924e-10 
  795       3.430153492237e-10 
  796       3.443315094296e-10 
  797       3.456463237356e-10 
  798       3.469592727993e-10 
  799       3.482698322955e-10 
  800       3.495774729006e-10 
  801       3.508816602776e-10 
  802       3.521818550603e-10 
  803       3.534775128388e-10 
  804       3.547680841431e-10 
  805       3.560530144288e-10 
  806       3.573317440612e-10 
  807       3.586037083001e-10 
  808       3.598683372846e-10 
  809       3.611250560177e-10 
  810       3.623732843511e-10 
  811       3.636124369695e-10 
  812       3.648419233760e-10 
  813       3.660611478759e-10 
  814       3.672695095623e-10 
  815       3.684664022999e-10 
  816       3.696512147105e-10 
  817       3.708233793215e-10 
  818       3.719825210063e-10 
  819       3.731283111655e-10 
  820       3.742604187959e-10 
  821       3.753785104839e-10 
  822       3.764822503996e-10 
  823       3.775713002896e-10 
  824       3.786453194712e-10 
  825       3.797039648253e-10 
  826       3.807468907903e-10 
  827       3.817737493556e-10 
  828       3.827841900548e-10 
  829       3.837778599598e-10 
  830       3.847544036736e-10 
  831       3.857134633244e-10 
  832       3.866546785587e-10 
  833       3.875776865351e-10 
  834       3.884821219177e-10 
  835       3.893676168697e-10 
  836       3.902338010467e-10 
  837       3.910803015904e-10 
  838       3.919067431222e-10 
  839       3.927127477365e-10 
  840       3.934979349941e-10 
  841       3.942619219163e-10 
  842       3.950043229777e-10 
  843       3.957247501003e-10 
  844       3.964228126465e-10 
  845       3.970981174130e-10 
  846       3.977502686242e-10 
  847       3.983788679258e-10 
  848       3.989835143780e-10 
  849       3.995638044494e-10 
  850       4.001193320102e-10 
  851       4.006496883260e-10 
  852       4.011544620512e-10 
  853       4.016332392222e-10 
  854       4.020856032516e-10 
  855       4.025111349211e-10 
  856       4.029094736200e-10 
  857       4.032805022179e-10 
  858       4.036241653318e-10 
  859       4.039404083702e-10 
  860       4.042291775369e-10 
  861       4.044904198345e-10 
  862       4.047240830679e-10 
  863       4.049301158477e-10 
  864       4.051084675938e-10 
  865       4.052590885393e-10 
  866       4.053819297335e-10 
  867       4.054769430457e-10 
  868       4.055440811685e-10 
  869       4.055832976219e-10 
  870       4.055945467561e-10 
  871       4.055777837555e-10 
  872       4.055329646423e-10 
  873       4.054600462796e-10 
  874       4.053589863753e-10 
  875       4.052297434855e-10 
  876       4.050722770180e-10 
  877       4.048865472360e-10 
  878       4.046725152613e-10 
  879       4.044301430783e-10 
  880       4.041593935372e-10 
  881       4.038602303575e-10 
  882       4.035326181317e-10 
  883       4.031765223290e-10 
  884       4.027919092982e-10 
  885       4.023787462720e-10 
  886       4.019370013700e-10 
  887       4.014666436025e-10 
  888       4.009676428738e-10 
  889       4.004399699861e-10 
  890       3.998835966426e-10 
  891       3.992984954514e-10 
  892       3.986846399288e-10 
  893       3.980420045029e-10 
  894       3.973705645171e-10 
  895       3.966703381647e-10 
  896       3.959415130344e-10 
  897       3.951843216360e-10 
  898       3.943989996663e-10 
  899       3.935857860191e-10 
  900       3.927449227948e-10 
  901       3.918766553102e-10 
  902       3.909812321085e-10 
  903       3.900589049690e-10 
  904       3.891099289169e-10 
  905       3.881345622332e-10 
  906       3.871330664641e-10 
  907       3.861057064316e-10 
  908       3.850527502425e-10 
  909       3.839744692987e-10 
  910       3.828711383068e-10 
  911       3.817430352879e-10 
  912       3.805904415876e-10 
  913       3.794136418856e-10 
  914       3.782129242056e-10 
  915       3.769885799251e-10 
  916       3.757409037852e-10 
  917       3.744701939004e-10 
  918       3.731767517685e-10 
  919       3.718608822800e-10 
  920       3.705228937287e-10 
  921       3.691630978207e-10 
  922       3.677818096846e-10 
  923       3.663793478814e-10 
  924       3.649560344140e-10 
  925       3.635121947372e-10 
  926       3.620481577676e-10 
  927       3.605642558931e-10 
  928       3.590608249830e-10 
  929       3.575382043976e-10 
  930       3.559967369982e-10 
  931       3.544367691569e-10 
  932       3.528586507661e-10 
  933       3.512627352486e-10 
  934       3.496493831793e-10 
  935       3.480189731929e-10 
  936       3.463718912658e-10 
  937       3.447085271305e-10 
  938       3.430292742858e-10 
  939       3.413345300068e-10 
  940       3.396246953553e-10 
  941       3.379001751905e-10 
  942       3.361613781787e-10 
  943       3.344087168040e-10 
  944       3.326426073786e-10 
  945       3.308634700529e-10 
  946       3.290717288260e-10 
  947       3.272678115558e-10 
  948       3.254521499694e-10 
  949       3.236251796736e-10 
  950       3.217873401648e-10 
  951       3.199390748398e-10 
  952       3.180808310055e-10 
  953       3.162130598899e-10 
  954       3.143362166518e-10 
  955       3.124507603914e-10 
  956       3.105571541605e-10 
  957       3.086558649729e-10 
  958       3.067473638148e-10 
  959       3.048321256547e-10 
  960       3.029106294541e-10 
  961       3.009833581777e-10 
  962       2.990507988036e-10 
  963       2.971134423336e-10 
  964       2.951717838039e-10 
  965       2.932263222947e-10 
  966       2.912775609411e-10 
  967       2.893260069431e-10 
  968       2.873721715760e-10 
  969       2.854165702009e-10 
  970       2.834597222745e-10 
  971       2.815021513599e-10 
  972       2.795443851366e-10 
  973       2.775869230811e-10 
  974       2.756301389559e-10 
  975       2.736743768771e-10 
  976       2.717199835181e-10 
  977       2.697673081155e-10 
  978       2.678167024754e-10 
  979       2.658685209795e-10 
  980       2.639231205918e-10 
  981       2.619808608641e-10 
  982       2.600421039426e-10 
  983       2.581072145744e-10 
  984       2.561765601129e-10 
  985       2.542505105248e-10 
  986       2.523294383959e-10 
  987       2.504137189375e-10 
  988       2.485037299924e-10 
  989       2.465998520413e-10 
  990       2.447024682089e-10 
  991       2.428119642702e-10 
  992       2.409287286565e-10 
  993       2.390531524621e-10 
  994       2.371856294497e-10 
  995       2.353265560577e-10 
  996       2.334763314052e-10 
  997       2.316353572991e-10 
  998       2.298040382402e-10 
  999       2.279827814288e-10 
 1000       2.261719967717e-10 
 1001       2.243720968878e-10 
 1002       2.225834971148e-10 
 1003       2.208066155150e-10 
 1004       2.190418728818e-10 
 1005       2.172896927456e-10 
 1006       2.155505013803e-10 
 1007       2.138247278097e-10 
 1008       2.121128038128e-10 
 1009       2.104151639313e-10 
 1010       2.087322454746e-10 
 1011       2.070644885269e-10 
 1012       2.054122864761e-10 
 1013       2.037758368068e-10 
 1014       2.021552881663e-10 
 1015       2.005507896462e-10 
 1016       1.989624907831e-10 
 1017       1.973905415587e-10 
 1018       1.958350924005e-10 
 1019       1.942962941822e-10 
 1020       1.927742982239e-10 
 1021       1.912692562928e-10 
 1022       1.897813206035e-10 
 1023       1.883106438182e-10 
 1024       1.868573790475e-10 
 1025       1.854216798505e-10 
 1026       1.840037002357e-10 
 1027       1.826035946606e-10 
 1028       1.812215180329e-10 
 1029       1.798576257105e-10 
 1030       1.785120735021e-10 
 1031       1.771850176675e-10 
 1032       1.758766149181e-10 
 1033       1.745870224172e-10 
 1034       1.733163977807e-10 
 1035       1.720648990772e-10 
 1036       1.708326848285e-10 
 1037       1.696199140100e-10 
 1038       1.684267460515e-10 
 1039       1.672533408370e-10 
 1040       1.660998587055e-10 
 1041       1.649664604514e-10 
 1042       1.638533073247e-10 
 1043       1.627605610318e-10 
 1044       1.616883837355e-10 
 1045       1.606369380557e-10 
 1046       1.596063870697e-10 
 1047       1.585968943126e-10 
 1048       1.576086237780e-10 
 1049       1.566417399178e-10 
 1050       1.556964076434e-10 
 1051       1.547727510542e-10 
 1052       1.538707289965e-10 
 1053       1.529902577760e-10 
 1054       1.521312522679e-10 
 1055       1.512936259130e-10 
 1056       1.504772907136e-10 
 1057       1.496821572294e-10 
 1058       1.489081345735e-10 
 1059       1.481551304083e-10 
 1060       1.474230509415e-10 
 1061       1.467118009220e-10 
 1062       1.460212836358e-10 
 1063       1.453514009019e-10 
 1064       1.447020530685e-10 
 1065       1.440731390085e-10 
 1066       1.434645561158e-10 
 1067       1.428762003013e-10 
 1068       1.423079659885e-10 
 1069       1.417597461095e-10 
 1070       1.412314321013e-10 
 1071       1.407229139014e-10 
 1072       1.402340799436e-10 
 1073       1.397648171545e-10 
 1074       1.393150109489e-10 
 1075       1.388845452260e-10 
 1076       1.384733023653e-10 
 1077       1.380811632226e-10 
 1078       1.377080071256e-10 
 1079       1.373537118704e-10 
 1080       1.370181537169e-10 
 1081       1.367012073852e-10 
 1082       1.364027460511e-10 
 1083       1.361226413425e-10 
 1084       1.358607633348e-10 
 1085       1.356169805475e-10 
 1086       1.353911599394e-10 
 1087       1.351831669051e-10 
 1088       1.349928652708e-10 
 1089       1.348201172902e-10 
 1090       1.346647681066e-10 
 1091       1.345265989202e-10 
 1092       1.344053731852e-10 
 1093       1.343008520805e-10 
 1094       1.342127945047e-10 
 1095       1.341409570699e-10 
 1096       1.340850940965e-10 
 1097       1.340449576074e-10 
 1098       1.340202973221e-10 
 1099       1.340108606517e-10 
 1100       1.340163926926e-10 
 1101       1.340366362215e-10 
 1102       1.340713316891e-10 
 1103       1.341202172150e-10 
 1104       1.341830285820e-10 
 1105       1.342594992301e-10 
 1106       1.343493602515e-10 
 1107       1.344523403842e-10 
 1108       1.345681660071e-10 
 1109       1.346965611339e-10 
 1110       1.348372474077e-10 
 1111       1.349899440953e-10 
 1112       1.351543680815e-10 
 1113       1.353302338635e-10 
 1114       1.355172535455e-10 
 1115       1.357151368328e-10 
 1116       1.359235910262e-10 
 1117       1.361423210164e-10 
 1118       1.363710292785e-10 
 1119       1.366094158663e-10 
 1120       1.368571784065e-10 
 1121       1.371140120934e-10 
 1122       1.373796096829e-10 
 1123       1.376536614873e-10 
 1124       1.379358553690e-10 
 1125       1.382258767359e-10 
 1126       1.385234085347e-10 
 1127       1.388281312458e-10 
 1128       1.391397228780e-10 
 1129       1.394578725372e-10 
 1130       1.397823213394e-10 
 1131       1.401128220167e-10 
 1132       1.404491253854e-10 
 1133       1.407909803421e-10 
 1134       1.411381338589e-10 
 1135       1.414903309795e-10 
 1136       1.418473148147e-10 
 1137       1.422088265378e-10 
 1138       1.425746053806e-10 
 1139       1.429443886287e-10 
 1140       1.433179116176e-10 
 1141       1.436949077278e-10 
 1142       1.440751083810e-10 
 1143       1.444582430353e-10 
 1144       1.448440391811e-10 
 1145       1.452322223368e-10 
 1146       1.456225160442e-10 
 1147       1.460146418641e-10 
 1148       1.464083193726e-10 
 1149       1.468032661559e-10 
 1150       1.471991978063e-10 
 1151       1.475958279182e-10 
 1152       1.479928680832e-10 
 1153       1.483900278859e-10 
 1154       1.487870148998e-10 
 1155       1.491835346828e-10 
 1156       1.495792907725e-10 
 1157       1.499739846825e-10 
 1158       1.503673158976e-10 
 1159       1.507589818696e-10 
 1160       1.511486780129e-10 
 1161       1.515360977000e-10 
 1162       1.519209322575e-10 
 1163       1.523028709616e-10 
 1164       1.526816010336e-10 
 1165       1.530568076356e-10 
 1166       1.534281738663e-10 
 1167       1.537953807566e-10 
 1168       1.541581387491e-10 
 1169       1.545162825775e-10 
 1170       1.548696775658e-10 
 1171       1.552181882504e-10 
 1172       1.555616783790e-10 
 1173       1.559000109080e-10 
 1174       1.562330480022e-10 
 1175       1.565606510320e-10 
 1176       1.568826805727e-10 
 1177       1.571989964025e-10 
 1178       1.575094575009e-10 
 1179       1.578139220473e-10 
 1180       1.581122474194e-10 
 1181       1.584042901914e-10 
 1182       1.586899061326e-10 
 1183       1.589689502059e-10 
 1184       1.592412765660e-10 
 1185       1.595067385578e-10 
 1186       1.597651887151e-10 
 1187       1.600164787587e-10 
 1188       1.602604595951e-10 
 1189       1.604969813147e-10 
 1190       1.607258931903e-10 
 1191       1.609470436754e-10 
 1192       1.611602804029e-10 
 1193       1.613654501831e-10 
 1194       1.615623990027e-10 
 1195       1.617509720224e-10 
 1196       1.619310135762e-10 
 1197       1.621023671693e-10 
 1198       1.622648754764e-10 
 1199       1.624183803405e-10 
 1200       1.625627227711e-10 
 1201       1.626977429428e-10 
 1202       1.628232801933e-10 
 1203       1.629391730224e-10 
 1204       1.630452590899e-10 
 1205       1.631413752142e-10 
 1206       1.632273573709e-10 
 1207       1.633030722671e-10 
 1208       1.633685124874e-10 
 1209       1.634237024972e-10 
 1210       1.634686671716e-10 
 1211       1.635034317972e-10 
 1212       1.635280220725e-10 
 1213       1.635424641091e-10 
 1214       1.635467844328e-10 
 1215       1.635410099845e-10 
 1216       1.635251681211e-10 
 1217       1.634992866169e-10 
 1218       1.634633936643e-10 
 1219       1.634175178749e-10 
 1220       1.633616882804e-10 
 1221       1.632959343338e-10 
 1222       1.632202859105e-10 
 1223       1.631347733089e-10 
 1224       1.630394272518e-10 
 1225       1.629342788871e-10 
 1226       1.628193597894e-10 
 1227       1.626947019602e-10 
 1228       1.625603378295e-10 
 1229       1.624163002566e-10 
 1230       1.622626225312e-10 
 1231       1.620993383744e-10 
 1232       1.619264819396e-10 
 1233       1.617440878135e-10 
 1234       1.615521910175e-10 
 1235       1.613508270082e-10 
 1236       1.611400316786e-10 
 1237       1.609198413594e-10 
 1238       1.606902928196e-10 
 1239       1.604514232677e-10 
 1240       1.602032703527e-10 
 1241       1.599458721652e-10 
 1242       1.596792672381e-10 
 1243       1.594034945481e-10 
 1244       1.591185935163e-10 
 1245       1.588246040095e-10 
 1246       1.585215829665e-10 
 1247       1.582096544895e-10 
 1248       1.578889603424e-10 
 1249       1.575596433812e-10 
 1250       1.572218475560e-10 
 1251       1.568757179134e-10 
 1252       1.565214005987e-10 
 1253       1.561590428584e-10 
 1254       1.557887930424e-10 
 1255       1.554108006062e-10 
 1256       1.550252161134e-10 
 1257       1.546321912378e-10 
 1258       1.542318787658e-10 
 1259       1.538244325988e-10 
 1260       1.534100077551e-10 
 1261       1.529887603728e-10 
 1262       1.525608477116e-10 
 1263       1.521264281552e-10 
 1264       1.516856612140e-10 
 1265       1.512387075267e-10 
 1266       1.507857288631e-10 
 1267       1.503268881265e-10 
 1268       1.498623493555e-10 
 1269       1.493922777265e-10 
 1270       1.489168395564e-10 
 1271       1.484362023043e-10 
 1272       1.479505345741e-10 
 1273       1.474600061169e-10 
 1274       1.469647878330e-10 
 1275       1.464650517744e-10 
 1276       1.459609711471e-10 
 1277       1.454527203135e-10 
 1278       1.449404747941e-10 
 1279       1.444244112708e-10 
 1280       1.439047075882e-10 
 1281       1.433815427568e-10 
 1282       1.428550969543e-10 
 1283       1.423255515290e-10 
 1284       1.417930890012e-10 
 1285       1.412578893593e-10 
 1286       1.407201188964e-10 
 1287       1.401799412512e-10 
 1288       1.396375211050e-10 
 1289       1.390930241839e-10 
 1290       1.385466172609e-10 
 1291       1.379984681575e-10 
 1292       1.374487457464e-10 
 1293       1.368976199527e-10 
 1294       1.363452617569e-10 
 1295       1.357918431960e-10 
 1296       1.352375373661e-10 
 1297       1.346825184243e-10 
 1298       1.341269615907e-10 
 1299       1.335710431504e-10 
 1300       1.330149404555e-10 
 1301       1.324588319272e-10 
 1302       1.319028970581e-10 
 1303       1.313473164135e-10 
 1304       1.307922716342e-10 
 1305       1.302379454381e-10 
 1306       1.296845216223e-10 
 1307       1.291321850653e-10 
 1308       1.285811217287e-10 
 1309       1.280315186596e-10 
 1310       1.274835639923e-10 
 1311       1.269374469507e-10 
 1312       1.263933578499e-10 
 1313       1.258514880985e-10 
 1314       1.253120302007e-10 
 1315       1.247751777580e-10 
 1316       1.242411254715e-10 
 1317       1.237100691440e-10 
 1318       1.231822056817e-10 
 1319       1.226577330966e-10 
 1320       1.221368505081e-10 
 1321       1.216197581455e-10 
 1322       1.211066573497e-10 
 1323       1.205977505754e-10 
 1324       1.200932228587e-10 
 1325       1.195931859921e-10 
 1326       1.190977337371e-10 
 1327       1.186069603035e-10 
 1328       1.181209603499e-10 
 1329       1.176398289844e-10 
 1330       1.171636617656e-10 
 1331       1.166925547036e-10 
 1332       1.162266042600e-10 
 1333       1.157659073493e-10 
 1334       1.153105613395e-10 
 1335       1.148606640529e-10 
 1336       1.144163137665e-10 
 1337       1.139776092135e-10 
 1338       1.135446495831e-10 
 1339       1.131175345222e-10 
 1340       1.126963641355e-10 
 1341       1.122812389867e-10 
 1342       1.118722600989e-10 
 1343       1.114695289554e-10 
 1344       1.110731475010e-10 
 1345       1.106832181420e-10 
 1346       1.102998437473e-10 
 1347       1.099231276495e-10 
 1348       1.095531736449e-10 
 1349       1.091900859951e-10 
 1350       1.088339694270e-10 
 1351       1.084849291341e-10 
 1352       1.081430707772e-10 
 1353       1.078085004847e-10 
 1354       1.074813248540e-10 
 1355       1.071616509518e-10 
 1356       1.068495863151e-10 
 1357       1.065452389519e-10 
 1358       1.062487173420e-10 
 1359       1.059601304374e-10 
 1360       1.056795876637e-10 
 1361       1.054071989205e-10 
 1362       1.051430745820e-10 
 1363       1.048873039050e-10 
 1364       1.046398899964e-10 
 1365       1.044008141493e-10 
 1366       1.041700573725e-10 
 1367       1.039476003892e-10 
 1368       1.037334236371e-10 
 1369       1.035275072675e-10 
 1370       1.033298311443e-10 
 1371       1.031403748441e-10 
 1372       1.029591176549e-10 
 1373       1.027860385757e-10 
 1374       1.026211163161e-10 
 1375       1.024643292953e-10 
 1376       1.023156556417e-10 
 1377       1.021750731922e-10 
 1378       1.020425594915e-10 
 1379       1.019180917917e-10 
 1380       1.018016470513e-10 
 1381       1.016932019348e-10 
 1382       1.015927328123e-10 
 1383       1.015002157582e-10 
 1384       1.014156265514e-10 
 1385       1.013389406738e-10 
 1386       1.012701333106e-10 
 1387       1.012091793486e-10 
 1388       1.011560533768e-10 
 1389       1.011107296845e-10 
 1390       1.010731822617e-10 
 1391       1.010433847979e-10 
 1392       1.010213106816e-10 
 1393       1.010069329997e-10 
 1394       1.010002245368e-10 
 1395       1.010011577749e-10 
 1396       1.010097048921e-10 
 1397       1.010258377625e-10 
 1398       1.010495279556e-10 
 1399       1.010807467352e-10 
 1400       1.011194650593e-10 
 1401       1.011656535791e-10 
 1402       1.012192695211e-10 
 1403       1.012802171842e-10 
 1404       1.013483870295e-10 
 1405       1.014236687584e-10 
 1406       1.015059513117e-10 
 1407       1.015951228676e-10 
 1408       1.016910708409e-10 
 1409       1.017936818812e-10 
 1410       1.019028418712e-10 
 1411       1.020184359259e-10 
 1412       1.021403483909e-10 
 1413       1.022684628406e-10 
 1414       1.024026620774e-10 
 1415       1.025428281298e-10 
 1416       1.026888422511e-10 
 1417       1.028405849181e-10 
 1418       1.029979358295e-10 
 1419       1.031607739044e-10 
 1420       1.033289772812e-10 
 1421       1.035024233158e-10 
 1422       1.036809885805e-10 
 1423       1.038645488622e-10 
 1424       1.040529791613e-10 
 1425       1.042461536901e-10 
 1426       1.044439458714e-10 
 1427       1.046462283369e-10 
 1428       1.048528729262e-10 
 1429       1.050637506849e-10 
 1430       1.052787318635e-10 
 1431       1.054976859158e-10 
 1432       1.057204814974e-10 
 1433       1.059469864644e-10 
 1434       1.061770678722e-10 
 1435       1.064105919734e-10 
 1436       1.066474242170e-10 
 1437       1.068874292468e-10 
 1438       1.071304708997e-10 
 1439       1.073764122047e-10 
 1440       1.076251153810e-10 
 1441       1.078764426798e-10 
 1442       1.081302589208e-10 
 1443       1.083864289784e-10 
 1444       1.086448169396e-10 
 1445       1.089052861032e-10 
 1446       1.091676989780e-10 
 1447       1.094319172815e-10 
 1448       1.096978019384e-10 
 1449       1.099652130795e-10 
 1450       1.102340100401e-10 
 1451       1.105040513587e-10 
 1452       1.107751947755e-10 
 1453       1.110472972311e-10 
 1454       1.113202148653e-10 
 1455       1.115938030154e-10 
 1456       1.118679162148e-10 
 1457       1.121424081922e-10 
 1458       1.124171318692e-10 
 1459       1.126919393601e-10 
 1460       1.129666819694e-10 
 1461       1.132412101913e-10 
 1462       1.135153737078e-10 
 1463       1.137890213874e-10 
 1464       1.140620012840e-10 
 1465       1.143341606351e-10 
 1466       1.146053458606e-10 
 1467       1.148754025615e-10 
 1468       1.151441755186e-10 
 1469       1.154115086906e-10 
 1470       1.156772452135e-10 
 1471       1.159412273984e-10 
 1472       1.162032967308e-10 
 1473       1.164632938689e-10 
 1474       1.167210586420e-10 
 1475       1.169764300496e-10 
 1476       1.172292462597e-10 
 1477       1.174793446075e-10 
 1478       1.177265615941e-10 
 1479       1.179707328847e-10 
 1480       1.182117060249e-10 
 1481       1.184493787268e-10 
 1482       1.186836609583e-10 
 1483       1.189144622593e-10 
 1484       1.191416917416e-10 
 1485       1.193652580878e-10 
 1486       1.195850695508e-10 
 1487       1.198010339530e-10 
 1488       1.200130586858e-10 
 1489       1.202210507085e-10 
 1490       1.204249165481e-10 
 1491       1.206245622985e-10 
 1492       1.208198936195e-10 
 1493       1.210108157365e-10 
 1494       1.211972334394e-10 
 1495       1.213790510824e-10 
 1496       1.215561725830e-10 
 1497       1.217285014214e-10 
 1498       1.218959406397e-10 
 1499       1.220583928413e-10 
 1500       1.222157601903e-10 
 1501       1.223679444108e-10 
 1502       1.225148467859e-10 
 1503       1.226563681575e-10 
 1504       1.227924089253e-10 
 1505       1.229228690460e-10 
 1506       1.230476480331e-10 
 1507       1.231666449556e-10 
 1508       1.232797584378e-10 
 1509       1.233868866585e-10 
 1510       1.234879273499e-10 
 1511       1.235827777976e-10 
 1512       1.236713348395e-10 
 1513       1.237534948651e-10 
 1514       1.238291538148e-10 
 1515       1.238982071796e-10 
 1516       1.239605499997e-10 
 1517       1.240160768647e-10 
 1518       1.240646819120e-10 
 1519       1.241062755436e-10 
 1520       1.241408347503e-10 
 1521       1.241683532707e-10 
 1522       1.241888249181e-10 
 1523       1.242022435811e-10 
 1524       1.242086032236e-10 
 1525       1.242078978848e-10 
 1526       1.242001216797e-10 
 1527       1.241852687992e-10 
 1528       1.241633335102e-10 
 1529       1.241343101557e-10 
 1530       1.240981931553e-10 
 1531       1.240549770051e-10 
 1532       1.240046562778e-10 
 1533       1.239472256233e-10 
 1534       1.238826797684e-10 
 1535       1.238110135174e-10 
 1536       1.237322217519e-10 
 1537       1.236462994312e-10 
 1538       1.235532415927e-10 
 1539       1.234530433514e-10 
 1540       1.233456999009e-10 
 1541       1.232312065129e-10 
 1542       1.231095585379e-10 
 1543       1.229807514050e-10 
 1544       1.228447806222e-10 
 1545       1.227016417769e-10 
 1546       1.225513305354e-10 
 1547       1.223938426439e-10 
 1548       1.222291739278e-10 
 1549       1.220573202927e-10 
 1550       1.218782777240e-10 
 1551       1.216920422876e-10 
 1552       1.214986101294e-10 
 1553       1.212979774761e-10 
 1554       1.210901406351e-10 
 1555       1.208750959948e-10 
 1556       1.206528400246e-10 
 1557       1.204233692752e-10 
 1558       1.201866926747e-10 
 1559       1.199428685432e-10 
 1560       1.196919679259e-10 
 1561       1.194340623299e-10 
 1562       1.191692237246e-10 
 1563       1.188975245428e-10 
 1564       1.186190376811e-10 
 1565       1.183338365013e-10 
 1566       1.180419948307e-10 
 1567       1.177435869629e-10 
 1568       1.174386876588e-10 
 1569       1.171273721474e-10 
 1570       1.168097161263e-10 
 1571       1.164857957628e-10 
 1572       1.161556876944e-10 
 1573       1.158194690301e-10 
 1574       1.154772173506e-10 
 1575       1.151290107092e-10 
 1576       1.147749276330e-10 
 1577       1.144150471233e-10 
 1578       1.140494486565e-10 
 1579       1.136782121847e-10 
 1580       1.133014181371e-10 
 1581       1.129191474200e-10 
 1582       1.125314814181e-10 
 1583       1.121385019951e-10 
 1584       1.117402914945e-10 
 1585       1.113369327405e-10 
 1586       1.109285090386e-10 
 1587       1.105151041767e-10 
 1588       1.100968024255e-10 
 1589       1.096736885395e-10 
 1590       1.092458477578e-10 
 1591       1.088133658048e-10 
 1592       1.083763288912e-10 
 1593       1.079348237144e-10 
 1594       1.074889374597e-10 
 1595       1.070387578008e-10 
 1596       1.065843729007e-10 
 1597       1.061258740841e-10 
 1598       1.056633638796e-10 
 1599       1.051969480524e-10 
 1600       1.047267329410e-10 
 1601       1.042528254575e-10 
 1602       1.037753330888e-10 
 1603       1.032943638975e-10 
 1604       1.028100265228e-10 
 1605       1.023224301812e-10 
 1606       1.018316846679e-10 
 1607       1.013379003573e-10 
 1608       1.008411882039e-10 
 1609       1.003416597436e-10 
 1610       9.983942709416e-11 
 1611       9.933460295645e-11 
 1612       9.882730061519e-11 
 1613       9.831763393990e-11 
 1614       9.780571738584e-11 
 1615       9.729166599491e-11 
 1616       9.677559539656e-11 
 1617       9.625762180870e-11 
 1618       9.573786203863e-11 
 1619       9.521643348394e-11 
 1620       9.469345413344e-11 
 1621       9.416904256807e-11 
 1622       9.364331796178e-11 
 1623       9.311640008250e-11 
 1624       9.258840929303e-11 
 1625       9.205946655194e-11 
 1626       9.152969341449e-11 
 1627       9.099921203358e-11 
 1628       9.046814516060e-11 
 1629       8.993661614640e-11 
 1630       8.940474894219e-11 
 1631       8.887266810044e-11 
 1632       8.834049877579e-11 
 1633       8.780836672600e-11 
 1634       8.727639831283e-11 
 1635       8.674472050297e-11 
 1636       8.621345392099e-11 
 1637       8.568269193843e-11 
 1638       8.515252139954e-11 
 1639       8.462302955288e-11 
 1640       8.409430405188e-11 
 1641       8.356643295549e-11 
 1642       8.303950472876e-11 
 1643       8.251360824346e-11 
 1644       8.198883277865e-11 
 1645       8.146526802132e-11 
 1646       8.094300406697e-11 
 1647       8.042213142021e-11 
 1648       7.990274099540e-11 
 1649       7.938492411719e-11 
 1650       7.886877252120e-11 
 1651       7.835437835454e-11 
 1652       7.784183417649e-11 
 1653       7.733123295906e-11 
 1654       7.682266808757e-11 
 1655       7.631623336134e-11 
 1656       7.581202299418e-11 
 1657       7.531013161509e-11 
 1658       7.481065426881e-11 
 1659       7.431368641644e-11 
 1660       7.381932393602e-11 
 1661       7.332766312319e-11 
 1662       7.283880069172e-11 
 1663       7.235283377417e-11 
 1664       7.186985992246e-11 
 1665       7.138997710849e-11 
 1666       7.091328372473e-11 
 1667       7.043987858485e-11 
 1668       6.996986092429e-11 
 1669       6.950333040087e-11 
 1670       6.904038709541e-11 
 1671       6.858113151232e-11 
 1672       6.812566458022e-11 
 1673       6.767408765249e-11 
 1674       6.722650250796e-11 
 1675       6.678299965969e-11 
 1676       6.634362316874e-11 
 1677       6.590840552427e-11 
 1678       6.547737930753e-11 
 1679       6.505057719191e-11 
 1680       6.462803194311e-11 
 1681       6.420977641919e-11 
 1682       6.379584357068e-11 
 1683       6.338626644071e-11 
 1684       6.298107816509e-11 
 1685       6.258031197243e-11 
 1686       6.218400118422e-11 
 1687       6.179217921496e-11 
 1688       6.140487957224e-11 
 1689       6.102213585686e-11 
 1690       6.064398176293e-11 
 1691       6.027045107795e-11 
 1692       5.990157768296e-11 
 1693       5.953739555260e-11 
 1694       5.917793875524e-11 
 1695       5.882324145306e-11 
 1696       5.847333790219e-11 
 1697       5.812826245276e-11 
 1698       5.778804954906e-11 
 1699       5.745273372959e-11 
 1700       5.712234962721e-11 
 1701       5.679693196922e-11 
 1702       5.647651557746e-11 
 1703       5.616113536842e-11 
 1704       5.585082635334e-11 
 1705       5.554562363834e-11 
 1706       5.524556242446e-11 
 1707       5.495067800783e-11 
 1708       5.466100577974e-11 
 1709       5.437658122674e-11 
 1710       5.409743993076e-11 
 1711       5.382361756922e-11 
 1712       5.355514991508e-11 
 1713       5.329207283703e-11 
 1714       5.303441188017e-11 
 1715       5.278215091094e-11 
 1716       5.253526320475e-11 
 1717       5.229372184073e-11 
 1718       5.205749970141e-11 
 1719       5.182656947236e-11 
 1720       5.160090364192e-11 
 1721       5.138047450082e-11 
 1722       5.116525414193e-11 
 1723       5.095521445986e-11 
 1724       5.075032715069e-11 
 1725       5.055056371165e-11 
 1726       5.035589544075e-11 
 1727       5.016629343650e-11 
 1728       4.998172859760e-11 
 1729       4.980217162256e-11 
 1730       4.962759300943e-11 
 1731       4.945796305546e-11 
 1732       4.929325185678e-11 
 1733       4.913342930807e-11 
 1734       4.897846510226e-11 
 1735       4.882832873016e-11 
 1736       4.868298948021e-11 
 1737       4.854241643809e-11 
 1738       4.840657848644e-11 
 1739       4.827544430452e-11 
 1740       4.814898236788e-11 
 1741       4.802716094808e-11 
 1742       4.790994811230e-11 
 1743       4.779731172309e-11 
 1744       4.768921943799e-11 
 1745       4.758563870924e-11 
 1746       4.748653678345e-11 
 1747       4.739188070128e-11 
 1748       4.730163729710e-11 
 1749       4.721577319871e-11 
 1750       4.713425482698e-11 
 1751       4.705704839552e-11 
 1752       4.698411991040e-11 
 1753       4.691543061035e-11 
 1754       4.685092324655e-11 
 1755       4.679053568767e-11 
 1756       4.673420546845e-11 
 1757       4.668186978916e-11 
 1758       4.663346551515e-11 
 1759       4.658892917632e-11 
 1760       4.654819696662e-11 
 1761       4.651120474354e-11 
 1762       4.647788802766e-11 
 1763       4.644818200208e-11 
 1764       4.642202151197e-11 
 1765       4.639934106406e-11 
 1766       4.638007482612e-11 
 1767       4.636415662649e-11 
 1768       4.635151995355e-11 
 1769       4.634209795523e-11 
 1770       4.633582343855e-11 
 1771       4.633262886904e-11 
 1772       4.633244637031e-11 
 1773       4.633520772351e-11 
 1774       4.634084436687e-11 
 1775       4.634928739514e-11 
 1776       4.636046755915e-11 
 1777       4.637431526526e-11 
 1778       4.639076057492e-11 
 1779       4.640973320410e-11 
 1780       4.643116252284e-11 
 1781       4.645497755473e-11 
 1782       4.648110697642e-11 
 1783       4.650947911710e-11 
 1784       4.654002195803e-11 
 1785       4.657266313202e-11 
 1786       4.660732992293e-11 
 1787       4.664394926517e-11 
 1788       4.668244774322e-11 
 1789       4.672275159109e-11 
 1790       4.676478669186e-11 
 1791       4.680847857717e-11 
 1792       4.685375475597e-11 
 1793       4.690055172269e-11 
 1794       4.694880800531e-11 
 1795       4.699846184088e-11 
 1796       4.704945117511e-11 
 1797       4.710171366194e-11 
 1798       4.715518666314e-11 
 1799       4.720980724789e-11 
 1800       4.726551219240e-11 
 1801       4.732223797944e-11 
 1802       4.737992079795e-11 
 1803       4.743849654267e-11 
 1804       4.749790081364e-11 
 1805       4.755806891589e-11 
 1806       4.761893585892e-11 
 1807       4.768043635638e-11 
 1808       4.774250482561e-11 
 1809       4.780507538722e-11 
 1810       4.786808186470e-11 
 1811       4.793145778400e-11 
 1812       4.799513637311e-11 
 1813       4.805905056167e-11 
 1814       4.812313298051e-11 
 1815       4.818731596129e-11 
 1816       4.825153153605e-11 
 1817       4.831571143682e-11 
 1818       4.837978709519e-11 
 1819       4.844368964191e-11 
 1820       4.850734990647e-11 
 1821       4.857069841668e-11 
 1822       4.863366539827e-11 
 1823       4.869618077448e-11 
 1824       4.875817416563e-11 
 1825       4.881957488872e-11 
 1826       4.888031195700e-11 
 1827       4.894031407959e-11 
 1828       4.899950966104e-11 
 1829       4.905782680092e-11 
 1830       4.911519329342e-11 
 1831       4.917154344829e-11 
 1832       4.922683861429e-11 
 1833       4.928104681893e-11 
 1834       4.933413596188e-11 
 1835       4.938607381475e-11 
 1836       4.943682802092e-11 
 1837       4.948636609543e-11 
 1838       4.953465542471e-11 
 1839       4.958166326653e-11 
 1840       4.962735674973e-11 
 1841       4.967170287410e-11 
 1842       4.971466851022e-11 
 1843       4.975622039924e-11 
 1844       4.979632515278e-11 
 1845       4.983494925270e-11 
 1846       4.987205905097e-11 
 1847       4.990762076948e-11 
 1848       4.994160049988e-11 
 1849       4.997396420341e-11 
 1850       5.000467771074e-11 
 1851       5.003370672178e-11 
 1852       5.006101680551e-11 
 1853       5.008657339985e-11 
 1854       5.011034181145e-11 
 1855       5.013228721554e-11 
 1856       5.015237465576e-11 
 1857       5.017056904396e-11 
 1858       5.018683516010e-11 
 1859       5.020113765202e-11 
 1860       5.021344103527e-11 
 1861       5.022370969300e-11 
 1862       5.023190787572e-11 
 1863       5.023799970119e-11 
 1864       5.024194915420e-11 
 1865       5.024372008644e-11 
 1866       5.024327621631e-11 
 1867       5.024058112876e-11 
 1868       5.023559827512e-11 
 1869       5.022829097293e-11 
 1870       5.021862963791e-11 
 1871       5.020661354213e-11 
 1872       5.019224922577e-11 
 1873       5.017554328056e-11 
 1874       5.015650234980e-11 
 1875       5.013513312849e-11 
 1876       5.011144236335e-11 
 1877       5.008543685297e-11 
 1878       5.005712344784e-11 
 1879       5.002650905045e-11 
 1880       4.999360061534e-11 
 1881       4.995840514923e-11 
 1882       4.992092971105e-11 
 1883       4.988118141205e-11 
 1884       4.983916741586e-11 
 1885       4.979489493858e-11 
 1886       4.974837124887e-11 
 1887       4.969960366798e-11 
 1888       4.964859956990e-11 
 1889       4.959536638139e-11 
 1890       4.953991158207e-11 
 1891       4.948224270451e-11 
 1892       4.942236733428e-11 
 1893       4.936029311007e-11 
 1894       4.929602772374e-11 
 1895       4.922957892042e-11 
 1896       4.916095449855e-11 
 1897       4.909016231001e-11 
 1898       4.901721026017e-11 
 1899       4.894210630796e-11 
 1900       4.886485846599e-11 
 1901       4.878547480056e-11 
 1902       4.870396343183e-11 
 1903       4.862033253381e-11 
 1904       4.853459033450e-11 
 1905       4.844674511594e-11 
 1906       4.835680521431e-11 
 1907       4.826477901997e-11 
 1908       4.817067497758e-11 
 1909       4.807450575231e-11 
 1910       4.797630076319e-11 
 1911       4.787609374597e-11 
 1912       4.777391859597e-11 
 1913       4.766980936828e-11 
 1914       4.756380027794e-11 
 1915       4.745592570022e-11 
 1916       4.734622017076e-11 
 1917       4.723471838587e-11 
 1918       4.712145520266e-11 
 1919       4.700646563935e-11 
 1920       4.688978487539e-11 
 1921       4.677144825175e-11 
 1922       4.665149127110e-11 
 1923       4.652994959803e-11 
 1924       4.640685905927e-11 
 1925       4.628225564391e-11 
 1926       4.615617550363e-11 
 1927       4.602865495287e-11 
 1928       4.589973046909e-11 
 1929       4.576943869296e-11 
 1930       4.563781642861e-11 
 1931       4.550490064381e-11 
 1932       4.537072847019e-11 
 1933       4.523533720349e-11 
 1934       4.509876430372e-11 
 1935       4.496104739544e-11 
 1936       4.482222426792e-11 
 1937       4.468233287541e-11 
 1938       4.454141133728e-11 
 1939       4.439949793834e-11 
 1940       4.425663112894e-11 
 1941       4.411284952530e-11 
 1942       4.396819190964e-11 
 1943       4.382269723042e-11 
 1944       4.367640460260e-11 
 1945       4.352935330777e-11 
 1946       4.338158279447e-11 
 1947       4.323313267831e-11 
 1948       4.308404242542e-11 
 1949       4.293435039959e-11 
 1950       4.278409480839e-11 
 1951       4.263331401953e-11 
 1952       4.248204656109e-11 
 1953       4.233033112172e-11 
 1954       4.217820655085e-11 
 1955       4.202571185888e-11 
 1956       4.187288621740e-11 
 1957       4.171976895941e-11 
 1958       4.156639957947e-11 
 1959       4.141281773398e-11 
 1960       4.125906324134e-11 
 1961       4.110517608216e-11 
 1962       4.095119639949e-11 
 1963       4.079716449900e-11 
 1964       4.064312084919e-11 
 1965       4.048910608161e-11 
 1966       4.033516099105e-11 
 1967       4.018132653578e-11 
 1968       4.002764383769e-11 
 1969       3.987415418257e-11 
 1970       3.972089902027e-11 
 1971       3.956791996492e-11 
 1972       3.941525879512e-11 
 1973       3.926295745419e-11 
 1974       3.911105805033e-11 
 1975       3.895960285685e-11 
 1976       3.880863431235e-11 
 1977       3.865819502098e-11 
 1978       3.850832775258e-11 
 1979       3.835907544294e-11 
 1980       3.821048119397e-11 
 1981       3.806258827393e-11 
 1982       3.791544011762e-11 
 1983       3.776908032659e-11 
 1984       3.762355266936e-11 
 1985       3.747890108160e-11 
 1986       3.733516966637e-11 
 1987       3.719239891818e-11 
 1988       3.705061436443e-11 
 1989       3.690983784075e-11 
 1990       3.677009125957e-11 
 1991       3.663139661023e-11 
 1992       3.649377595907e-11 
 1993       3.635725144951e-11 
 1994       3.622184530217e-11 
 1995       3.608757981492e-11 
 1996       3.595447736300e-11 
 1997       3.582256039913e-11 
 1998       3.569185145354e-11 
 1999       3.556237313412e-11 
 2000       3.543414812648e-11 
 2001       3.530719919405e-11 
 2002       3.518154917819e-11 
 2003       3.505722099825e-11 
 2004       3.493423765167e-11 
 2005       3.481262221408e-11 
 2006       3.469239783940e-11 
 2007       3.457358775990e-11 
 2008       3.445621528633e-11 
 2009       3.434030380798e-11 
 2010       3.422587679278e-11 
 2011       3.411295778742e-11 
 2012       3.400157041739e-11 
 2013       3.389173838711e-11 
 2014       3.378348548000e-11 
 2015       3.367683555859e-11 
 2016       3.357181256461e-11 
 2017       3.346844051905e-11 
 2018       3.336674352231e-11 
 2019       3.326674575421e-11 
 2020       3.316847147417e-11 
 2021       3.307194502125e-11 
 2022       3.297719081423e-11 
 2023       3.288423335174e-11 
 2024       3.279309721233e-11 
 2025       3.270380705458e-11 
 2026       3.261638288444e-11 
 2027       3.253082581989e-11 
 2028       3.244713222364e-11 
 2029       3.236529842645e-11 
 2030       3.228532072710e-11 
 2031       3.220719539234e-11 
 2032       3.213091865685e-11 
 2033       3.205648672315e-11 
 2034       3.198389576161e-11 
 2035       3.191314191039e-11 
 2036       3.184422127534e-11 
 2037       3.177712993005e-11 
 2038       3.171186391570e-11 
 2039       3.164841924109e-11 
 2040       3.158679188256e-11 
 2041       3.152697778393e-11 
 2042       3.146897285650e-11 
 2043       3.141277297895e-11 
 2044       3.135837399732e-11 
 2045       3.130577172498e-11 
 2046       3.125496194254e-11 
 2047       3.120594039784e-11 
 2048       3.115870280588e-11 
 2049       3.111324484880e-11 
 2050       3.106956217579e-11 
 2051       3.102765040310e-11 
 2052       3.098750511393e-11 
 2053       3.094912185844e-11 
 2054       3.091249615367e-11 
 2055       3.087762348350e-11 
 2056       3.084449929861e-11 
 2057       3.081311901641e-11 
 2058       3.078347802104e-11 
 2059       3.075557166327e-11 
 2060       3.072939526050e-11 
 2061       3.070494409666e-11 
 2062       3.068221342223e-11 
 2063       3.066119845412e-11 
 2064       3.064189437568e-11 
 2065       3.062429317678e-11 
 2066       3.060837414964e-11 
 2067       3.059411332556e-11 
 2068       3.058148662848e-11 
 2069       3.057046987487e-11 
 2070       3.056103877359e-11 
 2071       3.055316892573e-11 
 2072       3.054683582451e-11 
 2073       3.054201485514e-11 
 2074       3.053868129467e-11 
 2075       3.053681031184e-11 
 2076       3.053637696697e-11 
 2077       3.053735621184e-11 
 2078       3.053972288950e-11 
 2079       3.054345173417e-11 
 2080       3.054851737113e-11 
 2081       3.055489431651e-11 
 2082       3.056255697722e-11 
 2083       3.057147965080e-11 
 2084       3.058163652527e-11 
 2085       3.059300167899e-11 
 2086       3.060554908054e-11 
 2087       3.061925258859e-11 
 2088       3.063408595175e-11 
 2089       3.065002280842e-11 
 2090       3.066703668669e-11 
 2091       3.068510100419e-11 
 2092       3.070418906794e-11 
 2093       3.072427407422e-11 
 2094       3.074532910846e-11 
 2095       3.076732714506e-11 
 2096       3.079024104729e-11 
 2097       3.081404356713e-11 
 2098       3.083870734517e-11 
 2099       3.086420491043e-11 
 2100       3.089050868026e-11 
 2101       3.091759096016e-11 
 2102       3.094542394370e-11 
 2103       3.097397971236e-11 
 2104       3.100322998339e-11 
 2105       3.103314535183e-11 
 2106       3.106369604298e-11 
 2107       3.109485216372e-11 
 2108       3.112658370241e-11 
 2109       3.115886052873e-11 
 2110       3.119165239354e-11 
 2111       3.122492892873e-11 
 2112       3.125865964708e-11 
 2113       3.129281394214e-11 
 2114       3.132736108805e-11 
 2115       3.136227023941e-11 
 2116       3.139751043117e-11 
 2117       3.143305057843e-11 
 2118       3.146885947636e-11 
 2119       3.150490579998e-11 
 2120       3.154115810412e-11 
 2121       3.157758482317e-11 
 2122       3.161415427102e-11 
 2123       3.165083464087e-11 
 2124       3.168759400511e-11 
 2125       3.172440031515e-11 
 2126       3.176122140133e-11 
 2127       3.179802497272e-11 
 2128       3.183477861702e-11 
 2129       3.187144980038e-11 
 2130       3.190800586729e-11 
 2131       3.194441404042e-11 
 2132       3.198064142048e-11 
 2133       3.201665498610e-11 
 2134       3.205242159363e-11 
 2135       3.208790797707e-11 
 2136       3.212308074787e-11 
 2137       3.215790639481e-11 
 2138       3.219235128386e-11 
 2139       3.222638165805e-11 
 2140       3.225996363728e-11 
 2141       3.229306321824e-11 
 2142       3.232564627422e-11 
 2143       3.235768090266e-11 
 2144       3.238914448564e-11 
 2145       3.242001667732e-11 
 2146       3.245027706058e-11 
 2147       3.247990514696e-11 
 2148       3.250888037652e-11 
 2149       3.253718211781e-11 
 2150       3.256478966777e-11 
 2151       3.259168225166e-11 
 2152       3.261783902294e-11 
 2153       3.264323906325e-11 
 2154       3.266786138229e-11 
 2155       3.269168491772e-11 
 2156       3.271468853513e-11 
 2157       3.273685102793e-11 
 2158       3.275815111725e-11 
 2159       3.277856745192e-11 
 2160       3.279807860832e-11 
 2161       3.281666309032e-11 
 2162       3.283429932924e-11 
 2163       3.285096568369e-11 
 2164       3.286664043959e-11 
 2165       3.288130180997e-11 
 2166       3.289492793501e-11 
 2167       3.290749688187e-11 
 2168       3.291898664462e-11 
 2169       3.292937514423e-11 
 2170       3.293864022839e-11 
 2171       3.294675967150e-11 
 2172       3.295371117455e-11 
 2173       3.295947236506e-11 
 2174       3.296402079699e-11 
 2175       3.296733395067e-11 
 2176       3.296938923269e-11 
 2177       3.297016397585e-11 
 2178       3.296963543906e-11 
 2179       3.296778080727e-11 
 2180       3.296457719139e-11 
 2181       3.296000162819e-11 
 2182       3.295403452729e-11 
 2183       3.294667003750e-11 
 2184       3.293790574986e-11 
 2185       3.292773925692e-11 
 2186       3.291616815273e-11 
 2187       3.290319003282e-11 
 2188       3.288880249428e-11 
 2189       3.287300313569e-11 
 2190       3.285578955717e-11 
 2191       3.283715936036e-11 
 2192       3.281711014844e-11 
 2193       3.279563952615e-11 
 2194       3.277274509976e-11 
 2195       3.274842447710e-11 
 2196       3.272267526755e-11 
 2197       3.269549508207e-11 
 2198       3.266688153318e-11 
 2199       3.263683223498e-11 
 2200       3.260534480317e-11 
 2201       3.257241685500e-11 
 2202       3.253804600933e-11 
 2203       3.250222988664e-11 
 2204       3.246496610898e-11 
 2205       3.242625230004e-11 
 2206       3.238608608510e-11 
 2207       3.234446509107e-11 
 2208       3.230138694650e-11 
 2209       3.225684928155e-11 
 2210       3.221084972803e-11 
 2211       3.216338591939e-11 
 2212       3.211445549074e-11 
 2213       3.206405607884e-11 
 2214       3.201218532208e-11 
 2215       3.195884086057e-11 
 2216       3.190402033604e-11 
 2217       3.184772139193e-11 
 2218       3.178994167335e-11 
 2219       3.173067882710e-11 
 2220       3.166993050167e-11 
 2221       3.160769709198e-11 
 2222       3.154398999332e-11 
 2223       3.147882340181e-11 
 2224       3.141221157471e-11 
 2225       3.134416883048e-11 
 2226       3.127470954885e-11 
 2227       3.120384817089e-11 
 2228       3.113159919909e-11 
 2229       3.105797719744e-11 
 2230       3.098299679147e-11 
 2231       3.090667266836e-11 
 2232       3.082901957701e-11 
 2233       3.075005232806e-11 
 2234       3.066978579404e-11 
 2235       3.058823490939e-11 
 2236       3.050541467054e-11 
 2237       3.042134013598e-11 
 2238       3.033602642638e-11 
 2239       3.024948872457e-11 
 2240       3.016174227571e-11 
 2241       3.007280238728e-11 
 2242       2.998268442923e-11 
 2243       2.989140383398e-11 
 2244       2.979897609654e-11 
 2245       2.970541677456e-11 
 2246       2.961074148841e-11 
 2247       2.951496592126e-11 
 2248       2.941810581914e-11 
 2249       2.932017699100e-11 
 2250       2.922119530883e-11 
 2251       2.912117670767e-11 
 2252       2.902013718573e-11 
 2253       2.891809280444e-11 
 2254       2.881505968854e-11 
 2255       2.871105402612e-11 
 2256       2.860609206872e-11 
 2257       2.850019013142e-11 
 2258       2.839336459284e-11 
 2259       2.828563189529e-11 
 2260       2.817700943636e-11 
 2261       2.806751824990e-11 
 2262       2.795718034257e-11 
 2263       2.784601780394e-11 
 2264       2.773405280658e-11 
 2265       2.762130760615e-11 
 2266       2.750780454153e-11 
 2267       2.739356603487e-11 
 2268       2.727861459169e-11 
 2269       2.716297280101e-11 
 2270       2.704666333540e-11 
 2271       2.692970895108e-11 
 2272       2.681213248804e-11 
 2273       2.669395687012e-11 
 2274       2.657520510508e-11 
 2275       2.645590028472e-11 
 2276       2.633606558497e-11 
 2277       2.621572426598e-11 
 2278       2.609489967222e-11 
 2279       2.597361523254e-11 
 2280       2.585189446031e-11 
 2281       2.572976095349e-11 
 2282       2.560723839473e-11 
 2283       2.548435055144e-11 
 2284       2.536112127592e-11 
 2285       2.523757450542e-11 
 2286       2.511373426227e-11 
 2287       2.498962465394e-11 
 2288       2.486526987314e-11 
 2289       2.474069419793e-11 
 2290       2.461592199178e-11 
 2291       2.449097770371e-11 
 2292       2.436588586836e-11 
 2293       2.424067110605e-11 
 2294       2.411535812293e-11 
 2295       2.398997171105e-11 
 2296       2.386453674844e-11 
 2297       2.373907819921e-11 
 2298       2.361362111368e-11 
 2299       2.348818955122e-11 
 2300       2.336280334141e-11 
 2301       2.323748130250e-11 
 2302       2.311224231674e-11 
 2303       2.298710533049e-11 
 2304       2.286208935426e-11 
 2305       2.273721346283e-11 
 2306       2.261249679523e-11 
 2307       2.248795855491e-11 
 2308       2.236361800972e-11 
 2309       2.223949449205e-11 
 2310       2.211560739884e-11 
 2311       2.199197619170e-11 
 2312       2.186862039694e-11 
 2313       2.174555960565e-11 
 2314       2.162281347379e-11 
 2315       2.150040172223e-11 
 2316       2.137834413684e-11 
 2317       2.125666056852e-11 
 2318       2.113537093334e-11 
 2319       2.101449521254e-11 
 2320       2.089405345262e-11 
 2321       2.077406576544e-11 
 2322       2.065455232824e-11 
 2323       2.053553338375e-11 
 2324       2.041702924022e-11 
 2325       2.029906027152e-11 
 2326       2.018164691721e-11 
 2327       2.006480968258e-11 
 2328       1.994856913875e-11 
 2329       1.983294592270e-11 
 2330       1.971796073740e-11 
 2331       1.960363435181e-11 
 2332       1.948998760101e-11 
 2333       1.937704138621e-11 
 2334       1.926481667487e-11 
 2335       1.915333450074e-11 
 2336       1.904261596394e-11 
 2337       1.893268223103e-11 
 2338       1.882355229707e-11 
 2339       1.871523625650e-11 
 2340       1.860774199026e-11 
 2341       1.850107739998e-11 
 2342       1.839525040802e-11 
 2343       1.829026895747e-11 
 2344       1.818614101217e-11 
 2345       1.808287455674e-11 
 2346       1.798047759658e-11 
 2347       1.787895815793e-11 
 2348       1.777832428785e-11 
 2349       1.767858405424e-11 
 2350       1.757974554589e-11 
 2351       1.748181687248e-11 
 2352       1.738480616459e-11 
 2353       1.728872157375e-11 
 2354       1.719357127243e-11 
 2355       1.709936345407e-11 
 2356       1.700610633311e-11 
 2357       1.691380814499e-11 
 2358       1.682247714619e-11 
 2359       1.673212161424e-11 
 2360       1.664274984772e-11 
 2361       1.655437016634e-11 
 2362       1.646699091088e-11 
 2363       1.638062044327e-11 
 2364       1.629526714657e-11 
 2365       1.621093942504e-11 
 2366       1.612764570410e-11 
 2367       1.604539443038e-11 
 2368       1.596419407176e-11 
 2369       1.588405311734e-11 
 2370       1.580498007751e-11 
 2371       1.572698348392e-11 
 2372       1.565007188956e-11 
 2373       1.557425386871e-11 
 2374       1.549953801703e-11 
 2375       1.542593295152e-11 
 2376       1.535344731058e-11 
 2377       1.528208760482e-11 
 2378       1.521185175505e-11 
 2379       1.514273551453e-11 
 2380       1.507473461454e-11 
 2381       1.500784476431e-11 
 2382       1.494206165102e-11 
 2383       1.487738093980e-11 
 2384       1.481379827365e-11 
 2385       1.475130927344e-11 
 2386       1.468990953790e-11 
 2387       1.462959464358e-11 
 2388       1.457036014481e-11 
 2389       1.451220157370e-11 
 2390       1.445511444008e-11 
 2391       1.439909423152e-11 
 2392       1.434413641327e-11 
 2393       1.429023642824e-11 
 2394       1.423738969699e-11 
 2395       1.418559161767e-11 
 2396       1.413483756603e-11 
 2397       1.408512289539e-11 
 2398       1.403644293658e-11 
 2399       1.398879299796e-11 
 2400       1.394216836535e-11 
 2401       1.389656430205e-11 
 2402       1.385197604878e-11 
 2403       1.380839882366e-11 
 2404       1.376582782219e-11 
 2405       1.372425821723e-11 
 2406       1.368368515895e-11 
 2407       1.364410377485e-11 
 2408       1.360550916967e-11 
 2409       1.356789642543e-11 
 2410       1.353126060135e-11 
 2411       1.349559673385e-11 
 2412       1.346089983655e-11 
 2413       1.342716490017e-11 
 2414       1.339438689258e-11 
 2415       1.336256075873e-11 
 2416       1.333168029836e-11 
 2417       1.330173479161e-11 
 2418       1.327271235293e-11 
 2419       1.324460105140e-11 
 2420       1.321738891071e-11 
 2421       1.319106390913e-11 
 2422       1.316561397945e-11 
 2423       1.314102700889e-11 
 2424       1.311729083911e-11 
 2425       1.309439326614e-11 
 2426       1.307232204032e-11 
 2427       1.305106486624e-11 
 2428       1.303060940275e-11 
 2429       1.301094326283e-11 
 2430       1.299205401361e-11 
 2431       1.297392917628e-11 
 2432       1.295655622604e-11 
 2433       1.293992259210e-11 
 2434       1.292401565757e-11 
 2435       1.290882275943e-11 
 2436       1.289433118851e-11 
 2437       1.288052818940e-11 
 2438       1.286740096044e-11 
 2439       1.285493665362e-11 
 2440       1.284312237459e-11 
 2441       1.283194518257e-11 
 2442       1.282139209032e-11 
 2443       1.281145006408e-11 
 2444       1.280210602351e-11 
 2445       1.279334684170e-11 
 2446       1.278515934502e-11 
 2447       1.277753031319e-11 
 2448       1.277044647912e-11 
 2449       1.276389452893e-11 
 2450       1.275786110189e-11 
 2451       1.275233279035e-11 
 2452       1.274729613972e-11 
 2453       1.274273764837e-11 
 2454       1.273864376766e-11 
 2455       1.273500096323e-11 
 2456       1.273179589960e-11 
 2457       1.272901525660e-11 
 2458       1.272664566803e-11 
 2459       1.272467372156e-11 
 2460       1.272308595876e-11 
 2461       1.272186887497e-11 
 2462       1.272100891930e-11 
 2463       1.272049249460e-11 
 2464       1.272030595736e-11 
 2465       1.272043561769e-11 
 2466       1.272086773928e-11 
 2467       1.272158853934e-11 
 2468       1.272258418854e-11 
 2469       1.272384081100e-11 
 2470       1.272534448420e-11 
 2471       1.272708123897e-11 
 2472       1.272903705942e-11 
 2473       1.273119788287e-11 
 2474       1.273354959986e-11 
 2475       1.273607805405e-11 
 2476       1.273876904221e-11 
 2477       1.274160831415e-11 
 2478       1.274458157267e-11 
 2479       1.274767447351e-11 
 2480       1.275087262535e-11 
 2481       1.275416158967e-11 
 2482       1.275752688081e-11 
 2483       1.276095396582e-11 
 2484       1.276442826451e-11 
 2485       1.276793514930e-11 
 2486       1.277145994528e-11 
 2487       1.277498793005e-11 
 2488       1.277850433378e-11 
 2489       1.278199433909e-11 
 2490       1.278544308101e-11 
 2491       1.278883564697e-11 
 2492       1.279215707673e-11 
 2493       1.279539236230e-11 
 2494       1.279853525492e-11 
 2495       1.280161474233e-11 
 2496       1.280466872679e-11 
 2497       1.280773523244e-11 
 2498       1.281085240533e-11 
 2499       1.281405851360e-11 
 2500       1.281739194757e-11 
