# dimensionless total [l(l+1)/2pi] C_l's
# for l=2 to 2500, i.e. number of multipoles equal to 2499
#
# -> if you prefer output in CAMB/HealPix/LensPix units/order, set 'format' to 'camb' in input file
# -> if you don't want to see such a header, set 'headers' to 'no' in input file
#
# 1:l     2:TT                 
    2       2.007992809406e-06 
    3       1.752828048284e-07 
    4       1.573420220538e-08 
    5       2.572139596738e-09 
    6       1.661352090311e-09 
    7       1.523408803837e-09 
    8       1.432803319578e-09 
    9       1.352737180688e-09 
   10       1.280436775946e-09 
   11       1.214760834157e-09 
   12       1.154696038717e-09 
   13       1.099565170229e-09 
   14       1.048788421681e-09 
   15       1.001800150939e-09 
   16       9.581713220101e-10 
   17       9.176370128580e-10 
   18       8.795664902727e-10 
   19       8.445143266903e-10 
   20       8.115192221255e-10 
   21       7.805612959525e-10 
   22       7.514404726037e-10 
   23       7.241719824580e-10 
   24       6.985048797073e-10 
   25       6.743643716541e-10 
   26       6.515313173413e-10 
   27       6.300886119180e-10 
   28       6.099749669427e-10 
   29       5.909236653137e-10 
   30       5.729649989782e-10 
   31       5.560753040844e-10 
   32       5.401050324375e-10 
   33       5.250592171778e-10 
   34       5.108915606145e-10 
   35       4.974816638710e-10 
   36       4.848589141111e-10 
   37       4.730383781959e-10 
   38       4.619508152209e-10 
   39       4.514842010942e-10 
   40       4.416457003056e-10 
   41       4.324409071333e-10 
   42       4.238242019476e-10 
   43       4.157267649767e-10 
   44       4.081619627647e-10 
   45       4.011450608551e-10 
   46       3.946610013295e-10 
   47       3.886618674608e-10 
   48       3.830874773372e-10 
   49       3.779399450764e-10 
   50       3.732257814962e-10 
   51       3.689332782605e-10 
   52       3.650311525834e-10 
   53       3.614820176577e-10 
   54       3.582899802246e-10 
   55       3.554629202915e-10 
   56       3.529980195751e-10 
   57       3.508810278290e-10 
   58       3.490855291710e-10 
   59       3.475821725831e-10 
   60       3.463705329064e-10 
   61       3.454533654055e-10 
   62       3.448269043401e-10 
   63       3.444804670608e-10 
   64       3.443960581056e-10 
   65       3.445544282135e-10 
   66       3.449556320800e-10 
   67       3.456021295278e-10 
   68       3.464925034397e-10 
   69       3.476212444106e-10 
   70       3.489785354018e-10 
   71       3.505500363931e-10 
   72       3.523211425573e-10 
   73       3.542911835923e-10 
   74       3.564615734744e-10 
   75       3.588314671474e-10 
   76       3.613976473113e-10 
   77       3.641544112101e-10 
   78       3.670934574202e-10 
   79       3.702037726389e-10 
   80       3.734745501186e-10 
   81       3.769047777243e-10 
   82       3.804951161217e-10 
   83       3.842449588368e-10 
   84       3.881523751848e-10 
   85       3.922140532003e-10 
   86       3.964252425676e-10 
   87       4.007796975495e-10 
   88       4.052696199183e-10 
   89       4.098875098152e-10 
   90       4.146321754706e-10 
   91       4.195035654529e-10 
   92       4.245009165714e-10 
   93       4.296227253895e-10 
   94       4.348667197379e-10 
   95       4.402298302274e-10 
   96       4.457081617621e-10 
   97       4.512969650525e-10 
   98       4.569906081286e-10 
   99       4.627837266334e-10 
  100       4.686749221880e-10 
  101       4.746635373849e-10 
  102       4.807485097220e-10 
  103       4.869283574035e-10 
  104       4.932011651417e-10 
  105       4.995645699580e-10 
  106       5.060157469846e-10 
  107       5.125513952650e-10 
  108       5.191677235565e-10 
  109       5.258604361304e-10 
  110       5.326254837914e-10 
  111       5.394614566360e-10 
  112       5.463674723674e-10 
  113       5.533424318507e-10 
  114       5.603850124347e-10 
  115       5.674936612732e-10 
  116       5.746665886476e-10 
  117       5.819017612882e-10 
  118       5.891968956967e-10 
  119       5.965494514675e-10 
  120       6.039566246098e-10 
  121       6.114153408696e-10 
  122       6.189222490514e-10 
  123       6.264741802534e-10 
  124       6.340695995349e-10 
  125       6.417073092104e-10 
  126       6.493859948921e-10 
  127       6.571042224777e-10 
  128       6.648604351380e-10 
  129       6.726529503046e-10 
  130       6.804799566571e-10 
  131       6.883395111113e-10 
  132       6.962295358063e-10 
  133       7.041478150924e-10 
  134       7.120919925186e-10 
  135       7.200595678200e-10 
  136       7.280478939058e-10 
  137       7.360544438513e-10 
  138       7.440776494323e-10 
  139       7.521161440536e-10 
  140       7.601684992440e-10 
  141       7.682332233573e-10 
  142       7.763087602738e-10 
  143       7.843934881015e-10 
  144       7.924857178780e-10 
  145       8.005836922709e-10 
  146       8.086855842804e-10 
  147       8.167894959397e-10 
  148       8.248934570167e-10 
  149       8.329954237155e-10 
  150       8.410932773777e-10 
  151       8.491848231836e-10 
  152       8.572677888540e-10 
  153       8.653399892390e-10 
  154       8.733998400323e-10 
  155       8.814458895466e-10 
  156       8.894766566663e-10 
  157       8.974906303941e-10 
  158       9.054862693969e-10 
  159       9.134620015522e-10 
  160       9.214162234942e-10 
  161       9.293473001601e-10 
  162       9.372535643366e-10 
  163       9.451333162057e-10 
  164       9.529848228911e-10 
  165       9.608063180044e-10 
  166       9.685960011917e-10 
  167       9.763520376792e-10 
  168       9.840725578199e-10 
  169       9.917556566396e-10 
  170       9.993993933833e-10 
  171       1.007001892120e-09 
  172       1.014561653920e-09 
  173       1.022077269960e-09 
  174       1.029547322764e-09 
  175       1.036970386163e-09 
  176       1.044345025255e-09 
  177       1.051669796363e-09 
  178       1.058943246989e-09 
  179       1.066163915781e-09 
  180       1.073330332483e-09 
  181       1.080441017901e-09 
  182       1.087494483856e-09 
  183       1.094489233143e-09 
  184       1.101423759495e-09 
  185       1.108296547535e-09 
  186       1.115106072737e-09 
  187       1.121850801386e-09 
  188       1.128529190536e-09 
  189       1.135139687965e-09 
  190       1.141680732140e-09 
  191       1.148150811602e-09 
  192       1.154548648206e-09 
  193       1.160873027581e-09 
  194       1.167122741083e-09 
  195       1.173296585949e-09 
  196       1.179393365450e-09 
  197       1.185411889045e-09 
  198       1.191350972531e-09 
  199       1.197209438200e-09 
  200       1.202986114990e-09 
  201       1.208679838636e-09 
  202       1.214289451827e-09 
  203       1.219813804357e-09 
  204       1.225251753279e-09 
  205       1.230602163055e-09 
  206       1.235863905712e-09 
  207       1.241035860997e-09 
  208       1.246116916523e-09 
  209       1.251105967930e-09 
  210       1.256001919032e-09 
  211       1.260803681973e-09 
  212       1.265510177381e-09 
  213       1.270120367153e-09 
  214       1.274633354970e-09 
  215       1.279048292871e-09 
  216       1.283364349462e-09 
  217       1.287580710160e-09 
  218       1.291696577428e-09 
  219       1.295711171015e-09 
  220       1.299623728197e-09 
  221       1.303433504011e-09 
  222       1.307139771499e-09 
  223       1.310741821945e-09 
  224       1.314238965114e-09 
  225       1.317630529490e-09 
  226       1.320915862516e-09 
  227       1.324094330834e-09 
  228       1.327165320522e-09 
  229       1.330128237332e-09 
  230       1.332982506934e-09 
  231       1.335727575148e-09 
  232       1.338362908189e-09 
  233       1.340887992903e-09 
  234       1.343302337006e-09 
  235       1.345605469323e-09 
  236       1.347796940028e-09 
  237       1.349876320881e-09 
  238       1.351843214799e-09 
  239       1.353697284706e-09 
  240       1.355438226891e-09 
  241       1.357065762096e-09 
  242       1.358579635774e-09 
  243       1.359979618347e-09 
  244       1.361265505464e-09 
  245       1.362437118262e-09 
  246       1.363494303623e-09 
  247       1.364436934431e-09 
  248       1.365264909835e-09 
  249       1.365978155503e-09 
  250       1.366576623883e-09 
  251       1.367060294462e-09 
  252       1.367429174024e-09 
  253       1.367683296908e-09 
  254       1.367822725267e-09 
  255       1.367847549328e-09 
  256       1.367757887647e-09 
  257       1.367553887373e-09 
  258       1.367235724501e-09 
  259       1.366803604135e-09 
  260       1.366257760745e-09 
  261       1.365598458425e-09 
  262       1.364825991152e-09 
  263       1.363940683045e-09 
  264       1.362942888623e-09 
  265       1.361832993066e-09 
  266       1.360611389003e-09 
  267       1.359278404972e-09 
  268       1.357834373577e-09 
  269       1.356279654830e-09 
  270       1.354614636363e-09 
  271       1.352839733651e-09 
  272       1.350955390228e-09 
  273       1.348962077910e-09 
  274       1.346860297011e-09 
  275       1.344650576561e-09 
  276       1.342333474528e-09 
  277       1.339909578037e-09 
  278       1.337379503584e-09 
  279       1.334743897262e-09 
  280       1.332003434974e-09 
  281       1.329158822657e-09 
  282       1.326210796496e-09 
  283       1.323160123148e-09 
  284       1.320007599956e-09 
  285       1.316754055171e-09 
  286       1.313400348172e-09 
  287       1.309947369683e-09 
  288       1.306396041990e-09 
  289       1.302747319165e-09 
  290       1.299002187282e-09 
  291       1.295161664635e-09 
  292       1.291226801959e-09 
  293       1.287198682649e-09 
  294       1.283078422977e-09 
  295       1.278867172314e-09 
  296       1.274566113344e-09 
  297       1.270176400776e-09 
  298       1.265698973701e-09 
  299       1.261134734517e-09 
  300       1.256484609760e-09 
  301       1.251749550231e-09 
  302       1.246930531138e-09 
  303       1.242028552228e-09 
  304       1.237044637926e-09 
  305       1.231979837468e-09 
  306       1.226835225036e-09 
  307       1.221611899895e-09 
  308       1.216310986530e-09 
  309       1.210933634777e-09 
  310       1.205481019965e-09 
  311       1.199954343045e-09 
  312       1.194354830730e-09 
  313       1.188683735630e-09 
  314       1.182942336384e-09 
  315       1.177131937802e-09 
  316       1.171253870994e-09 
  317       1.165309493509e-09 
  318       1.159300189472e-09 
  319       1.153227369717e-09 
  320       1.147092471920e-09 
  321       1.140896960743e-09 
  322       1.134642327960e-09 
  323       1.128330092599e-09 
  324       1.121961801076e-09 
  325       1.115539027330e-09 
  326       1.109063372956e-09 
  327       1.102536467347e-09 
  328       1.095959967824e-09 
  329       1.089335559774e-09 
  330       1.082664956783e-09 
  331       1.075949900777e-09 
  332       1.069192060275e-09 
  333       1.062392719985e-09 
  334       1.055553077929e-09 
  335       1.048674346127e-09 
  336       1.041757750614e-09 
  337       1.034804531474e-09 
  338       1.027815942859e-09 
  339       1.020793253017e-09 
  340       1.013737744313e-09 
  341       1.006650713260e-09 
  342       9.995334705387e-10 
  343       9.923873410264e-10 
  344       9.852136638188e-10 
  345       9.780137922569e-10 
  346       9.707890939515e-10 
  347       9.635409508081e-10 
  348       9.562707590522e-10 
  349       9.489799292539e-10 
  350       9.416698863531e-10 
  351       9.343420696846e-10 
  352       9.269979330028e-10 
  353       9.196389445072e-10 
  354       9.122665868667e-10 
  355       9.048823572452e-10 
  356       8.974877673263e-10 
  357       8.900843433384e-10 
  358       8.826736260796e-10 
  359       8.752571709429e-10 
  360       8.678365479408e-10 
  361       8.604133417309e-10 
  362       8.529891516402e-10 
  363       8.455655916906e-10 
  364       8.381442906239e-10 
  365       8.307268919264e-10 
  366       8.233150538541e-10 
  367       8.159104494581e-10 
  368       8.085147666088e-10 
  369       8.011297080215e-10 
  370       7.937569912813e-10 
  371       7.863982365935e-10 
  372       7.790546251435e-10 
  373       7.717272274272e-10 
  374       7.644171142479e-10 
  375       7.571253566428e-10 
  376       7.498530258111e-10 
  377       7.426011930411e-10 
  378       7.353709296373e-10 
  379       7.281633068484e-10 
  380       7.209793957941e-10 
  381       7.138202673928e-10 
  382       7.066869922887e-10 
  383       6.995806407795e-10 
  384       6.925022827436e-10 
  385       6.854529875675e-10 
  386       6.784338240731e-10 
  387       6.714458604452e-10 
  388       6.644901641587e-10 
  389       6.575678019064e-10 
  390       6.506798395258e-10 
  391       6.438273419268e-10 
  392       6.370113730191e-10 
  393       6.302329956393e-10 
  394       6.234932714788e-10 
  395       6.167932610105e-10 
  396       6.101340234168e-10 
  397       6.035166165165e-10 
  398       5.969420966925e-10 
  399       5.904115188190e-10 
  400       5.839259361889e-10 
  401       5.774864004412e-10 
  402       5.710939614885e-10 
  403       5.647496674441e-10 
  404       5.584545645495e-10 
  405       5.522096971019e-10 
  406       5.460161073815e-10 
  407       5.398748355788e-10 
  408       5.337869197219e-10 
  409       5.277533956043e-10 
  410       5.217752233364e-10 
  411       5.158530642840e-10 
  412       5.099874960872e-10 
  413       5.041790851969e-10 
  414       4.984283867505e-10 
  415       4.927359444468e-10 
  416       4.871022904212e-10 
  417       4.815279451205e-10 
  418       4.760134171786e-10 
  419       4.705592032911e-10 
  420       4.651657880908e-10 
  421       4.598336440226e-10 
  422       4.545632312185e-10 
  423       4.493549973731e-10 
  424       4.442093776186e-10 
  425       4.391267943996e-10 
  426       4.341076573486e-10 
  427       4.291523631611e-10 
  428       4.242612954703e-10 
  429       4.194348247230e-10 
  430       4.146733080538e-10 
  431       4.099770891609e-10 
  432       4.053464981811e-10 
  433       4.007818515647e-10 
  434       3.962834519508e-10 
  435       3.918515880423e-10 
  436       3.874865344812e-10 
  437       3.831885517235e-10 
  438       3.789578859147e-10 
  439       3.747947687644e-10 
  440       3.706994174218e-10 
  441       3.666720343506e-10 
  442       3.627128072046e-10 
  443       3.588219087019e-10 
  444       3.549994965011e-10 
  445       3.512457130756e-10 
  446       3.475606855892e-10 
  447       3.439445257709e-10 
  448       3.403973297902e-10 
  449       3.369191666177e-10 
  450       3.335100429451e-10 
  451       3.301699368840e-10 
  452       3.268988092464e-10 
  453       3.236966034129e-10 
  454       3.205632452012e-10 
  455       3.174986427341e-10 
  456       3.145026863082e-10 
  457       3.115752482617e-10 
  458       3.087161828431e-10 
  459       3.059253260793e-10 
  460       3.032024956438e-10 
  461       3.005474907250e-10 
  462       2.979600918948e-10 
  463       2.954400609765e-10 
  464       2.929871409132e-10 
  465       2.906010556362e-10 
  466       2.882815099331e-10 
  467       2.860281893164e-10 
  468       2.838407598913e-10 
  469       2.817188682243e-10 
  470       2.796621412117e-10 
  471       2.776701859472e-10 
  472       2.757425895908e-10 
  473       2.738789192371e-10 
  474       2.720787217831e-10 
  475       2.703415237968e-10 
  476       2.686668313855e-10 
  477       2.670541300639e-10 
  478       2.655028846227e-10 
  479       2.640125389966e-10 
  480       2.625825161326e-10 
  481       2.612122178585e-10 
  482       2.599010247510e-10 
  483       2.586482960039e-10 
  484       2.574533692968e-10 
  485       2.563155606627e-10 
  486       2.552341643570e-10 
  487       2.542084527254e-10 
  488       2.532377338709e-10 
  489       2.523215268136e-10 
  490       2.514593912918e-10 
  491       2.506508703333e-10 
  492       2.498954901525e-10 
  493       2.491927600478e-10 
  494       2.485421722991e-10 
  495       2.479432020646e-10 
  496       2.473953072791e-10 
  497       2.468979285505e-10 
  498       2.464504890576e-10 
  499       2.460523944470e-10 
  500       2.457030327313e-10 
  501       2.454017741854e-10 
  502       2.451479712446e-10 
  503       2.449409584016e-10 
  504       2.447800521042e-10 
  505       2.446645506522e-10 
  506       2.445937340948e-10 
  507       2.445668641285e-10 
  508       2.445831839937e-10 
  509       2.446419183727e-10 
  510       2.447422732864e-10 
  511       2.448834359923e-10 
  512       2.450645748815e-10 
  513       2.452848393759e-10 
  514       2.455433598261e-10 
  515       2.458392474080e-10 
  516       2.461715940208e-10 
  517       2.465394721841e-10 
  518       2.469419349351e-10 
  519       2.473780157262e-10 
  520       2.478467283223e-10 
  521       2.483470666979e-10 
  522       2.488780049348e-10 
  523       2.494384971193e-10 
  524       2.500274772394e-10 
  525       2.506438590824e-10 
  526       2.512865361322e-10 
  527       2.519544853958e-10 
  528       2.526470822446e-10 
  529       2.533637940653e-10 
  530       2.541040770594e-10 
  531       2.548673761852e-10 
  532       2.556531251002e-10 
  533       2.564607461030e-10 
  534       2.572896500758e-10 
  535       2.581392364262e-10 
  536       2.590088930298e-10 
  537       2.598979961719e-10 
  538       2.608059104901e-10 
  539       2.617319889160e-10 
  540       2.626755726178e-10 
  541       2.636359909424e-10 
  542       2.646125613573e-10 
  543       2.656045893931e-10 
  544       2.666113685853e-10 
  545       2.676321804169e-10 
  546       2.686662942603e-10 
  547       2.697129673194e-10 
  548       2.707714445720e-10 
  549       2.718409587120e-10 
  550       2.729207300911e-10 
  551       2.740099666616e-10 
  552       2.751078639181e-10 
  553       2.762136048399e-10 
  554       2.773263598332e-10 
  555       2.784452866729e-10 
  556       2.795695304454e-10 
  557       2.806982234903e-10 
  558       2.818304853424e-10 
  559       2.829654226747e-10 
  560       2.841021292395e-10 
  561       2.852396858115e-10 
  562       2.863771601293e-10 
  563       2.875136068380e-10 
  564       2.886480674311e-10 
  565       2.897795701928e-10 
  566       2.909072425772e-10 
  567       2.920306516397e-10 
  568       2.931494722496e-10 
  569       2.942633754295e-10 
  570       2.953720283400e-10 
  571       2.964750942633e-10 
  572       2.975722325880e-10 
  573       2.986630987930e-10 
  574       2.997473444318e-10 
  575       3.008246171164e-10 
  576       3.018945605022e-10 
  577       3.029568142716e-10 
  578       3.040110141183e-10 
  579       3.050567917320e-10 
  580       3.060937747818e-10 
  581       3.071215869011e-10 
  582       3.081398476716e-10 
  583       3.091481726074e-10 
  584       3.101461731392e-10 
  585       3.111334565988e-10 
  586       3.121096262030e-10 
  587       3.130742810379e-10 
  588       3.140270160433e-10 
  589       3.149674219964e-10 
  590       3.158950854968e-10 
  591       3.168095889501e-10 
  592       3.177105105521e-10 
  593       3.185974242735e-10 
  594       3.194698998437e-10 
  595       3.203275027350e-10 
  596       3.211697941471e-10 
  597       3.219963309912e-10 
  598       3.228066658739e-10 
  599       3.236003470819e-10 
  600       3.243769185660e-10 
  601       3.251359199251e-10 
  602       3.258768863909e-10 
  603       3.265993488116e-10 
  604       3.273028336363e-10 
  605       3.279869446831e-10 
  606       3.286516106367e-10 
  607       3.292968434788e-10 
  608       3.299226572553e-10 
  609       3.305290680868e-10 
  610       3.311160941796e-10 
  611       3.316837558370e-10 
  612       3.322320754701e-10 
  613       3.327610776086e-10 
  614       3.332707889123e-10 
  615       3.337612381814e-10 
  616       3.342324563680e-10 
  617       3.346844765869e-10 
  618       3.351173341265e-10 
  619       3.355310664600e-10 
  620       3.359257132562e-10 
  621       3.363013163903e-10 
  622       3.366579199555e-10 
  623       3.369955702734e-10 
  624       3.373143159050e-10 
  625       3.376142076621e-10 
  626       3.378952986180e-10 
  627       3.381576441184e-10 
  628       3.384013017925e-10 
  629       3.386263315641e-10 
  630       3.388327956623e-10 
  631       3.390207586327e-10 
  632       3.391902873483e-10 
  633       3.393414510206e-10 
  634       3.394743212102e-10 
  635       3.395889718385e-10 
  636       3.396854791977e-10 
  637       3.397639219627e-10 
  638       3.398243812016e-10 
  639       3.398669403868e-10 
  640       3.398916854058e-10 
  641       3.398987045724e-10 
  642       3.398880886379e-10 
  643       3.398599308014e-10 
  644       3.398143561460e-10 
  645       3.397516106539e-10 
  646       3.396719742277e-10 
  647       3.395757314666e-10 
  648       3.394631716867e-10 
  649       3.393345889404e-10 
  650       3.391902820353e-10 
  651       3.390305545543e-10 
  652       3.388557148750e-10 
  653       3.386660761887e-10 
  654       3.384619565206e-10 
  655       3.382436787485e-10 
  656       3.380115706231e-10 
  657       3.377659647867e-10 
  658       3.375071987933e-10 
  659       3.372356151277e-10 
  660       3.369515612252e-10 
  661       3.366553894909e-10 
  662       3.363474573194e-10 
  663       3.360281271139e-10 
  664       3.356977663063e-10 
  665       3.353567473759e-10 
  666       3.350054478697e-10 
  667       3.346442504212e-10 
  668       3.342735427703e-10 
  669       3.338937177825e-10 
  670       3.335051734686e-10 
  671       3.331083130042e-10 
  672       3.327035447490e-10 
  673       3.322912822663e-10 
  674       3.318719443426e-10 
  675       3.314459550070e-10 
  676       3.310137435508e-10 
  677       3.305757445467e-10 
  678       3.301323978687e-10 
  679       3.296841487112e-10 
  680       3.292314476087e-10 
  681       3.287747504551e-10 
  682       3.283145185234e-10 
  683       3.278511960586e-10 
  684       3.273851424925e-10 
  685       3.269166988204e-10 
  686       3.264462099104e-10 
  687       3.259740245171e-10 
  688       3.255004952955e-10 
  689       3.250259788141e-10 
  690       3.245508355694e-10 
  691       3.240754299992e-10 
  692       3.236001304962e-10 
  693       3.231253094221e-10 
  694       3.226513431210e-10 
  695       3.221786119335e-10 
  696       3.217075002097e-10 
  697       3.212383963239e-10 
  698       3.207716926874e-10 
  699       3.203077857629e-10 
  700       3.198470760778e-10 
  701       3.193899682381e-10 
  702       3.189368709421e-10 
  703       3.184881969941e-10 
  704       3.180443633182e-10 
  705       3.176057909719e-10 
  706       3.171729051597e-10 
  707       3.167461352474e-10 
  708       3.163259147750e-10 
  709       3.159126814711e-10 
  710       3.155068772661e-10 
  711       3.151089483065e-10 
  712       3.147193449680e-10 
  713       3.143385218697e-10 
  714       3.139669378876e-10 
  715       3.136050561683e-10 
  716       3.132533441427e-10 
  717       3.129122735401e-10 
  718       3.125823204012e-10 
  719       3.122639650927e-10 
  720       3.119576923201e-10 
  721       3.116639911421e-10 
  722       3.113833030286e-10 
  723       3.111158648561e-10 
  724       3.108618627678e-10 
  725       3.106214838442e-10 
  726       3.103949161045e-10 
  727       3.101823485084e-10 
  728       3.099839709581e-10 
  729       3.097999742998e-10 
  730       3.096305503257e-10 
  731       3.094758917757e-10 
  732       3.093361923391e-10 
  733       3.092116466564e-10 
  734       3.091024503214e-10 
  735       3.090087998823e-10 
  736       3.089308928442e-10 
  737       3.088689276703e-10 
  738       3.088231037841e-10 
  739       3.087936215709e-10 
  740       3.087806823797e-10 
  741       3.087844885251e-10 
  742       3.088052432887e-10 
  743       3.088431509213e-10 
  744       3.088984166444e-10 
  745       3.089712466520e-10 
  746       3.090618481125e-10 
  747       3.091704291705e-10 
  748       3.092971989485e-10 
  749       3.094423675485e-10 
  750       3.096061460541e-10 
  751       3.097887465319e-10 
  752       3.099903820339e-10 
  753       3.102112665986e-10 
  754       3.104516152531e-10 
  755       3.107116440147e-10 
  756       3.109915698931e-10 
  757       3.112916108917e-10 
  758       3.116119860096e-10 
  759       3.119529152434e-10 
  760       3.123146195887e-10 
  761       3.126972709201e-10 
  762       3.131008405724e-10 
  763       3.135252478598e-10 
  764       3.139704099271e-10 
  765       3.144362417407e-10 
  766       3.149226560802e-10 
  767       3.154295635298e-10 
  768       3.159568724697e-10 
  769       3.165044890674e-10 
  770       3.170723172691e-10 
  771       3.176602587913e-10 
  772       3.182682131122e-10 
  773       3.188960774627e-10 
  774       3.195437468184e-10 
  775       3.202111138904e-10 
  776       3.208980691172e-10 
  777       3.216045006558e-10 
  778       3.223302943735e-10 
  779       3.230753338385e-10 
  780       3.238395003123e-10 
  781       3.246226727404e-10 
  782       3.254247277440e-10 
  783       3.262455396113e-10 
  784       3.270849802889e-10 
  785       3.279429193733e-10 
  786       3.288192241024e-10 
  787       3.297137593464e-10 
  788       3.306263875999e-10 
  789       3.315569689727e-10 
  790       3.325053611818e-10 
  791       3.334714195421e-10 
  792       3.344549969584e-10 
  793       3.354559439166e-10 
  794       3.364741084749e-10 
  795       3.375093362555e-10 
  796       3.385614704361e-10 
  797       3.396303517407e-10 
  798       3.407158184317e-10 
  799       3.418177063009e-10 
  800       3.429358256830e-10 
  801       3.440698920537e-10 
  802       3.452195941486e-10 
  803       3.463846168137e-10 
  804       3.475646409926e-10 
  805       3.487593437134e-10 
  806       3.499683980761e-10 
  807       3.511914732394e-10 
  808       3.524282344081e-10 
  809       3.536783428198e-10 
  810       3.549414557324e-10 
  811       3.562172264110e-10 
  812       3.575053041151e-10 
  813       3.588053340854e-10 
  814       3.601169575315e-10 
  815       3.614398116184e-10 
  816       3.627735294540e-10 
  817       3.641177400757e-10 
  818       3.654720684384e-10 
  819       3.668361354006e-10 
  820       3.682095577122e-10 
  821       3.695919480012e-10 
  822       3.709829147610e-10 
  823       3.723820623376e-10 
  824       3.737889909163e-10 
  825       3.752032965093e-10 
  826       3.766245709425e-10 
  827       3.780524018424e-10 
  828       3.794863726239e-10 
  829       3.809260624768e-10 
  830       3.823710463528e-10 
  831       3.838208949533e-10 
  832       3.852751747157e-10 
  833       3.867334478012e-10 
  834       3.881952720814e-10 
  835       3.896602011255e-10 
  836       3.911277841876e-10 
  837       3.925975661937e-10 
  838       3.940690877286e-10 
  839       3.955418991989e-10 
  840       3.970156036160e-10 
  841       3.984898145316e-10 
  842       3.999641419190e-10 
  843       4.014381921631e-10 
  844       4.029115680491e-10 
  845       4.043838687531e-10 
  846       4.058546898304e-10 
  847       4.073236232061e-10 
  848       4.087902571639e-10 
  849       4.102541763359e-10 
  850       4.117149616922e-10 
  851       4.131721905302e-10 
  852       4.146254364641e-10 
  853       4.160742694147e-10 
  854       4.175182555986e-10 
  855       4.189569575180e-10 
  856       4.203899339500e-10 
  857       4.218167399362e-10 
  858       4.232369267720e-10 
  859       4.246500419967e-10 
  860       4.260556293822e-10 
  861       4.274532289233e-10 
  862       4.288423768267e-10 
  863       4.302226055007e-10 
  864       4.315934435447e-10 
  865       4.329544157386e-10 
  866       4.343050430326e-10 
  867       4.356448425364e-10 
  868       4.369733275090e-10 
  869       4.382900073478e-10 
  870       4.395943875787e-10 
  871       4.408859698450e-10 
  872       4.421642518975e-10 
  873       4.434287275834e-10 
  874       4.446788868366e-10 
  875       4.459142156662e-10 
  876       4.471341961471e-10 
  877       4.483383064086e-10 
  878       4.495260630367e-10 
  879       4.506971490733e-10 
  880       4.518512881239e-10 
  881       4.529882021351e-10 
  882       4.541076113902e-10 
  883       4.552092345056e-10 
  884       4.562927884265e-10 
  885       4.573579884236e-10 
  886       4.584045480887e-10 
  887       4.594321793311e-10 
  888       4.604405923735e-10 
  889       4.614294957485e-10 
  890       4.623985962941e-10 
  891       4.633475991503e-10 
  892       4.642762077550e-10 
  893       4.651841238404e-10 
  894       4.660710474285e-10 
  895       4.669366768279e-10 
  896       4.677807086294e-10 
  897       4.686028377025e-10 
  898       4.694027571910e-10 
  899       4.701801585098e-10 
  900       4.709347313403e-10 
  901       4.716661636271e-10 
  902       4.723741415737e-10 
  903       4.730583496389e-10 
  904       4.737184705326e-10 
  905       4.743541852122e-10 
  906       4.749651728786e-10 
  907       4.755511109722e-10 
  908       4.761116751693e-10 
  909       4.766465393778e-10 
  910       4.771553757338e-10 
  911       4.776378545971e-10 
  912       4.780936445479e-10 
  913       4.785224123827e-10 
  914       4.789238231102e-10 
  915       4.792975399477e-10 
  916       4.796432243170e-10 
  917       4.799605857481e-10 
  918       4.802495324688e-10 
  919       4.805100232049e-10 
  920       4.807420174936e-10 
  921       4.809454756870e-10 
  922       4.811203589547e-10 
  923       4.812666292874e-10 
  924       4.813842495004e-10 
  925       4.814731832360e-10 
  926       4.815333949676e-10 
  927       4.815648500024e-10 
  928       4.815675144849e-10 
  929       4.815413553998e-10 
  930       4.814863405756e-10 
  931       4.814024386874e-10 
  932       4.812896192608e-10 
  933       4.811478526742e-10 
  934       4.809771101629e-10 
  935       4.807773638218e-10 
  936       4.805485866087e-10 
  937       4.802907523477e-10 
  938       4.800038357322e-10 
  939       4.796878123284e-10 
  940       4.793426585783e-10 
  941       4.789683518028e-10 
  942       4.785648702055e-10 
  943       4.781321928751e-10 
  944       4.776702997895e-10 
  945       4.771791718182e-10 
  946       4.766587907261e-10 
  947       4.761091391766e-10 
  948       4.755302007345e-10 
  949       4.749219598698e-10 
  950       4.742844019603e-10 
  951       4.736175132954e-10 
  952       4.729212810789e-10 
  953       4.721956934325e-10 
  954       4.714407393987e-10 
  955       4.706564089443e-10 
  956       4.698427277609e-10 
  957       4.689998622411e-10 
  958       4.681280161125e-10 
  959       4.672273957929e-10 
  960       4.662982103990e-10 
  961       4.653406717535e-10 
  962       4.643549943930e-10 
  963       4.633413955762e-10 
  964       4.623000952910e-10 
  965       4.612313162631e-10 
  966       4.601352839630e-10 
  967       4.590122266144e-10 
  968       4.578623752017e-10 
  969       4.566859634777e-10 
  970       4.554832279717e-10 
  971       4.542544079969e-10 
  972       4.529997456587e-10 
  973       4.517194858618e-10 
  974       4.504138763186e-10 
  975       4.490831675569e-10 
  976       4.477276129272e-10 
  977       4.463474686111e-10 
  978       4.449429936288e-10 
  979       4.435144498467e-10 
  980       4.420621019857e-10 
  981       4.405862176286e-10 
  982       4.390870672278e-10 
  983       4.375649241134e-10 
  984       4.360200645010e-10 
  985       4.344527674991e-10 
  986       4.328633151172e-10 
  987       4.312519922736e-10 
  988       4.296190868031e-10 
  989       4.279648894647e-10 
  990       4.262896939496e-10 
  991       4.245937968888e-10 
  992       4.228774978610e-10 
  993       4.211410994003e-10 
  994       4.193849070040e-10 
  995       4.176092348096e-10 
  996       4.158144226999e-10 
  997       4.140008194643e-10 
  998       4.121687771611e-10 
  999       4.103186511257e-10 
 1000       4.084507999796e-10 
 1001       4.065655856384e-10 
 1002       4.046633733202e-10 
 1003       4.027445315547e-10 
 1004       4.008094321909e-10 
 1005       3.988584504063e-10 
 1006       3.968919647148e-10 
 1007       3.949103569754e-10 
 1008       3.929140124008e-10 
 1009       3.909033195657e-10 
 1010       3.888786704153e-10 
 1011       3.868404602737e-10 
 1012       3.847890878527e-10 
 1013       3.827249552599e-10 
 1014       3.806484680074e-10 
 1015       3.785600350201e-10 
 1016       3.764600686444e-10 
 1017       3.743489846563e-10 
 1018       3.722272022705e-10 
 1019       3.700951441482e-10 
 1020       3.679532364060e-10 
 1021       3.658019086242e-10 
 1022       3.636415938553e-10 
 1023       3.614727286326e-10 
 1024       3.592957529785e-10 
 1025       3.571111104130e-10 
 1026       3.549192479623e-10 
 1027       3.527206161671e-10 
 1028       3.505156690914e-10 
 1029       3.483048643305e-10 
 1030       3.460886630197e-10 
 1031       3.438675298431e-10 
 1032       3.416419330414e-10 
 1033       3.394123444209e-10 
 1034       3.371792162866e-10 
 1035       3.349429118674e-10 
 1036       3.327037739247e-10 
 1037       3.304621477445e-10 
 1038       3.282183811430e-10 
 1039       3.259728244728e-10 
 1040       3.237258306289e-10 
 1041       3.214777550541e-10 
 1042       3.192289557453e-10 
 1043       3.169797932591e-10 
 1044       3.147306307181e-10 
 1045       3.124818338162e-10 
 1046       3.102337708251e-10 
 1047       3.079868125998e-10 
 1048       3.057413325844e-10 
 1049       3.034977068185e-10 
 1050       3.012563139425e-10 
 1051       2.990175352039e-10 
 1052       2.967817544630e-10 
 1053       2.945493581988e-10 
 1054       2.923207355148e-10 
 1055       2.900962781452e-10 
 1056       2.878763804605e-10 
 1057       2.856614394734e-10 
 1058       2.834518548449e-10 
 1059       2.812480288899e-10 
 1060       2.790503665834e-10 
 1061       2.768592755661e-10 
 1062       2.746751661503e-10 
 1063       2.724984513262e-10 
 1064       2.703295467673e-10 
 1065       2.681688708363e-10 
 1066       2.660168445915e-10 
 1067       2.638738917922e-10 
 1068       2.617404389047e-10 
 1069       2.596169151081e-10 
 1070       2.575037523006e-10 
 1071       2.554013851049e-10 
 1072       2.533102508742e-10 
 1073       2.512307496810e-10 
 1074       2.491631236732e-10 
 1075       2.471075760867e-10 
 1076       2.450643111157e-10 
 1077       2.430335339140e-10 
 1078       2.410154505972e-10 
 1079       2.390102682441e-10 
 1080       2.370181948985e-10 
 1081       2.350394395710e-10 
 1082       2.330742122406e-10 
 1083       2.311227238566e-10 
 1084       2.291851863399e-10 
 1085       2.272618125855e-10 
 1086       2.253528164634e-10 
 1087       2.234584128206e-10 
 1088       2.215788174832e-10 
 1089       2.197142472575e-10 
 1090       2.178649199322e-10 
 1091       2.160310542800e-10 
 1092       2.142128700589e-10 
 1093       2.124105880148e-10 
 1094       2.106244298823e-10 
 1095       2.088546183870e-10 
 1096       2.071013772470e-10 
 1097       2.053649311747e-10 
 1098       2.036455058785e-10 
 1099       2.019433280644e-10 
 1100       2.002586254379e-10 
 1101       1.985916267056e-10 
 1102       1.969425615771e-10 
 1103       1.953116607665e-10 
 1104       1.936991559941e-10 
 1105       1.921052799884e-10 
 1106       1.905302664876e-10 
 1107       1.889743502413e-10 
 1108       1.874377670123e-10 
 1109       1.859207535783e-10 
 1110       1.844235477338e-10 
 1111       1.829463882914e-10 
 1112       1.814894763622e-10 
 1113       1.800528586347e-10 
 1114       1.786365425654e-10 
 1115       1.772405349593e-10 
 1116       1.758648419679e-10 
 1117       1.745094690871e-10 
 1118       1.731744211553e-10 
 1119       1.718597023512e-10 
 1120       1.705653161921e-10 
 1121       1.692912655313e-10 
 1122       1.680375525567e-10 
 1123       1.668041787882e-10 
 1124       1.655911450760e-10 
 1125       1.643984515986e-10 
 1126       1.632260978605e-10 
 1127       1.620740826905e-10 
 1128       1.609424042394e-10 
 1129       1.598310599779e-10 
 1130       1.587400466949e-10 
 1131       1.576693604954e-10 
 1132       1.566189967979e-10 
 1133       1.555889503334e-10 
 1134       1.545792151423e-10 
 1135       1.535897845732e-10 
 1136       1.526206512801e-10 
 1137       1.516718072213e-10 
 1138       1.507432436565e-10 
 1139       1.498349511452e-10 
 1140       1.489469195445e-10 
 1141       1.480791380073e-10 
 1142       1.472315949799e-10 
 1143       1.464042782005e-10 
 1144       1.455971746965e-10 
 1145       1.448102707830e-10 
 1146       1.440435520605e-10 
 1147       1.432970034130e-10 
 1148       1.425706090058e-10 
 1149       1.418643522837e-10 
 1150       1.411782159688e-10 
 1151       1.405121596495e-10 
 1152       1.398660522399e-10 
 1153       1.392397386587e-10 
 1154       1.386330621568e-10 
 1155       1.380458643125e-10 
 1156       1.374779850280e-10 
 1157       1.369292625252e-10 
 1158       1.363995333414e-10 
 1159       1.358886323255e-10 
 1160       1.353963926341e-10 
 1161       1.349226457268e-10 
 1162       1.344672213630e-10 
 1163       1.340299475970e-10 
 1164       1.336106507745e-10 
 1165       1.332091555283e-10 
 1166       1.328252847744e-10 
 1167       1.324588597077e-10 
 1168       1.321096997982e-10 
 1169       1.317776227867e-10 
 1170       1.314624446808e-10 
 1171       1.311639797511e-10 
 1172       1.308820405268e-10 
 1173       1.306164377917e-10 
 1174       1.303669805803e-10 
 1175       1.301334761736e-10 
 1176       1.299157300950e-10 
 1177       1.297135461065e-10 
 1178       1.295267262043e-10 
 1179       1.293550706149e-10 
 1180       1.291983777910e-10 
 1181       1.290564444077e-10 
 1182       1.289290653578e-10 
 1183       1.288160337485e-10 
 1184       1.287171408969e-10 
 1185       1.286321763258e-10 
 1186       1.285609277600e-10 
 1187       1.285031811223e-10 
 1188       1.284587205289e-10 
 1189       1.284273282857e-10 
 1190       1.284087851628e-10 
 1191       1.284028712284e-10 
 1192       1.284093650170e-10 
 1193       1.284280432477e-10 
 1194       1.284586808201e-10 
 1195       1.285010508107e-10 
 1196       1.285549244683e-10 
 1197       1.286200712104e-10 
 1198       1.286962586187e-10 
 1199       1.287832524358e-10 
 1200       1.288808165604e-10 
 1201       1.289887130435e-10 
 1202       1.291067020846e-10 
 1203       1.292345420275e-10 
 1204       1.293719893562e-10 
 1205       1.295187986909e-10 
 1206       1.296747227839e-10 
 1207       1.298395125159e-10 
 1208       1.300129168914e-10 
 1209       1.301946830351e-10 
 1210       1.303845561877e-10 
 1211       1.305822797020e-10 
 1212       1.307875950385e-10 
 1213       1.310002417618e-10 
 1214       1.312199575363e-10 
 1215       1.314464781223e-10 
 1216       1.316795373717e-10 
 1217       1.319188672244e-10 
 1218       1.321641977038e-10 
 1219       1.324152569131e-10 
 1220       1.326717710312e-10 
 1221       1.329334643084e-10 
 1222       1.332000590626e-10 
 1223       1.334712756754e-10 
 1224       1.337468325877e-10 
 1225       1.340264462960e-10 
 1226       1.343098313480e-10 
 1227       1.345967003389e-10 
 1228       1.348867639072e-10 
 1229       1.351797496556e-10 
 1230       1.354754591676e-10 
 1231       1.357737116610e-10 
 1232       1.360743251221e-10 
 1233       1.363771163030e-10 
 1234       1.366819007192e-10 
 1235       1.369884926468e-10 
 1236       1.372967051204e-10 
 1237       1.376063499303e-10 
 1238       1.379172376198e-10 
 1239       1.382291774830e-10 
 1240       1.385419775621e-10 
 1241       1.388554446449e-10 
 1242       1.391693842622e-10 
 1243       1.394836006854e-10 
 1244       1.397978969237e-10 
 1245       1.401120747218e-10 
 1246       1.404259345574e-10 
 1247       1.407392756386e-10 
 1248       1.410518959010e-10 
 1249       1.413635920059e-10 
 1250       1.416741593371e-10 
 1251       1.419833919986e-10 
 1252       1.422910828124e-10 
 1253       1.425970233152e-10 
 1254       1.429010037566e-10 
 1255       1.432028130963e-10 
 1256       1.435022390013e-10 
 1257       1.437990678437e-10 
 1258       1.440930846983e-10 
 1259       1.443840733394e-10 
 1260       1.446718162391e-10 
 1261       1.449560945641e-10 
 1262       1.452366881735e-10 
 1263       1.455133756162e-10 
 1264       1.457859341283e-10 
 1265       1.460541396307e-10 
 1266       1.463177667263e-10 
 1267       1.465765886978e-10 
 1268       1.468304041699e-10 
 1269       1.470791174381e-10 
 1270       1.473226590608e-10 
 1271       1.475609592783e-10 
 1272       1.477939480120e-10 
 1273       1.480215548638e-10 
 1274       1.482437091157e-10 
 1275       1.484603397292e-10 
 1276       1.486713753446e-10 
 1277       1.488767442807e-10 
 1278       1.490763745341e-10 
 1279       1.492701937788e-10 
 1280       1.494581293654e-10 
 1281       1.496401083208e-10 
 1282       1.498160573475e-10 
 1283       1.499859028231e-10 
 1284       1.501495707997e-10 
 1285       1.503069870036e-10 
 1286       1.504580768344e-10 
 1287       1.506027653646e-10 
 1288       1.507409773392e-10 
 1289       1.508726371748e-10 
 1290       1.509976689595e-10 
 1291       1.511159964519e-10 
 1292       1.512275430810e-10 
 1293       1.513322319453e-10 
 1294       1.514299858124e-10 
 1295       1.515207271183e-10 
 1296       1.516043779673e-10 
 1297       1.516808601308e-10 
 1298       1.517500950473e-10 
 1299       1.518120038215e-10 
 1300       1.518665072240e-10 
 1301       1.519135256906e-10 
 1302       1.519529793219e-10 
 1303       1.519847878823e-10 
 1304       1.520088708003e-10 
 1305       1.520251471671e-10 
 1306       1.520335357364e-10 
 1307       1.520339766244e-10 
 1308       1.520264966747e-10 
 1309       1.520111448236e-10 
 1310       1.519879704664e-10 
 1311       1.519570234591e-10 
 1312       1.519183541189e-10 
 1313       1.518720132254e-10 
 1314       1.518180520213e-10 
 1315       1.517565222137e-10 
 1316       1.516874759751e-10 
 1317       1.516109659439e-10 
 1318       1.515270452261e-10 
 1319       1.514357673954e-10 
 1320       1.513371864950e-10 
 1321       1.512313570381e-10 
 1322       1.511183340091e-10 
 1323       1.509981728643e-10 
 1324       1.508709295333e-10 
 1325       1.507366604193e-10 
 1326       1.505954224010e-10 
 1327       1.504472728329e-10 
 1328       1.502922695462e-10 
 1329       1.501304708503e-10 
 1330       1.499619355336e-10 
 1331       1.497867228640e-10 
 1332       1.496048925907e-10 
 1333       1.494165049443e-10 
 1334       1.492216206386e-10 
 1335       1.490203008708e-10 
 1336       1.488126073233e-10 
 1337       1.485986021638e-10 
 1338       1.483783480469e-10 
 1339       1.481519081150e-10 
 1340       1.479193459990e-10 
 1341       1.476807258194e-10 
 1342       1.474361121875e-10 
 1343       1.471855702059e-10 
 1344       1.469291654702e-10 
 1345       1.466669640691e-10 
 1346       1.463990412957e-10 
 1347       1.461255078814e-10 
 1348       1.458464840486e-10 
 1349       1.455620908286e-10 
 1350       1.452724500631e-10 
 1351       1.449776844057e-10 
 1352       1.446779173237e-10 
 1353       1.443732730992e-10 
 1354       1.440638768311e-10 
 1355       1.437498544363e-10 
 1356       1.434313326516e-10 
 1357       1.431084390348e-10 
 1358       1.427813019668e-10 
 1359       1.424500506527e-10 
 1360       1.421148151236e-10 
 1361       1.417757262380e-10 
 1362       1.414329156834e-10 
 1363       1.410865159780e-10 
 1364       1.407366604721e-10 
 1365       1.403834833495e-10 
 1366       1.400271196294e-10 
 1367       1.396677051678e-10 
 1368       1.393053766591e-10 
 1369       1.389402716372e-10 
 1370       1.385725284779e-10 
 1371       1.382022863998e-10 
 1372       1.378296854659e-10 
 1373       1.374548665857e-10 
 1374       1.370779715158e-10 
 1375       1.366991428625e-10 
 1376       1.363185240825e-10 
 1377       1.359362594850e-10 
 1378       1.355524942331e-10 
 1379       1.351673743450e-10 
 1380       1.347810466962e-10 
 1381       1.343936590205e-10 
 1382       1.340053599119e-10 
 1383       1.336162988259e-10 
 1384       1.332266260813e-10 
 1385       1.328364870622e-10 
 1386       1.324460047546e-10 
 1387       1.320552970288e-10 
 1388       1.316644824229e-10 
 1389       1.312736801440e-10 
 1390       1.308830100696e-10 
 1391       1.304925927485e-10 
 1392       1.301025494023e-10 
 1393       1.297130019262e-10 
 1394       1.293240728907e-10 
 1395       1.289358855423e-10 
 1396       1.285485638049e-10 
 1397       1.281622322811e-10 
 1398       1.277770162533e-10 
 1399       1.273930416846e-10 
 1400       1.270104352205e-10 
 1401       1.266293241898e-10 
 1402       1.262498366058e-10 
 1403       1.258721011675e-10 
 1404       1.254962472609e-10 
 1405       1.251224049600e-10 
 1406       1.247507050281e-10 
 1407       1.243812789191e-10 
 1408       1.240142587785e-10 
 1409       1.236497774445e-10 
 1410       1.232879684496e-10 
 1411       1.229289660214e-10 
 1412       1.225729050839e-10 
 1413       1.222199212589e-10 
 1414       1.218701508668e-10 
 1415       1.215237309280e-10 
 1416       1.211807991643e-10 
 1417       1.208414939996e-10 
 1418       1.205059545615e-10 
 1419       1.201743206825e-10 
 1420       1.198467329008e-10 
 1421       1.195233324618e-10 
 1422       1.192042613192e-10 
 1423       1.188896621364e-10 
 1424       1.185796633923e-10 
 1425       1.182743345311e-10 
 1426       1.179737303544e-10 
 1427       1.176779058748e-10 
 1428       1.173869163161e-10 
 1429       1.171008171138e-10 
 1430       1.168196639152e-10 
 1431       1.165435125799e-10 
 1432       1.162724191797e-10 
 1433       1.160064399997e-10 
 1434       1.157456315377e-10 
 1435       1.154900505052e-10 
 1436       1.152397538273e-10 
 1437       1.149947986431e-10 
 1438       1.147552423061e-10 
 1439       1.145211423847e-10 
 1440       1.142925566619e-10 
 1441       1.140695431362e-10 
 1442       1.138521600217e-10 
 1443       1.136404657482e-10 
 1444       1.134345189620e-10 
 1445       1.132343785256e-10 
 1446       1.130401035187e-10 
 1447       1.128517532377e-10 
 1448       1.126693871968e-10 
 1449       1.124930651279e-10 
 1450       1.123228469806e-10 
 1451       1.121587929234e-10 
 1452       1.120009633432e-10 
 1453       1.118494188457e-10 
 1454       1.117042202564e-10 
 1455       1.115654286198e-10 
 1456       1.114331052008e-10 
 1457       1.113073114843e-10 
 1458       1.111881091757e-10 
 1459       1.110755602014e-10 
 1460       1.109697267088e-10 
 1461       1.108706710667e-10 
 1462       1.107784558659e-10 
 1463       1.106931283801e-10 
 1464       1.106146737791e-10 
 1465       1.105430614488e-10 
 1466       1.104782604870e-10 
 1467       1.104202397029e-10 
 1468       1.103689676165e-10 
 1469       1.103244124581e-10 
 1470       1.102865421676e-10 
 1471       1.102553243943e-10 
 1472       1.102307264957e-10 
 1473       1.102127155377e-10 
 1474       1.102012582934e-10 
 1475       1.101963212429e-10 
 1476       1.101978705726e-10 
 1477       1.102058721748e-10 
 1478       1.102202916468e-10 
 1479       1.102410942906e-10 
 1480       1.102682451124e-10 
 1481       1.103017088219e-10 
 1482       1.103414498317e-10 
 1483       1.103874322567e-10 
 1484       1.104396199139e-10 
 1485       1.104979763213e-10 
 1486       1.105624646978e-10 
 1487       1.106330479625e-10 
 1488       1.107096887338e-10 
 1489       1.107923493295e-10 
 1490       1.108809917655e-10 
 1491       1.109755777559e-10 
 1492       1.110760687120e-10 
 1493       1.111824257419e-10 
 1494       1.112946096499e-10 
 1495       1.114125809360e-10 
 1496       1.115362997953e-10 
 1497       1.116657261173e-10 
 1498       1.118008194857e-10 
 1499       1.119415391774e-10 
 1500       1.120878441623e-10 
 1501       1.122396931025e-10 
 1502       1.123970354365e-10 
 1503       1.125597845387e-10 
 1504       1.127278442972e-10 
 1505       1.129011180048e-10 
 1506       1.130795083574e-10 
 1507       1.132629174537e-10 
 1508       1.134512467936e-10 
 1509       1.136443972771e-10 
 1510       1.138422692039e-10 
 1511       1.140447622716e-10 
 1512       1.142517755752e-10 
 1513       1.144632076058e-10 
 1514       1.146789562497e-10 
 1515       1.148989187873e-10 
 1516       1.151229918921e-10 
 1517       1.153510716296e-10 
 1518       1.155830534561e-10 
 1519       1.158188322183e-10 
 1520       1.160583021515e-10 
 1521       1.163013568789e-10 
 1522       1.165478894108e-10 
 1523       1.167977921430e-10 
 1524       1.170509568563e-10 
 1525       1.173072747153e-10 
 1526       1.175666362671e-10 
 1527       1.178289314406e-10 
 1528       1.180940495454e-10 
 1529       1.183618792706e-10 
 1530       1.186323086838e-10 
 1531       1.189052252304e-10 
 1532       1.191805157320e-10 
 1533       1.194580663859e-10 
 1534       1.197377627637e-10 
 1535       1.200194898104e-10 
 1536       1.203031318434e-10 
 1537       1.205885725514e-10 
 1538       1.208756949934e-10 
 1539       1.211643815975e-10 
 1540       1.214545141602e-10 
 1541       1.217459751070e-10 
 1542       1.220386512895e-10 
 1543       1.223324302224e-10 
 1544       1.226271988239e-10 
 1545       1.229228434147e-10 
 1546       1.232192497168e-10 
 1547       1.235163028529e-10 
 1548       1.238138873454e-10 
 1549       1.241118871150e-10 
 1550       1.244101854803e-10 
 1551       1.247086651564e-10 
 1552       1.250072082541e-10 
 1553       1.253056962790e-10 
 1554       1.256040101303e-10 
 1555       1.259020301001e-10 
 1556       1.261996358723e-10 
 1557       1.264967065214e-10 
 1558       1.267931205119e-10 
 1559       1.270887556974e-10 
 1560       1.273834893189e-10 
 1561       1.276771980049e-10 
 1562       1.279697577694e-10 
 1563       1.282610440116e-10 
 1564       1.285509315147e-10 
 1565       1.288392944450e-10 
 1566       1.291260063508e-10 
 1567       1.294109401614e-10 
 1568       1.296939681863e-10 
 1569       1.299749621144e-10 
 1570       1.302537930124e-10 
 1571       1.305303313245e-10 
 1572       1.308044468709e-10 
 1573       1.310760088473e-10 
 1574       1.313448858235e-10 
 1575       1.316109457428e-10 
 1576       1.318740559207e-10 
 1577       1.321340830442e-10 
 1578       1.323908931706e-10 
 1579       1.326443517266e-10 
 1580       1.328943332397e-10 
 1581       1.331407506313e-10 
 1582       1.333835261930e-10 
 1583       1.336225818780e-10 
 1584       1.338578393010e-10 
 1585       1.340892197374e-10 
 1586       1.343166441231e-10 
 1587       1.345400330537e-10 
 1588       1.347593067842e-10 
 1589       1.349743852285e-10 
 1590       1.351851879588e-10 
 1591       1.353916342049e-10 
 1592       1.355936428543e-10 
 1593       1.357911324510e-10 
 1594       1.359840211954e-10 
 1595       1.361722269438e-10 
 1596       1.363556672077e-10 
 1597       1.365342591533e-10 
 1598       1.367079196013e-10 
 1599       1.368765650260e-10 
 1600       1.370401115552e-10 
 1601       1.371984749692e-10 
 1602       1.373515707008e-10 
 1603       1.374993138344e-10 
 1604       1.376416191057e-10 
 1605       1.377784009013e-10 
 1606       1.379095732578e-10 
 1607       1.380350498619e-10 
 1608       1.381547440491e-10 
 1609       1.382685688040e-10 
 1610       1.383764367592e-10 
 1611       1.384782601952e-10 
 1612       1.385739510396e-10 
 1613       1.386634208668e-10 
 1614       1.387465808974e-10 
 1615       1.388233419977e-10 
 1616       1.388936146791e-10 
 1617       1.389573090979e-10 
 1618       1.390143350544e-10 
 1619       1.390646150267e-10 
 1620       1.391081234003e-10 
 1621       1.391448475920e-10 
 1622       1.391747750478e-10 
 1623       1.391978932435e-10 
 1624       1.392141896842e-10 
 1625       1.392236519051e-10 
 1626       1.392262674709e-10 
 1627       1.392220239764e-10 
 1628       1.392109090461e-10 
 1629       1.391929103350e-10 
 1630       1.391680155279e-10 
 1631       1.391362123400e-10 
 1632       1.390974885171e-10 
 1633       1.390518318350e-10 
 1634       1.389992301003e-10 
 1635       1.389396711503e-10 
 1636       1.388731428528e-10 
 1637       1.387996331067e-10 
 1638       1.387191298415e-10 
 1639       1.386316210179e-10 
 1640       1.385370946276e-10 
 1641       1.384355386935e-10 
 1642       1.383269412700e-10 
 1643       1.382112904424e-10 
 1644       1.380885743278e-10 
 1645       1.379587810748e-10 
 1646       1.378218988636e-10 
 1647       1.376779159062e-10 
 1648       1.375268204463e-10 
 1649       1.373686007595e-10 
 1650       1.372032451537e-10 
 1651       1.370307419685e-10 
 1652       1.368510795759e-10 
 1653       1.366642463803e-10 
 1654       1.364702308182e-10 
 1655       1.362690213588e-10 
 1656       1.360606065038e-10 
 1657       1.358449747873e-10 
 1658       1.356221254232e-10 
 1659       1.353921003469e-10 
 1660       1.351549524563e-10 
 1661       1.349107349912e-10 
 1662       1.346595015336e-10 
 1663       1.344013060088e-10 
 1664       1.341362026854e-10 
 1665       1.338642461764e-10 
 1666       1.335854914393e-10 
 1667       1.332999937768e-10 
 1668       1.330078088375e-10 
 1669       1.327089926162e-10 
 1670       1.324036014547e-10 
 1671       1.320916920423e-10 
 1672       1.317733214161e-10 
 1673       1.314485469620e-10 
 1674       1.311174264149e-10 
 1675       1.307800178594e-10 
 1676       1.304363797304e-10 
 1677       1.300865708134e-10 
 1678       1.297306502455e-10 
 1679       1.293686775155e-10 
 1680       1.290007124648e-10 
 1681       1.286268152877e-10 
 1682       1.282470465321e-10 
 1683       1.278614671001e-10 
 1684       1.274701382485e-10 
 1685       1.270731215891e-10 
 1686       1.266704790898e-10 
 1687       1.262622730746e-10 
 1688       1.258485662247e-10 
 1689       1.254294215785e-10 
 1690       1.250049025325e-10 
 1691       1.245750728418e-10 
 1692       1.241399966207e-10 
 1693       1.236997383430e-10 
 1694       1.232543628429e-10 
 1695       1.228039353154e-10 
 1696       1.223485213168e-10 
 1697       1.218881904596e-10 
 1698       1.214230275306e-10 
 1699       1.209531214698e-10 
 1700       1.204785616854e-10 
 1701       1.199994380547e-10 
 1702       1.195158409247e-10 
 1703       1.190278611128e-10 
 1704       1.185355899074e-10 
 1705       1.180391190691e-10 
 1706       1.175385408306e-10 
 1707       1.170339478981e-10 
 1708       1.165254334519e-10 
 1709       1.160130911467e-10 
 1710       1.154970151127e-10 
 1711       1.149772999563e-10 
 1712       1.144540407606e-10 
 1713       1.139273330862e-10 
 1714       1.133972729721e-10 
 1715       1.128639569361e-10 
 1716       1.123274819755e-10 
 1717       1.117879455684e-10 
 1718       1.112454456735e-10 
 1719       1.107000807316e-10 
 1720       1.101519496658e-10 
 1721       1.096011518826e-10 
 1722       1.090477872722e-10 
 1723       1.084919562095e-10 
 1724       1.079337595548e-10 
 1725       1.073732986544e-10 
 1726       1.068106753413e-10 
 1727       1.062459919360e-10 
 1728       1.056793512471e-10 
 1729       1.051108565723e-10 
 1730       1.045406116986e-10 
 1731       1.039687209036e-10 
 1732       1.033952889556e-10 
 1733       1.028204211149e-10 
 1734       1.022442231340e-10 
 1735       1.016668012588e-10 
 1736       1.010882588755e-10 
 1737       1.005086864209e-10 
 1738       9.992817138901e-11 
 1739       9.934680167658e-11 
 1740       9.876466558419e-11 
 1741       9.818185181661e-11 
 1742       9.759844948341e-11 
 1743       9.701454809957e-11 
 1744       9.643023758599e-11 
 1745       9.584560827015e-11 
 1746       9.526075088661e-11 
 1747       9.467575657764e-11 
 1748       9.409071689376e-11 
 1749       9.350572379436e-11 
 1750       9.292086964822e-11 
 1751       9.233624723414e-11 
 1752       9.175194974147e-11 
 1753       9.116807077073e-11 
 1754       9.058470433416e-11 
 1755       9.000194485630e-11 
 1756       8.941988717456e-11 
 1757       8.883862653982e-11 
 1758       8.825825861699e-11 
 1759       8.767887948559e-11 
 1760       8.710058564033e-11 
 1761       8.652347399166e-11 
 1762       8.594764186638e-11 
 1763       8.537318700823e-11 
 1764       8.480020757841e-11 
 1765       8.422880215619e-11 
 1766       8.365906973951e-11 
 1767       8.309110974551e-11 
 1768       8.252502201114e-11 
 1769       8.196090679371e-11 
 1770       8.139886477149e-11 
 1771       8.083899704428e-11 
 1772       8.028140513399e-11 
 1773       7.972619098520e-11 
 1774       7.917345696575e-11 
 1775       7.862329735542e-11 
 1776       7.807577273405e-11 
 1777       7.753093538345e-11 
 1778       7.698883778034e-11 
 1779       7.644953259661e-11 
 1780       7.591307269962e-11 
 1781       7.537951115239e-11 
 1782       7.484890121387e-11 
 1783       7.432129633925e-11 
 1784       7.379675018010e-11 
 1785       7.327531658475e-11 
 1786       7.275704959843e-11 
 1787       7.224200346360e-11 
 1788       7.173023262017e-11 
 1789       7.122179170575e-11 
 1790       7.071673555592e-11 
 1791       7.021511920447e-11 
 1792       6.971699788365e-11 
 1793       6.922242702443e-11 
 1794       6.873146225676e-11 
 1795       6.824415940980e-11 
 1796       6.776057451218e-11 
 1797       6.728076379229e-11 
 1798       6.680478367846e-11 
 1799       6.633269079928e-11 
 1800       6.586454198382e-11 
 1801       6.540039426188e-11 
 1802       6.494030486427e-11 
 1803       6.448433122301e-11 
 1804       6.403253097165e-11 
 1805       6.358496194548e-11 
 1806       6.314168218178e-11 
 1807       6.270274992008e-11 
 1808       6.226822360245e-11 
 1809       6.183816187367e-11 
 1810       6.141262358157e-11 
 1811       6.099166777723e-11 
 1812       6.057535371524e-11 
 1813       6.016374085398e-11 
 1814       5.975687960799e-11 
 1815       5.935478352315e-11 
 1816       5.895745687758e-11 
 1817       5.856490390900e-11 
 1818       5.817712881463e-11 
 1819       5.779413575113e-11 
 1820       5.741592883452e-11 
 1821       5.704251214007e-11 
 1822       5.667388970223e-11 
 1823       5.631006551455e-11 
 1824       5.595104352959e-11 
 1825       5.559682765883e-11 
 1826       5.524742177260e-11 
 1827       5.490282969998e-11 
 1828       5.456305522873e-11 
 1829       5.422810210517e-11 
 1830       5.389797403417e-11 
 1831       5.357267467898e-11 
 1832       5.325220766120e-11 
 1833       5.293657656067e-11 
 1834       5.262578491542e-11 
 1835       5.231983622152e-11 
 1836       5.201873393307e-11 
 1837       5.172248146208e-11 
 1838       5.143108217836e-11 
 1839       5.114453940950e-11 
 1840       5.086285644071e-11 
 1841       5.058603651480e-11 
 1842       5.031408283207e-11 
 1843       5.004699855020e-11 
 1844       4.978478678421e-11 
 1845       4.952745060637e-11 
 1846       4.927499304606e-11 
 1847       4.902741708976e-11 
 1848       4.878472568093e-11 
 1849       4.854692171991e-11 
 1850       4.831400806386e-11 
 1851       4.808598752668e-11 
 1852       4.786286287890e-11 
 1853       4.764463049319e-11 
 1854       4.743126122614e-11 
 1855       4.722271938530e-11 
 1856       4.701896906962e-11 
 1857       4.681997416913e-11 
 1858       4.662569836465e-11 
 1859       4.643610512746e-11 
 1860       4.625115771900e-11 
 1861       4.607081919058e-11 
 1862       4.589505238306e-11 
 1863       4.572381992655e-11 
 1864       4.555708424008e-11 
 1865       4.539480753133e-11 
 1866       4.523695179632e-11 
 1867       4.508347881904e-11 
 1868       4.493435017126e-11 
 1869       4.478952721209e-11 
 1870       4.464897108779e-11 
 1871       4.451264273140e-11 
 1872       4.438050286244e-11 
 1873       4.425251198661e-11 
 1874       4.412863039549e-11 
 1875       4.400881816624e-11 
 1876       4.389303516126e-11 
 1877       4.378124102791e-11 
 1878       4.367339519821e-11 
 1879       4.356945688853e-11 
 1880       4.346938509924e-11 
 1881       4.337313861447e-11 
 1882       4.328067600176e-11 
 1883       4.319195561179e-11 
 1884       4.310693557801e-11 
 1885       4.302557381640e-11 
 1886       4.294782802513e-11 
 1887       4.287365568427e-11 
 1888       4.280301405546e-11 
 1889       4.273586018163e-11 
 1890       4.267215088667e-11 
 1891       4.261184277515e-11 
 1892       4.255489077606e-11 
 1893       4.250124376251e-11 
 1894       4.245084889753e-11 
 1895       4.240365308660e-11 
 1896       4.235960297729e-11 
 1897       4.231864495887e-11 
 1898       4.228072516199e-11 
 1899       4.224578945832e-11 
 1900       4.221378346017e-11 
 1901       4.218465252018e-11 
 1902       4.215834173091e-11 
 1903       4.213479592452e-11 
 1904       4.211395967242e-11 
 1905       4.209577728490e-11 
 1906       4.208019281075e-11 
 1907       4.206715003696e-11 
 1908       4.205659248833e-11 
 1909       4.204846342712e-11 
 1910       4.204270585269e-11 
 1911       4.203926250115e-11 
 1912       4.203807584502e-11 
 1913       4.203908809284e-11 
 1914       4.204224118885e-11 
 1915       4.204747681261e-11 
 1916       4.205473637865e-11 
 1917       4.206396103615e-11 
 1918       4.207509166851e-11 
 1919       4.208806889307e-11 
 1920       4.210283306070e-11 
 1921       4.211932425550e-11 
 1922       4.213748229438e-11 
 1923       4.215724672676e-11 
 1924       4.217855683417e-11 
 1925       4.220135162995e-11 
 1926       4.222556985883e-11 
 1927       4.225114999661e-11 
 1928       4.227803024983e-11 
 1929       4.230614855537e-11 
 1930       4.233544258008e-11 
 1931       4.236585275531e-11 
 1932       4.239733140597e-11 
 1933       4.242983368992e-11 
 1934       4.246331456917e-11 
 1935       4.249772880962e-11 
 1936       4.253303098083e-11 
 1937       4.256917545571e-11 
 1938       4.260611641032e-11 
 1939       4.264380782357e-11 
 1940       4.268220347699e-11 
 1941       4.272125695446e-11 
 1942       4.276092164194e-11 
 1943       4.280115072724e-11 
 1944       4.284189719974e-11 
 1945       4.288311385015e-11 
 1946       4.292475327023e-11 
 1947       4.296676785256e-11 
 1948       4.300910979025e-11 
 1949       4.305173107671e-11 
 1950       4.309458350540e-11 
 1951       4.313761866951e-11 
 1952       4.318078796179e-11 
 1953       4.322404257423e-11 
 1954       4.326733349783e-11 
 1955       4.331061152232e-11 
 1956       4.335382723594e-11 
 1957       4.339693102513e-11 
 1958       4.343987307432e-11 
 1959       4.348260336566e-11 
 1960       4.352507167874e-11 
 1961       4.356722759036e-11 
 1962       4.360902047425e-11 
 1963       4.365039950083e-11 
 1964       4.369131363695e-11 
 1965       4.373171164562e-11 
 1966       4.377154208577e-11 
 1967       4.381075331196e-11 
 1968       4.384929347418e-11 
 1969       4.388711051754e-11 
 1970       4.392415757694e-11 
 1971       4.396040920546e-11 
 1972       4.399584526601e-11 
 1973       4.403044554732e-11 
 1974       4.406418976380e-11 
 1975       4.409705755547e-11 
 1976       4.412902848788e-11 
 1977       4.416008205200e-11 
 1978       4.419019766413e-11 
 1979       4.421935466581e-11 
 1980       4.424753232377e-11 
 1981       4.427470982976e-11 
 1982       4.430086630052e-11 
 1983       4.432598077769e-11 
 1984       4.435003222766e-11 
 1985       4.437299954156e-11 
 1986       4.439486153511e-11 
 1987       4.441559694854e-11 
 1988       4.443518444652e-11 
 1989       4.445360261806e-11 
 1990       4.447082997641e-11 
 1991       4.448684495896e-11 
 1992       4.450162592719e-11 
 1993       4.451515116654e-11 
 1994       4.452739888632e-11 
 1995       4.453834721965e-11 
 1996       4.454797422335e-11 
 1997       4.455625787782e-11 
 1998       4.456317608702e-11 
 1999       4.456870667831e-11 
 2000       4.457282740240e-11 
 2001       4.457551593322e-11 
 2002       4.457674986790e-11 
 2003       4.457650672658e-11 
 2004       4.457476395243e-11 
 2005       4.457149891145e-11 
 2006       4.456668889247e-11 
 2007       4.456031110699e-11 
 2008       4.455234268914e-11 
 2009       4.454276569824e-11 
 2010       4.453158216659e-11 
 2011       4.451879916113e-11 
 2012       4.450442379078e-11 
 2013       4.448846320650e-11 
 2014       4.447092460135e-11 
 2015       4.445181521054e-11 
 2016       4.443114231150e-11 
 2017       4.440891322392e-11 
 2018       4.438513530980e-11 
 2019       4.435981597357e-11 
 2020       4.433296266206e-11 
 2021       4.430458286461e-11 
 2022       4.427468411314e-11 
 2023       4.424327398216e-11 
 2024       4.421036008887e-11 
 2025       4.417595009319e-11 
 2026       4.414005169783e-11 
 2027       4.410267264836e-11 
 2028       4.406382073324e-11 
 2029       4.402350378390e-11 
 2030       4.398172967478e-11 
 2031       4.393850632342e-11 
 2032       4.389384169047e-11 
 2033       4.384774377979e-11 
 2034       4.380022063849e-11 
 2035       4.375128035698e-11 
 2036       4.370093106904e-11 
 2037       4.364918095189e-11 
 2038       4.359603822622e-11 
 2039       4.354151115624e-11 
 2040       4.348560804980e-11 
 2041       4.342833725837e-11 
 2042       4.336970717715e-11 
 2043       4.330972624511e-11 
 2044       4.324840294505e-11 
 2045       4.318574580365e-11 
 2046       4.312176339154e-11 
 2047       4.305646432336e-11 
 2048       4.298985985802e-11 
 2049       4.292197171983e-11 
 2050       4.285282433338e-11 
 2051       4.278244222856e-11 
 2052       4.271085004067e-11 
 2053       4.263807251053e-11 
 2054       4.256413448468e-11 
 2055       4.248906091543e-11 
 2056       4.241287686106e-11 
 2057       4.233560748590e-11 
 2058       4.225727806051e-11 
 2059       4.217791396176e-11 
 2060       4.209754067301e-11 
 2061       4.201618378421e-11 
 2062       4.193386899206e-11 
 2063       4.185062210011e-11 
 2064       4.176646901891e-11 
 2065       4.168143576616e-11 
 2066       4.159554846678e-11 
 2067       4.150883335314e-11 
 2068       4.142131676509e-11 
 2069       4.133302515016e-11 
 2070       4.124398506367e-11 
 2071       4.115422316887e-11 
 2072       4.106376623704e-11 
 2073       4.097264114768e-11 
 2074       4.088087488859e-11 
 2075       4.078849455601e-11 
 2076       4.069552735481e-11 
 2077       4.060200059852e-11 
 2078       4.050794170955e-11 
 2079       4.041337821928e-11 
 2080       4.031833776822e-11 
 2081       4.022284810610e-11 
 2082       4.012693709203e-11 
 2083       4.003063269466e-11 
 2084       3.993396299223e-11 
 2085       3.983695617280e-11 
 2086       3.973964053430e-11 
 2087       3.964204405307e-11 
 2088       3.954419308570e-11 
 2089       3.944611365834e-11 
 2090       3.934783189762e-11 
 2091       3.924937403077e-11 
 2092       3.915076638577e-11 
 2093       3.905203539143e-11 
 2094       3.895320757755e-11 
 2095       3.885430957500e-11 
 2096       3.875536811588e-11 
 2097       3.865641003361e-11 
 2098       3.855746226306e-11 
 2099       3.845855184068e-11 
 2100       3.835970590460e-11 
 2101       3.826095169478e-11 
 2102       3.816231655309e-11 
 2103       3.806382792347e-11 
 2104       3.796551335202e-11 
 2105       3.786740048715e-11 
 2106       3.776951707966e-11 
 2107       3.767189098291e-11 
 2108       3.757455015288e-11 
 2109       3.747752264836e-11 
 2110       3.738083663101e-11 
 2111       3.728452036552e-11 
 2112       3.718860221969e-11 
 2113       3.709311066461e-11 
 2114       3.699807427472e-11 
 2115       3.690352172795e-11 
 2116       3.680948180588e-11 
 2117       3.671598339379e-11 
 2118       3.662305548083e-11 
 2119       3.653072716013e-11 
 2120       3.643902762891e-11 
 2121       3.634798618862e-11 
 2122       3.625763224502e-11 
 2123       3.616799530835e-11 
 2124       3.607910499343e-11 
 2125       3.599099101976e-11 
 2126       3.590368053751e-11 
 2127       3.581719008502e-11 
 2128       3.573153357615e-11 
 2129       3.564672496945e-11 
 2130       3.556277826825e-11 
 2131       3.547970752066e-11 
 2132       3.539752681964e-11 
 2133       3.531625030306e-11 
 2134       3.523589215375e-11 
 2135       3.515646659952e-11 
 2136       3.507798791323e-11 
 2137       3.500047041284e-11 
 2138       3.492392846147e-11 
 2139       3.484837646742e-11 
 2140       3.477382888424e-11 
 2141       3.470030021077e-11 
 2142       3.462780499122e-11 
 2143       3.455635781514e-11 
 2144       3.448597331759e-11 
 2145       3.441666617906e-11 
 2146       3.434845112562e-11 
 2147       3.428134292892e-11 
 2148       3.421535640624e-11 
 2149       3.415050642056e-11 
 2150       3.408680788060e-11 
 2151       3.402427574085e-11 
 2152       3.396292500167e-11 
 2153       3.390277070927e-11 
 2154       3.384382795581e-11 
 2155       3.378611187944e-11 
 2156       3.372963766434e-11 
 2157       3.367442054077e-11 
 2158       3.362047578512e-11 
 2159       3.356781871998e-11 
 2160       3.351646471415e-11 
 2161       3.346642918271e-11 
 2162       3.341772758709e-11 
 2163       3.337037543507e-11 
 2164       3.332438828089e-11 
 2165       3.327977847086e-11 
 2166       3.323654535621e-11 
 2167       3.319468501418e-11 
 2168       3.315419349636e-11 
 2169       3.311506682868e-11 
 2170       3.307730101133e-11 
 2171       3.304089201879e-11 
 2172       3.300583579973e-11 
 2173       3.297212827702e-11 
 2174       3.293976534768e-11 
 2175       3.290874288283e-11 
 2176       3.287905672771e-11 
 2177       3.285070270159e-11 
 2178       3.282367659774e-11 
 2179       3.279797418343e-11 
 2180       3.277359119989e-11 
 2181       3.275052336224e-11 
 2182       3.272876635949e-11 
 2183       3.270831585450e-11 
 2184       3.268916748393e-11 
 2185       3.267131685823e-11 
 2186       3.265475956158e-11 
 2187       3.263949115190e-11 
 2188       3.262550716075e-11 
 2189       3.261280309335e-11 
 2190       3.260137442852e-11 
 2191       3.259121661867e-11 
 2192       3.258232508973e-11 
 2193       3.257469524115e-11 
 2194       3.256832244584e-11 
 2195       3.256320205017e-11 
 2196       3.255932937388e-11 
 2197       3.255669971011e-11 
 2198       3.255530832532e-11 
 2199       3.255515045928e-11 
 2200       3.255622132502e-11 
 2201       3.255851610881e-11 
 2202       3.256202997012e-11 
 2203       3.256675804159e-11 
 2204       3.257269318792e-11 
 2205       3.257981926645e-11 
 2206       3.258811782174e-11 
 2207       3.259757032251e-11 
 2208       3.260815816153e-11 
 2209       3.261986265555e-11 
 2210       3.263266504518e-11 
 2211       3.264654649482e-11 
 2212       3.266148809259e-11 
 2213       3.267747085019e-11 
 2214       3.269447570287e-11 
 2215       3.271248350928e-11 
 2216       3.273147505142e-11 
 2217       3.275143103457e-11 
 2218       3.277233208714e-11 
 2219       3.279415876063e-11 
 2220       3.281689152951e-11 
 2221       3.284051079116e-11 
 2222       3.286499686576e-11 
 2223       3.289032999620e-11 
 2224       3.291649034801e-11 
 2225       3.294345800925e-11 
 2226       3.297121299042e-11 
 2227       3.299973522439e-11 
 2228       3.302900456630e-11 
 2229       3.305900079346e-11 
 2230       3.308970360528e-11 
 2231       3.312109262317e-11 
 2232       3.315314739045e-11 
 2233       3.318584737227e-11 
 2234       3.321917195549e-11 
 2235       3.325310044865e-11 
 2236       3.328761208182e-11 
 2237       3.332268600653e-11 
 2238       3.335830129571e-11 
 2239       3.339443694357e-11 
 2240       3.343107186549e-11 
 2241       3.346818489800e-11 
 2242       3.350575479862e-11 
 2243       3.354375992489e-11 
 2244       3.358217726930e-11 
 2245       3.362098341784e-11 
 2246       3.366015487030e-11 
 2247       3.369966804017e-11 
 2248       3.373949925451e-11 
 2249       3.377962475388e-11 
 2250       3.382002069225e-11 
 2251       3.386066313685e-11 
 2252       3.390152806814e-11 
 2253       3.394259137970e-11 
 2254       3.398382887807e-11 
 2255       3.402521628275e-11 
 2256       3.406672922601e-11 
 2257       3.410834325288e-11 
 2258       3.415003382096e-11 
 2259       3.419177630043e-11 
 2260       3.423354597384e-11 
 2261       3.427531803610e-11 
 2262       3.431706759434e-11 
 2263       3.435876966785e-11 
 2264       3.440039918791e-11 
 2265       3.444193099779e-11 
 2266       3.448333985256e-11 
 2267       3.452460041907e-11 
 2268       3.456568727581e-11 
 2269       3.460657491281e-11 
 2270       3.464723773158e-11 
 2271       3.468765004496e-11 
 2272       3.472778607706e-11 
 2273       3.476761996318e-11 
 2274       3.480712574966e-11 
 2275       3.484627739381e-11 
 2276       3.488504876384e-11 
 2277       3.492341363870e-11 
 2278       3.496134570805e-11 
 2279       3.499881857212e-11 
 2280       3.503580574163e-11 
 2281       3.507228063769e-11 
 2282       3.510821811096e-11 
 2283       3.514359901008e-11 
 2284       3.517840564235e-11 
 2285       3.521262025711e-11 
 2286       3.524622504560e-11 
 2287       3.527920214098e-11 
 2288       3.531153361821e-11 
 2289       3.534320149401e-11 
 2290       3.537418772681e-11 
 2291       3.540447421667e-11 
 2292       3.543404280521e-11 
 2293       3.546287527557e-11 
 2294       3.549095335234e-11 
 2295       3.551825870149e-11 
 2296       3.554477293033e-11 
 2297       3.557047758741e-11 
 2298       3.559535416250e-11 
 2299       3.561938408650e-11 
 2300       3.564254873139e-11 
 2301       3.566482941015e-11 
 2302       3.568620737674e-11 
 2303       3.570666382599e-11 
 2304       3.572617989357e-11 
 2305       3.574473665590e-11 
 2306       3.576231513013e-11 
 2307       3.577889627403e-11 
 2308       3.579446098596e-11 
 2309       3.580899010481e-11 
 2310       3.582246440990e-11 
 2311       3.583486462097e-11 
 2312       3.584617139807e-11 
 2313       3.585636534155e-11 
 2314       3.586542699195e-11 
 2315       3.587333682995e-11 
 2316       3.588007527633e-11 
 2317       3.588562269188e-11 
 2318       3.588995937737e-11 
 2319       3.589306557345e-11 
 2320       3.589492146062e-11 
 2321       3.589550965600e-11 
 2322       3.589482272113e-11 
 2323       3.589285570139e-11 
 2324       3.588960363349e-11 
 2325       3.588506154543e-11 
 2326       3.587922445650e-11 
 2327       3.587208737727e-11 
 2328       3.586364530959e-11 
 2329       3.585389324660e-11 
 2330       3.584282617267e-11 
 2331       3.583043906346e-11 
 2332       3.581672688587e-11 
 2333       3.580168459804e-11 
 2334       3.578530714937e-11 
 2335       3.576758948047e-11 
 2336       3.574852652320e-11 
 2337       3.572811320061e-11 
 2338       3.570634442699e-11 
 2339       3.568321510784e-11 
 2340       3.565872013984e-11 
 2341       3.563285441088e-11 
 2342       3.560561280004e-11 
 2343       3.557699017756e-11 
 2344       3.554698140490e-11 
 2345       3.551558133464e-11 
 2346       3.548278481056e-11 
 2347       3.544858666757e-11 
 2348       3.541298173176e-11 
 2349       3.537596482032e-11 
 2350       3.533753074163e-11 
 2351       3.529767429517e-11 
 2352       3.525639027153e-11 
 2353       3.521367345246e-11 
 2354       3.516951861079e-11 
 2355       3.512392051047e-11 
 2356       3.507687390654e-11 
 2357       3.502837354513e-11 
 2358       3.497841416348e-11 
 2359       3.492699048988e-11 
 2360       3.487409956069e-11 
 2361       3.481974768692e-11 
 2362       3.476394353085e-11 
 2363       3.470669579301e-11 
 2364       3.464801321221e-11 
 2365       3.458790456560e-11 
 2366       3.452637866873e-11 
 2367       3.446344437554e-11 
 2368       3.439911057846e-11 
 2369       3.433338620842e-11 
 2370       3.426628023491e-11 
 2371       3.419780166601e-11 
 2372       3.412795954844e-11 
 2373       3.405676296761e-11 
 2374       3.398422104766e-11 
 2375       3.391034295149e-11 
 2376       3.383513788083e-11 
 2377       3.375861507625e-11 
 2378       3.368078381724e-11 
 2379       3.360165342221e-11 
 2380       3.352123324859e-11 
 2381       3.343953269282e-11 
 2382       3.335656119043e-11 
 2383       3.327232821605e-11 
 2384       3.318684328348e-11 
 2385       3.310011594575e-11 
 2386       3.301215579510e-11 
 2387       3.292297246309e-11 
 2388       3.283257562062e-11 
 2389       3.274097497794e-11 
 2390       3.264818028475e-11 
 2391       3.255420133022e-11 
 2392       3.245904794300e-11 
 2393       3.236272999134e-11 
 2394       3.226525738304e-11 
 2395       3.216664006557e-11 
 2396       3.206688802609e-11 
 2397       3.196601129147e-11 
 2398       3.186401992835e-11 
 2399       3.176092510961e-11 
 2400       3.165674232077e-11 
 2401       3.155148817322e-11 
 2402       3.144517933966e-11 
 2403       3.133783255420e-11 
 2404       3.122946461235e-11 
 2405       3.112009237118e-11 
 2406       3.100973274930e-11 
 2407       3.089840272698e-11 
 2408       3.078611934619e-11 
 2409       3.067289971069e-11 
 2410       3.055876098604e-11 
 2411       3.044372039977e-11 
 2412       3.032779524131e-11 
 2413       3.021100286219e-11 
 2414       3.009336067599e-11 
 2415       2.997488615850e-11 
 2416       2.985559684773e-11 
 2417       2.973551034396e-11 
 2418       2.961464430989e-11 
 2419       2.949301647062e-11 
 2420       2.937064461374e-11 
 2421       2.924754658941e-11 
 2422       2.912374031044e-11 
 2423       2.899924375230e-11 
 2424       2.887407495325e-11 
 2425       2.874825201435e-11 
 2426       2.862179309958e-11 
 2427       2.849471643584e-11 
 2428       2.836704031308e-11 
 2429       2.823878308434e-11 
 2430       2.810996316580e-11 
 2431       2.798059903688e-11 
 2432       2.785070924025e-11 
 2433       2.772031238197e-11 
 2434       2.758942713149e-11 
 2435       2.745807222177e-11 
 2436       2.732626644929e-11 
 2437       2.719402867417e-11 
 2438       2.706137823175e-11 
 2439       2.692833617007e-11 
 2440       2.679492401998e-11 
 2441       2.666116338432e-11 
 2442       2.652707593800e-11 
 2443       2.639268342805e-11 
 2444       2.625800767375e-11 
 2445       2.612307056662e-11 
 2446       2.598789407059e-11 
 2447       2.585250022200e-11 
 2448       2.571691112970e-11 
 2449       2.558114897514e-11 
 2450       2.544523601240e-11 
 2451       2.530919456833e-11 
 2452       2.517304704255e-11 
 2453       2.503681590759e-11 
 2454       2.490052370891e-11 
 2455       2.476419306501e-11 
 2456       2.462784666751e-11 
 2457       2.449150728117e-11 
 2458       2.435519774402e-11 
 2459       2.421894096742e-11 
 2460       2.408275993612e-11 
 2461       2.394667770835e-11 
 2462       2.381071741587e-11 
 2463       2.367490226409e-11 
 2464       2.353925553207e-11 
 2465       2.340380057270e-11 
 2466       2.326856081265e-11 
 2467       2.313355975255e-11 
 2468       2.299882096700e-11 
 2469       2.286436810467e-11 
 2470       2.273022488838e-11 
 2471       2.259641511514e-11 
 2472       2.246296265628e-11 
 2473       2.232989145745e-11 
 2474       2.219722553877e-11 
 2475       2.206498899485e-11 
 2476       2.193320599489e-11 
 2477       2.180189464299e-11 
 2478       2.167104851936e-11 
 2479       2.154065503010e-11 
 2480       2.141070153710e-11 
 2481       2.128117535789e-11 
 2482       2.115206376567e-11 
 2483       2.102335398922e-11 
 2484       2.089503321289e-11 
 2485       2.076708857651e-11 
 2486       2.063950717537e-11 
 2487       2.051227606019e-11 
 2488       2.038538223705e-11 
 2489       2.025881266732e-11 
 2490       2.013255426769e-11 
 2491       2.000659391005e-11 
 2492       1.988091842147e-11 
 2493       1.975551458417e-11 
 2494       1.963036913544e-11 
 2495       1.950546876764e-11 
 2496       1.938080012810e-11 
 2497       1.925634981911e-11 
 2498       1.913210439789e-11 
 2499       1.900805037648e-11 
 2500       1.888417422175e-11 
