# dimensionless total [l(l+1)/2pi] C_l's
# for l=2 to 2500, i.e. number of multipoles equal to 2499
#
# -> if you prefer output in CAMB/HealPix/LensPix units/order, set 'format' to 'camb' in input file
# -> if you don't want to see such a header, set 'headers' to 'no' in input file
#
# 1:l     2:TT                 
    2       2.238566746430e-10 
    3       1.938905332274e-10 
    4       1.756692868632e-10 
    5       1.649426295924e-10 
    6       1.583750134155e-10 
    7       1.540596350226e-10 
    8       1.510043377610e-10 
    9       1.486730272673e-10 
   10       1.467773813155e-10 
   11       1.453218906510e-10 
   12       1.442130382434e-10 
   13       1.433817182420e-10 
   14       1.428565653233e-10 
   15       1.425693121485e-10 
   16       1.424767253331e-10 
   17       1.426317849026e-10 
   18       1.429520126546e-10 
   19       1.434420279499e-10 
   20       1.440670577386e-10 
   21       1.448269775173e-10 
   22       1.456923128356e-10 
   23       1.466911112468e-10 
   24       1.478325422152e-10 
   25       1.490894592046e-10 
   26       1.504064247597e-10 
   27       1.517974249755e-10 
   28       1.532784953141e-10 
   29       1.548451414555e-10 
   30       1.564979370367e-10 
   31       1.582217753458e-10 
   32       1.599897821247e-10 
   33       1.618101344271e-10 
   34       1.636934727291e-10 
   35       1.656417837888e-10 
   36       1.676568413143e-10 
   37       1.697326264425e-10 
   38       1.718516343713e-10 
   39       1.739927947424e-10 
   40       1.761612598136e-10 
   41       1.783668614864e-10 
   42       1.806154796360e-10 
   43       1.829096555177e-10 
   44       1.852517383847e-10 
   45       1.876409530792e-10 
   46       1.900720412848e-10 
   47       1.925348747447e-10 
   48       1.950185582820e-10 
   49       1.975260090226e-10 
   50       2.000628223425e-10 
   51       2.026329870540e-10 
   52       2.052387276960e-10 
   53       2.078810295630e-10 
   54       2.105617353241e-10 
   55       2.132817126695e-10 
   56       2.160400925833e-10 
   57       2.188341402608e-10 
   58       2.216591260244e-10 
   59       2.245102627046e-10 
   60       2.273893363437e-10 
   61       2.302993899390e-10 
   62       2.332427345419e-10 
   63       2.362208902241e-10 
   64       2.392345270441e-10 
   65       2.422838733447e-10 
   66       2.453701737500e-10 
   67       2.484944353310e-10 
   68       2.516569424180e-10 
   69       2.548572106387e-10 
   70       2.580939409567e-10 
   71       2.613649737102e-10 
   72       2.646681785698e-10 
   73       2.680044243178e-10 
   74       2.713750987121e-10 
   75       2.747811989007e-10 
   76       2.782233068278e-10 
   77       2.817015646402e-10 
   78       2.852156500942e-10 
   79       2.887647519616e-10 
   80       2.923480223876e-10 
   81       2.959660785394e-10 
   82       2.996197180683e-10 
   83       3.033094498027e-10 
   84       3.070354779879e-10 
   85       3.107976865242e-10 
   86       3.145956232062e-10 
   87       3.184284839618e-10 
   88       3.222950970906e-10 
   89       3.261943149136e-10 
   90       3.301262934848e-10 
   91       3.340913855199e-10 
   92       3.380897413340e-10 
   93       3.421212991840e-10 
   94       3.461857756111e-10 
   95       3.502826557833e-10 
   96       3.544111838374e-10 
   97       3.585703532220e-10 
   98       3.627588970394e-10 
   99       3.669755920016e-10 
  100       3.712202402968e-10 
  101       3.754928095020e-10 
  102       3.797931255946e-10 
  103       3.841208670961e-10 
  104       3.884755592159e-10 
  105       3.928565679955e-10 
  106       3.972630944516e-10 
  107       4.016941687205e-10 
  108       4.061486442016e-10 
  109       4.106251917013e-10 
  110       4.151225195420e-10 
  111       4.196400784709e-10 
  112       4.241774364240e-10 
  113       4.287340570323e-10 
  114       4.333092959852e-10 
  115       4.379023973959e-10 
  116       4.425124901657e-10 
  117       4.471385843485e-10 
  118       4.517795675157e-10 
  119       4.564342011202e-10 
  120       4.611011168616e-10 
  121       4.657788130506e-10 
  122       4.704656509733e-10 
  123       4.751600477727e-10 
  124       4.798610879265e-10 
  125       4.845679754927e-10 
  126       4.892798418174e-10 
  127       4.939957434454e-10 
  128       4.987146600309e-10 
  129       5.034354922484e-10 
  130       5.081570597034e-10 
  131       5.128780988430e-10 
  132       5.175972608669e-10 
  133       5.223131096378e-10 
  134       5.270241195925e-10 
  135       5.317286736524e-10 
  136       5.364250611342e-10 
  137       5.411116253564e-10 
  138       5.457872281182e-10 
  139       5.504508295468e-10 
  140       5.551013415861e-10 
  141       5.597376268574e-10 
  142       5.643584975203e-10 
  143       5.689627141337e-10 
  144       5.735489845167e-10 
  145       5.781159626094e-10 
  146       5.826622473338e-10 
  147       5.871863814545e-10 
  148       5.916868504402e-10 
  149       5.961620813238e-10 
  150       6.006104415637e-10 
  151       6.050302379050e-10 
  152       6.094197152395e-10 
  153       6.137771844146e-10 
  154       6.181014214200e-10 
  155       6.223913033006e-10 
  156       6.266456820655e-10 
  157       6.308633842058e-10 
  158       6.350432102119e-10 
  159       6.391839340911e-10 
  160       6.432843028855e-10 
  161       6.473430361894e-10 
  162       6.513588256667e-10 
  163       6.553303345692e-10 
  164       6.592561972532e-10 
  165       6.631350186982e-10 
  166       6.669653740236e-10 
  167       6.707458080068e-10 
  168       6.744748346007e-10 
  169       6.781509364513e-10 
  170       6.817725644151e-10 
  171       6.853382406896e-10 
  172       6.888468788626e-10 
  173       6.922974897486e-10 
  174       6.956890801192e-10 
  175       6.990206526436e-10 
  176       7.022912058287e-10 
  177       7.054997339597e-10 
  178       7.086452270403e-10 
  179       7.117266707329e-10 
  180       7.147430462994e-10 
  181       7.176933305410e-10 
  182       7.205764957389e-10 
  183       7.233915095945e-10 
  184       7.261373351698e-10 
  185       7.288129308277e-10 
  186       7.314172501724e-10 
  187       7.339492419897e-10 
  188       7.364078501873e-10 
  189       7.387920137353e-10 
  190       7.411006666062e-10 
  191       7.433328101153e-10 
  192       7.454877361237e-10 
  193       7.475648205010e-10 
  194       7.495634524070e-10 
  195       7.514830344689e-10 
  196       7.533229829588e-10 
  197       7.550827279711e-10 
  198       7.567617135993e-10 
  199       7.583593981135e-10 
  200       7.598752541376e-10 
  201       7.613087688267e-10 
  202       7.626594440441e-10 
  203       7.639267965388e-10 
  204       7.651103581225e-10 
  205       7.662096758472e-10 
  206       7.672243121820e-10 
  207       7.681538451908e-10 
  208       7.689978687092e-10 
  209       7.697559925219e-10 
  210       7.704278425401e-10 
  211       7.710130609784e-10 
  212       7.715113065324e-10 
  213       7.719222919799e-10 
  214       7.722458994417e-10 
  215       7.724820732505e-10 
  216       7.726307835004e-10 
  217       7.726920263228e-10 
  218       7.726658241618e-10 
  219       7.725522260504e-10 
  220       7.723513078862e-10 
  221       7.720631727068e-10 
  222       7.716879509660e-10 
  223       7.712258008095e-10 
  224       7.706769083505e-10 
  225       7.700414879456e-10 
  226       7.693197824707e-10 
  227       7.685120635963e-10 
  228       7.676186320640e-10 
  229       7.666398179616e-10 
  230       7.655759809992e-10 
  231       7.644275107851e-10 
  232       7.631948271013e-10 
  233       7.618783801793e-10 
  234       7.604786509760e-10 
  235       7.589961514497e-10 
  236       7.574314248352e-10 
  237       7.557850459202e-10 
  238       7.540576081696e-10 
  239       7.522496836633e-10 
  240       7.503618612659e-10 
  241       7.483947598068e-10 
  242       7.463490283280e-10 
  243       7.442253463321e-10 
  244       7.420244240304e-10 
  245       7.397470025909e-10 
  246       7.373938543862e-10 
  247       7.349657832420e-10 
  248       7.324636246846e-10 
  249       7.298882461891e-10 
  250       7.272405474275e-10 
  251       7.245214605169e-10 
  252       7.217319502670e-10 
  253       7.188730144287e-10 
  254       7.159456839418e-10 
  255       7.129510231831e-10 
  256       7.098901302147e-10 
  257       7.067641370314e-10 
  258       7.035742098093e-10 
  259       7.003215491538e-10 
  260       6.970073903472e-10 
  261       6.936330035972e-10 
  262       6.901996942848e-10 
  263       6.867088032120e-10 
  264       6.831617068504e-10 
  265       6.795598175888e-10 
  266       6.759045161109e-10 
  267       6.721969439502e-10 
  268       6.684382001525e-10 
  269       6.646294082657e-10 
  270       6.607717164725e-10 
  271       6.568662977238e-10 
  272       6.529143498724e-10 
  273       6.489170958061e-10 
  274       6.448757835811e-10 
  275       6.407916865554e-10 
  276       6.366661035220e-10 
  277       6.325003588426e-10 
  278       6.282958025805e-10 
  279       6.240538106344e-10 
  280       6.197757848715e-10 
  281       6.154631532608e-10 
  282       6.111173700067e-10 
  283       6.067399156821e-10 
  284       6.023322973619e-10 
  285       5.978960487565e-10 
  286       5.934327303447e-10 
  287       5.889439295076e-10 
  288       5.844312606616e-10 
  289       5.798963653918e-10 
  290       5.753409125855e-10 
  291       5.707665985654e-10 
  292       5.661751472232e-10 
  293       5.615683101525e-10 
  294       5.569478667827e-10 
  295       5.523156245120e-10 
  296       5.476734188407e-10 
  297       5.430229981502e-10 
  298       5.383656715579e-10 
  299       5.337026441686e-10 
  300       5.290351308608e-10 
  301       5.243643562635e-10 
  302       5.196915547331e-10 
  303       5.150179703304e-10 
  304       5.103448567976e-10 
  305       5.056734775351e-10 
  306       5.010051055785e-10 
  307       4.963410235759e-10 
  308       4.916825237644e-10 
  309       4.870309079470e-10 
  310       4.823874874701e-10 
  311       4.777535832000e-10 
  312       4.731305254999e-10 
  313       4.685196542071e-10 
  314       4.639223186097e-10 
  315       4.593398774236e-10 
  316       4.547736987695e-10 
  317       4.502251601499e-10 
  318       4.456956484260e-10 
  319       4.411865597946e-10 
  320       4.366992997651e-10 
  321       4.322352831366e-10 
  322       4.277959339746e-10 
  323       4.233826855881e-10 
  324       4.189969805065e-10 
  325       4.146402704566e-10 
  326       4.103140163395e-10 
  327       4.060196882076e-10 
  328       4.017587652416e-10 
  329       3.975327357273e-10 
  330       3.933430970327e-10 
  331       3.891913555850e-10 
  332       3.850789065466e-10 
  333       3.810066670934e-10 
  334       3.769754270882e-10 
  335       3.729859677852e-10 
  336       3.690390616764e-10 
  337       3.651354723374e-10 
  338       3.612759542745e-10 
  339       3.574612527707e-10 
  340       3.536921037322e-10 
  341       3.499692335345e-10 
  342       3.462933588691e-10 
  343       3.426651865899e-10 
  344       3.390854135594e-10 
  345       3.355547264949e-10 
  346       3.320738018154e-10 
  347       3.286433054875e-10 
  348       3.252638928720e-10 
  349       3.219362085702e-10 
  350       3.186608862704e-10 
  351       3.154385485941e-10 
  352       3.122698069425e-10 
  353       3.091552613428e-10 
  354       3.060955002946e-10 
  355       3.030911006164e-10 
  356       3.001426272918e-10 
  357       2.972506333159e-10 
  358       2.944156595418e-10 
  359       2.916382345269e-10 
  360       2.889188743791e-10 
  361       2.862580826036e-10 
  362       2.836563499489e-10 
  363       2.811141542534e-10 
  364       2.786319602915e-10 
  365       2.762102196203e-10 
  366       2.738493704258e-10 
  367       2.715498373694e-10 
  368       2.693120314340e-10 
  369       2.671363497707e-10 
  370       2.650231755451e-10 
  371       2.629728284820e-10 
  372       2.609854146813e-10 
  373       2.590609706288e-10 
  374       2.571995117713e-10 
  375       2.554010323207e-10 
  376       2.536655050570e-10 
  377       2.519928811323e-10 
  378       2.503830898738e-10 
  379       2.488360385877e-10 
  380       2.473516123625e-10 
  381       2.459296738727e-10 
  382       2.445700631819e-10 
  383       2.432725975470e-10 
  384       2.420370712209e-10 
  385       2.408632552567e-10 
  386       2.397508973109e-10 
  387       2.386997214467e-10 
  388       2.377094279380e-10 
  389       2.367796930726e-10 
  390       2.359101689556e-10 
  391       2.351004833133e-10 
  392       2.343502392964e-10 
  393       2.336590152835e-10 
  394       2.330263646848e-10 
  395       2.324518157456e-10 
  396       2.319348713494e-10 
  397       2.314750088221e-10 
  398       2.310716797349e-10 
  399       2.307243097082e-10 
  400       2.304322982148e-10 
  401       2.301950183838e-10 
  402       2.300118168037e-10 
  403       2.298820133260e-10 
  404       2.298049008691e-10 
  405       2.297797452212e-10 
  406       2.298057848444e-10 
  407       2.298822306777e-10 
  408       2.300082659408e-10 
  409       2.301830459376e-10 
  410       2.304057592803e-10 
  411       2.306758143517e-10 
  412       2.309926590608e-10 
  413       2.313557198672e-10 
  414       2.317644016276e-10 
  415       2.322180874432e-10 
  416       2.327161385075e-10 
  417       2.332578939526e-10 
  418       2.338426706973e-10 
  419       2.344697632941e-10 
  420       2.351384437761e-10 
  421       2.358479615047e-10 
  422       2.365975430166e-10 
  423       2.373863918711e-10 
  424       2.382136884974e-10 
  425       2.390785900418e-10 
  426       2.399802302150e-10 
  427       2.409177191393e-10 
  428       2.418901431958e-10 
  429       2.428965648718e-10 
  430       2.439360226079e-10 
  431       2.450075306453e-10 
  432       2.461100788731e-10 
  433       2.472426326754e-10 
  434       2.484041327788e-10 
  435       2.495934950995e-10 
  436       2.508096105903e-10 
  437       2.520513450885e-10 
  438       2.533175391624e-10 
  439       2.546070079590e-10 
  440       2.559185410513e-10 
  441       2.572509022851e-10 
  442       2.586028296269e-10 
  443       2.599730350104e-10 
  444       2.613602041846e-10 
  445       2.627629965601e-10 
  446       2.641800450572e-10 
  447       2.656099559526e-10 
  448       2.670513087269e-10 
  449       2.685027962785e-10 
  450       2.699636508727e-10 
  451       2.714332316799e-10 
  452       2.729108855858e-10 
  453       2.743959471221e-10 
  454       2.758877383971e-10 
  455       2.773855690261e-10 
  456       2.788887360624e-10 
  457       2.803965239276e-10 
  458       2.819082043424e-10 
  459       2.834230362570e-10 
  460       2.849402657818e-10 
  461       2.864591261184e-10 
  462       2.879788374896e-10 
  463       2.894986070703e-10 
  464       2.910176289182e-10 
  465       2.925350839042e-10 
  466       2.940501396433e-10 
  467       2.955619504249e-10 
  468       2.970696571437e-10 
  469       2.985723872300e-10 
  470       3.000692545807e-10 
  471       3.015593594894e-10 
  472       3.030417885778e-10 
  473       3.045156147253e-10 
  474       3.059798970006e-10 
  475       3.074336805915e-10 
  476       3.088759967360e-10 
  477       3.103058626531e-10 
  478       3.117222814726e-10 
  479       3.131242421665e-10 
  480       3.145107194793e-10 
  481       3.158806738586e-10 
  482       3.172330513859e-10 
  483       3.185667837069e-10 
  484       3.198807879624e-10 
  485       3.211739667187e-10 
  486       3.224452078986e-10 
  487       3.236933847112e-10 
  488       3.249175041332e-10 
  489       3.261171573576e-10 
  490       3.272920826330e-10 
  491       3.284420179336e-10 
  492       3.295667009639e-10 
  493       3.306658691646e-10 
  494       3.317392597174e-10 
  495       3.327866095508e-10 
  496       3.338076553449e-10 
  497       3.348021335372e-10 
  498       3.357697803278e-10 
  499       3.367103316842e-10 
  500       3.376235233475e-10 
  501       3.385090908370e-10 
  502       3.393667694559e-10 
  503       3.401962942962e-10 
  504       3.409974002447e-10 
  505       3.417698219876e-10 
  506       3.425132940163e-10 
  507       3.432275506323e-10 
  508       3.439123259532e-10 
  509       3.445673539170e-10 
  510       3.451923682884e-10 
  511       3.457871026636e-10 
  512       3.463512904756e-10 
  513       3.468846649999e-10 
  514       3.473869593591e-10 
  515       3.478579065291e-10 
  516       3.482972393436e-10 
  517       3.487046905002e-10 
  518       3.490799925650e-10 
  519       3.494228779782e-10 
  520       3.497330790596e-10 
  521       3.500103280136e-10 
  522       3.502543569349e-10 
  523       3.504648978132e-10 
  524       3.506416825392e-10 
  525       3.507844429096e-10 
  526       3.508929106322e-10 
  527       3.509669027825e-10 
  528       3.510065807564e-10 
  529       3.510121984788e-10 
  530       3.509840176420e-10 
  531       3.509223077474e-10 
  532       3.508273461481e-10 
  533       3.506994180908e-10 
  534       3.505388167582e-10 
  535       3.503458433109e-10 
  536       3.501208069295e-10 
  537       3.498640248573e-10 
  538       3.495758224419e-10 
  539       3.492565331776e-10 
  540       3.489064987476e-10 
  541       3.485260690660e-10 
  542       3.481156023203e-10 
  543       3.476754650131e-10 
  544       3.472060320046e-10 
  545       3.467076865547e-10 
  546       3.461808203652e-10 
  547       3.456258336218e-10 
  548       3.450431350365e-10 
  549       3.444331418894e-10 
  550       3.437962800714e-10 
  551       3.431329841259e-10 
  552       3.424436972911e-10 
  553       3.417288715424e-10 
  554       3.409889676343e-10 
  555       3.402244551425e-10 
  556       3.394358125064e-10 
  557       3.386235270709e-10 
  558       3.377880951289e-10 
  559       3.369300219631e-10 
  560       3.360498218886e-10 
  561       3.351480182947e-10 
  562       3.342251436873e-10 
  563       3.332817397307e-10 
  564       3.323183572905e-10 
  565       3.313355564748e-10 
  566       3.303338978772e-10 
  567       3.293139159692e-10 
  568       3.282761451064e-10 
  569       3.272211283049e-10 
  570       3.261494172807e-10 
  571       3.250615724880e-10 
  572       3.239581631587e-10 
  573       3.228397673408e-10 
  574       3.217069719375e-10 
  575       3.205603727460e-10 
  576       3.194005744962e-10 
  577       3.182281908902e-10 
  578       3.170438446404e-10 
  579       3.158481675087e-10 
  580       3.146418003457e-10 
  581       3.134253931289e-10 
  582       3.121996050023e-10 
  583       3.109651043146e-10 
  584       3.097225686586e-10 
  585       3.084726849097e-10 
  586       3.072161492653e-10 
  587       3.059536672829e-10 
  588       3.046859539197e-10 
  589       3.034137335710e-10 
  590       3.021377401094e-10 
  591       3.008587169233e-10 
  592       2.995774169562e-10 
  593       2.982946027454e-10 
  594       2.970110464607e-10 
  595       2.957275299436e-10 
  596       2.944448447458e-10 
  597       2.931637921684e-10 
  598       2.918851833008e-10 
  599       2.906098390591e-10 
  600       2.893385902256e-10 
  601       2.880722774873e-10 
  602       2.868117514748e-10 
  603       2.855578728012e-10 
  604       2.843115121012e-10 
  605       2.830734703489e-10 
  606       2.818442376267e-10 
  607       2.806242286246e-10 
  608       2.794138618482e-10 
  609       2.782135596311e-10 
  610       2.770237481480e-10 
  611       2.758448574276e-10 
  612       2.746773213649e-10 
  613       2.735215777342e-10 
  614       2.723780682022e-10 
  615       2.712472383404e-10 
  616       2.701295376379e-10 
  617       2.690254195144e-10 
  618       2.679353413327e-10 
  619       2.668597644120e-10 
  620       2.657991540399e-10 
  621       2.647539794858e-10 
  622       2.637247140137e-10 
  623       2.627118348944e-10 
  624       2.617158234188e-10 
  625       2.607371649107e-10 
  626       2.597763487393e-10 
  627       2.588338683321e-10 
  628       2.579102211876e-10 
  629       2.570059088884e-10 
  630       2.561214371135e-10 
  631       2.552573156516e-10 
  632       2.544140584135e-10 
  633       2.535921834448e-10 
  634       2.527922129393e-10 
  635       2.520146732509e-10 
  636       2.512600949074e-10 
  637       2.505290126222e-10 
  638       2.498219653079e-10 
  639       2.491394960887e-10 
  640       2.484821523135e-10 
  641       2.478504855681e-10 
  642       2.472450516887e-10 
  643       2.466664107740e-10 
  644       2.461150357109e-10 
  645       2.455910354511e-10 
  646       2.450944254972e-10 
  647       2.446252188095e-10 
  648       2.441834257932e-10 
  649       2.437690542838e-10 
  650       2.433821095340e-10 
  651       2.430225941999e-10 
  652       2.426905083273e-10 
  653       2.423858493383e-10 
  654       2.421086120173e-10 
  655       2.418587884976e-10 
  656       2.416363682476e-10 
  657       2.414413380574e-10 
  658       2.412736820247e-10 
  659       2.411333815417e-10 
  660       2.410204152811e-10 
  661       2.409347591825e-10 
  662       2.408763864387e-10 
  663       2.408452674825e-10 
  664       2.408413699723e-10 
  665       2.408646587791e-10 
  666       2.409150959724e-10 
  667       2.409926408069e-10 
  668       2.410972497087e-10 
  669       2.412288762617e-10 
  670       2.413874711937e-10 
  671       2.415729823632e-10 
  672       2.417853547454e-10 
  673       2.420245304188e-10 
  674       2.422904485512e-10 
  675       2.425830453864e-10 
  676       2.429022542305e-10 
  677       2.432480054381e-10 
  678       2.436202263987e-10 
  679       2.440188415231e-10 
  680       2.444437722298e-10 
  681       2.448949369314e-10 
  682       2.453722510204e-10 
  683       2.458755807658e-10 
  684       2.464046039463e-10 
  685       2.469589462149e-10 
  686       2.475382268945e-10 
  687       2.481420589526e-10 
  688       2.487700489756e-10 
  689       2.494217971435e-10 
  690       2.500968972045e-10 
  691       2.507949364490e-10 
  692       2.515154956850e-10 
  693       2.522581492116e-10 
  694       2.530224647944e-10 
  695       2.538080036394e-10 
  696       2.546143203677e-10 
  697       2.554409629903e-10 
  698       2.562874728821e-10 
  699       2.571533847568e-10 
  700       2.580382266413e-10 
  701       2.589415198502e-10 
  702       2.598627789602e-10 
  703       2.608015117850e-10 
  704       2.617572193493e-10 
  705       2.627293958637e-10 
  706       2.637175286989e-10 
  707       2.647210983605e-10 
  708       2.657395784635e-10 
  709       2.667724357066e-10 
  710       2.678191298468e-10 
  711       2.688791136739e-10 
  712       2.699518329853e-10 
  713       2.710367265600e-10 
  714       2.721332261334e-10 
  715       2.732407563720e-10 
  716       2.743587348476e-10 
  717       2.754865720118e-10 
  718       2.766236711708e-10 
  719       2.777694284597e-10 
  720       2.789232328170e-10 
  721       2.800844659592e-10 
  722       2.812525255689e-10 
  723       2.824268954247e-10 
  724       2.836070766371e-10 
  725       2.847925645437e-10 
  726       2.859828486884e-10 
  727       2.871774128018e-10 
  728       2.883757347809e-10 
  729       2.895772866687e-10 
  730       2.907815346343e-10 
  731       2.919879389528e-10 
  732       2.931959539848e-10 
  733       2.944050281569e-10 
  734       2.956146039405e-10 
  735       2.968241178330e-10 
  736       2.980330003364e-10 
  737       2.992406759378e-10 
  738       3.004465630894e-10 
  739       3.016500741878e-10 
  740       3.028506155542e-10 
  741       3.040475874142e-10 
  742       3.052403838777e-10 
  743       3.064283929187e-10 
  744       3.076109963549e-10 
  745       3.087875698281e-10 
  746       3.099574827835e-10 
  747       3.111200984499e-10 
  748       3.122747738194e-10 
  749       3.134208596273e-10 
  750       3.145577003319e-10 
  751       3.156846340944e-10 
  752       3.168009927588e-10 
  753       3.179061018316e-10 
  754       3.189992804618e-10 
  755       3.200798414205e-10 
  756       3.211470910812e-10 
  757       3.222003293992e-10 
  758       3.232388498918e-10 
  759       3.242619396178e-10 
  760       3.252688791575e-10 
  761       3.262590146120e-10 
  762       3.272319751540e-10 
  763       3.281874596074e-10 
  764       3.291251648004e-10 
  765       3.300447855602e-10 
  766       3.309460147082e-10 
  767       3.318285430542e-10 
  768       3.326920593916e-10 
  769       3.335362504918e-10 
  770       3.343608010992e-10 
  771       3.351653939260e-10 
  772       3.359497096466e-10 
  773       3.367134268926e-10 
  774       3.374562222477e-10 
  775       3.381777702421e-10 
  776       3.388777433477e-10 
  777       3.395558119722e-10 
  778       3.402116444545e-10 
  779       3.408449070593e-10 
  780       3.414552639714e-10 
  781       3.420423772912e-10 
  782       3.426059070288e-10 
  783       3.431455110991e-10 
  784       3.436608453164e-10 
  785       3.441515633893e-10 
  786       3.446173169154e-10 
  787       3.450577553759e-10 
  788       3.454725261305e-10 
  789       3.458612744123e-10 
  790       3.462236433222e-10 
  791       3.465592738239e-10 
  792       3.468678047386e-10 
  793       3.471488727397e-10 
  794       3.474021123478e-10 
  795       3.476271559249e-10 
  796       3.478236336699e-10 
  797       3.479911736126e-10 
  798       3.481294016090e-10 
  799       3.482379413360e-10 
  800       3.483164888635e-10 
  801       3.483650378749e-10 
  802       3.483836585445e-10 
  803       3.483724233405e-10 
  804       3.483314070339e-10 
  805       3.482606867070e-10 
  806       3.481603417625e-10 
  807       3.480304539318e-10 
  808       3.478711072840e-10 
  809       3.476823882345e-10 
  810       3.474643855536e-10 
  811       3.472171903755e-10 
  812       3.469408962069e-10 
  813       3.466355989357e-10 
  814       3.463013968396e-10 
  815       3.459383905949e-10 
  816       3.455466832855e-10 
  817       3.451263804112e-10 
  818       3.446775898966e-10 
  819       3.442004220999e-10 
  820       3.436949898213e-10 
  821       3.431614083123e-10 
  822       3.425997952838e-10 
  823       3.420102709152e-10 
  824       3.413929578630e-10 
  825       3.407479812695e-10 
  826       3.400754687715e-10 
  827       3.393755505092e-10 
  828       3.386483591348e-10 
  829       3.378940298210e-10 
  830       3.371127002701e-10 
  831       3.363045107225e-10 
  832       3.354696039655e-10 
  833       3.346081253419e-10 
  834       3.337202227588e-10 
  835       3.328060466964e-10 
  836       3.318657502167e-10 
  837       3.308994889720e-10 
  838       3.299074212138e-10 
  839       3.288897418336e-10 
  840       3.278467851169e-10 
  841       3.267789237938e-10 
  842       3.256865351835e-10 
  843       3.245700012090e-10 
  844       3.234297084115e-10 
  845       3.222660479650e-10 
  846       3.210794156906e-10 
  847       3.198702120712e-10 
  848       3.186388422659e-10 
  849       3.173857161246e-10 
  850       3.161112482027e-10 
  851       3.148158577751e-10 
  852       3.134999688511e-10 
  853       3.121640101889e-10 
  854       3.108084153100e-10 
  855       3.094336225139e-10 
  856       3.080400748922e-10 
  857       3.066282203435e-10 
  858       3.051985115880e-10 
  859       3.037514061815e-10 
  860       3.022873665304e-10 
  861       3.008068599060e-10 
  862       2.993103584592e-10 
  863       2.977983392346e-10 
  864       2.962712841855e-10 
  865       2.947296801882e-10 
  866       2.931740190562e-10 
  867       2.916047975555e-10 
  868       2.900225174183e-10 
  869       2.884276853581e-10 
  870       2.868208130836e-10 
  871       2.852024173139e-10 
  872       2.835730197927e-10 
  873       2.819331473027e-10 
  874       2.802833316802e-10 
  875       2.786241098296e-10 
  876       2.769560237382e-10 
  877       2.752796204902e-10 
  878       2.735954310559e-10 
  879       2.719039062426e-10 
  880       2.702054797070e-10 
  881       2.685005890966e-10 
  882       2.667896760598e-10 
  883       2.650731862579e-10 
  884       2.633515693760e-10 
  885       2.616252791343e-10 
  886       2.598947732990e-10 
  887       2.581605136942e-10 
  888       2.564229662124e-10 
  889       2.546826008261e-10 
  890       2.529398915989e-10 
  891       2.511953166968e-10 
  892       2.494493583994e-10 
  893       2.477025031108e-10 
  894       2.459552413714e-10 
  895       2.442080678685e-10 
  896       2.424614814482e-10 
  897       2.407159851257e-10 
  898       2.389720860976e-10 
  899       2.372302957520e-10 
  900       2.354911296807e-10 
  901       2.337551076897e-10 
  902       2.320227538108e-10 
  903       2.302945963127e-10 
  904       2.285711677123e-10 
  905       2.268530047855e-10 
  906       2.251406485792e-10 
  907       2.234346444218e-10 
  908       2.217355419345e-10 
  909       2.200438950432e-10 
  910       2.183602619886e-10 
  911       2.166852053385e-10 
  912       2.150192919982e-10 
  913       2.133630932222e-10 
  914       2.117171846252e-10 
  915       2.100821461934e-10 
  916       2.084585622956e-10 
  917       2.068469635306e-10 
  918       2.052476512312e-10 
  919       2.036608701877e-10 
  920       2.020868665620e-10 
  921       2.005258878901e-10 
  922       1.989781830855e-10 
  923       1.974440024414e-10 
  924       1.959235976343e-10 
  925       1.944172217266e-10 
  926       1.929251291697e-10 
  927       1.914475758065e-10 
  928       1.899848188750e-10 
  929       1.885371170107e-10 
  930       1.871047302495e-10 
  931       1.856879200312e-10 
  932       1.842869492015e-10 
  933       1.829020820160e-10 
  934       1.815335841421e-10 
  935       1.801817226627e-10 
  936       1.788467660786e-10 
  937       1.775289843117e-10 
  938       1.762286487080e-10 
  939       1.749460320401e-10 
  940       1.736814085107e-10 
  941       1.724350537550e-10 
  942       1.712072448439e-10 
  943       1.699982602869e-10 
  944       1.688083800349e-10 
  945       1.676378854834e-10 
  946       1.664870594751e-10 
  947       1.653561863029e-10 
  948       1.642455517129e-10 
  949       1.631554429075e-10 
  950       1.620861485478e-10 
  951       1.610379587572e-10 
  952       1.600111651236e-10 
  953       1.590060607030e-10 
  954       1.580229400219e-10 
  955       1.570620990806e-10 
  956       1.561237770710e-10 
  957       1.552079805500e-10 
  958       1.543146565860e-10 
  959       1.534437507958e-10 
  960       1.525952073394e-10 
  961       1.517689689156e-10 
  962       1.509649767575e-10 
  963       1.501831706271e-10 
  964       1.494234888113e-10 
  965       1.486858681165e-10 
  966       1.479702438647e-10 
  967       1.472765498879e-10 
  968       1.466047185239e-10 
  969       1.459546806116e-10 
  970       1.453263654860e-10 
  971       1.447197009736e-10 
  972       1.441346133878e-10 
  973       1.435710275241e-10 
  974       1.430288666551e-10 
  975       1.425080525264e-10 
  976       1.420085053512e-10 
  977       1.415301438060e-10 
  978       1.410728850257e-10 
  979       1.406366445991e-10 
  980       1.402213365639e-10 
  981       1.398268734021e-10 
  982       1.394531660351e-10 
  983       1.391001238196e-10 
  984       1.387676545419e-10 
  985       1.384556644140e-10 
  986       1.381640580687e-10 
  987       1.378927385544e-10 
  988       1.376416073310e-10 
  989       1.374105642648e-10 
  990       1.371995076240e-10 
  991       1.370083340738e-10 
  992       1.368369386716e-10 
  993       1.366852148627e-10 
  994       1.365530544751e-10 
  995       1.364403212745e-10 
  996       1.363467712130e-10 
  997       1.362721310000e-10 
  998       1.362161244291e-10 
  999       1.361784723698e-10 
 1000       1.361588927599e-10 
 1001       1.361571005973e-10 
 1002       1.361728079325e-10 
 1003       1.362057238600e-10 
 1004       1.362555545111e-10 
 1005       1.363220030453e-10 
 1006       1.364047696431e-10 
 1007       1.365035514973e-10 
 1008       1.366180428059e-10 
 1009       1.367479347632e-10 
 1010       1.368929155530e-10 
 1011       1.370526703396e-10 
 1012       1.372268812606e-10 
 1013       1.374152274189e-10 
 1014       1.376173848742e-10 
 1015       1.378330266359e-10 
 1016       1.380618226546e-10 
 1017       1.383034398143e-10 
 1018       1.385575419246e-10 
 1019       1.388237897127e-10 
 1020       1.391018408155e-10 
 1021       1.393913497715e-10 
 1022       1.396919680133e-10 
 1023       1.400033438591e-10 
 1024       1.403251225054e-10 
 1025       1.406569460184e-10 
 1026       1.409984533267e-10 
 1027       1.413492802131e-10 
 1028       1.417090593064e-10 
 1029       1.420774200742e-10 
 1030       1.424539888142e-10 
 1031       1.428383886466e-10 
 1032       1.432302395065e-10 
 1033       1.436291581353e-10 
 1034       1.440347731654e-10 
 1035       1.444467706206e-10 
 1036       1.448648490429e-10 
 1037       1.452887044520e-10 
 1038       1.457180303394e-10 
 1039       1.461525176619e-10 
 1040       1.465918548357e-10 
 1041       1.470357277300e-10 
 1042       1.474838196605e-10 
 1043       1.479358113839e-10 
 1044       1.483913810907e-10 
 1045       1.488502043998e-10 
 1046       1.493119543520e-10 
 1047       1.497763014033e-10 
 1048       1.502429134195e-10 
 1049       1.507114556694e-10 
 1050       1.511815908186e-10 
 1051       1.516529789235e-10 
 1052       1.521252774249e-10 
 1053       1.525981411420e-10 
 1054       1.530712222656e-10 
 1055       1.535441703526e-10 
 1056       1.540166323192e-10 
 1057       1.544882524352e-10 
 1058       1.549586723170e-10 
 1059       1.554275309222e-10 
 1060       1.558944645429e-10 
 1061       1.563591067994e-10 
 1062       1.568210886343e-10 
 1063       1.572800383062e-10 
 1064       1.577355813830e-10 
 1065       1.581873407364e-10 
 1066       1.586349365351e-10 
 1067       1.590779862389e-10 
 1068       1.595161045922e-10 
 1069       1.599489036179e-10 
 1070       1.603759926115e-10 
 1071       1.607969781341e-10 
 1072       1.612114640068e-10 
 1073       1.616190931744e-10 
 1074       1.620196739336e-10 
 1075       1.624130554109e-10 
 1076       1.627990858470e-10 
 1077       1.631776125949e-10 
 1078       1.635484821176e-10 
 1079       1.639115399867e-10 
 1080       1.642666308802e-10 
 1081       1.646135985808e-10 
 1082       1.649522859741e-10 
 1083       1.652825350463e-10 
 1084       1.656041868831e-10 
 1085       1.659170816671e-10 
 1086       1.662210586761e-10 
 1087       1.665159562815e-10 
 1088       1.668016119463e-10 
 1089       1.670778622231e-10 
 1090       1.673445427522e-10 
 1091       1.676014882600e-10 
 1092       1.678485325570e-10 
 1093       1.680855085358e-10 
 1094       1.683122481693e-10 
 1095       1.685285825090e-10 
 1096       1.687343416827e-10 
 1097       1.689293548932e-10 
 1098       1.691134504161e-10 
 1099       1.692864555977e-10 
 1100       1.694481968538e-10 
 1101       1.695984996670e-10 
 1102       1.697371885856e-10 
 1103       1.698640872212e-10 
 1104       1.699790182471e-10 
 1105       1.700818033962e-10 
 1106       1.701722634593e-10 
 1107       1.702502182833e-10 
 1108       1.703154867691e-10 
 1109       1.703678868699e-10 
 1110       1.704072355893e-10 
 1111       1.704333489793e-10 
 1112       1.704460831768e-10 
 1113       1.704454581061e-10 
 1114       1.704315353980e-10 
 1115       1.704043775015e-10 
 1116       1.703640476856e-10 
 1117       1.703106100416e-10 
 1118       1.702441294852e-10 
 1119       1.701646717582e-10 
 1120       1.700723034314e-10 
 1121       1.699670919060e-10 
 1122       1.698491054160e-10 
 1123       1.697184130302e-10 
 1124       1.695750846545e-10 
 1125       1.694191910339e-10 
 1126       1.692508037545e-10 
 1127       1.690699952458e-10 
 1128       1.688768387824e-10 
 1129       1.686714084869e-10 
 1130       1.684537793312e-10 
 1131       1.682240271389e-10 
 1132       1.679822285875e-10 
 1133       1.677284612106e-10 
 1134       1.674628033997e-10 
 1135       1.671853344064e-10 
 1136       1.668961343446e-10 
 1137       1.665952841927e-10 
 1138       1.662828657954e-10 
 1139       1.659589618660e-10 
 1140       1.656236559887e-10 
 1141       1.652770326202e-10 
 1142       1.649191770923e-10 
 1143       1.645501756137e-10 
 1144       1.641701152723e-10 
 1145       1.637790840373e-10 
 1146       1.633771707609e-10 
 1147       1.629644651812e-10 
 1148       1.625410579235e-10 
 1149       1.621070405028e-10 
 1150       1.616625053260e-10 
 1151       1.612075634464e-10 
 1152       1.607423980704e-10 
 1153       1.602672117344e-10 
 1154       1.597822086176e-10 
 1155       1.592875945457e-10 
 1156       1.587835769945e-10 
 1157       1.582703650940e-10 
 1158       1.577481696314e-10 
 1159       1.572172030556e-10 
 1160       1.566776794804e-10 
 1161       1.561298146884e-10 
 1162       1.555738261346e-10 
 1163       1.550099329503e-10 
 1164       1.544383559466e-10 
 1165       1.538593176184e-10 
 1166       1.532730421477e-10 
 1167       1.526797554078e-10 
 1168       1.520796849666e-10 
 1169       1.514730600904e-10 
 1170       1.508601117480e-10 
 1171       1.502410726137e-10 
 1172       1.496161770718e-10 
 1173       1.489856612196e-10 
 1174       1.483497628717e-10 
 1175       1.477087215633e-10 
 1176       1.470627785542e-10 
 1177       1.464121768322e-10 
 1178       1.457571611173e-10 
 1179       1.450979778647e-10 
 1180       1.444348752693e-10 
 1181       1.437681032689e-10 
 1182       1.430979135479e-10 
 1183       1.424245595415e-10 
 1184       1.417482964388e-10 
 1185       1.410693811869e-10 
 1186       1.403880724946e-10 
 1187       1.397046308357e-10 
 1188       1.390193184535e-10 
 1189       1.383323993637e-10 
 1190       1.376441278250e-10 
 1191       1.369547135876e-10 
 1192       1.362643562248e-10 
 1193       1.355732566312e-10 
 1194       1.348816170252e-10 
 1195       1.341896409515e-10 
 1196       1.334975332840e-10 
 1197       1.328055002289e-10 
 1198       1.321137493267e-10 
 1199       1.314224894557e-10 
 1200       1.307319308342e-10 
 1201       1.300422850233e-10 
 1202       1.293537649300e-10 
 1203       1.286665848096e-10 
 1204       1.279809602685e-10 
 1205       1.272971082669e-10 
 1206       1.266152471218e-10 
 1207       1.259355965094e-10 
 1208       1.252583774680e-10 
 1209       1.245838124008e-10 
 1210       1.239121250783e-10 
 1211       1.232435406416e-10 
 1212       1.225782856046e-10 
 1213       1.219165878572e-10 
 1214       1.212586766675e-10 
 1215       1.206047826852e-10 
 1216       1.199551379435e-10 
 1217       1.193099758628e-10 
 1218       1.186695312527e-10 
 1219       1.180340403150e-10 
 1220       1.174037406464e-10 
 1221       1.167788712414e-10 
 1222       1.161596724947e-10 
 1223       1.155463862044e-10 
 1224       1.149392555741e-10 
 1225       1.143385252165e-10 
 1226       1.137444411551e-10 
 1227       1.131572508279e-10 
 1228       1.125772030896e-10 
 1229       1.120045190928e-10 
 1230       1.114393045469e-10 
 1231       1.108816364209e-10 
 1232       1.103315919713e-10 
 1233       1.097892487418e-10 
 1234       1.092546845645e-10 
 1235       1.087279775596e-10 
 1236       1.082092061363e-10 
 1237       1.076984489931e-10 
 1238       1.071957851181e-10 
 1239       1.067012937897e-10 
 1240       1.062150545768e-10 
 1241       1.057371473391e-10 
 1242       1.052676522280e-10 
 1243       1.048066496865e-10 
 1244       1.043542204501e-10 
 1245       1.039104455467e-10 
 1246       1.034754062975e-10 
 1247       1.030491843172e-10 
 1248       1.026318615145e-10 
 1249       1.022235200924e-10 
 1250       1.018242425487e-10 
 1251       1.014341116767e-10 
 1252       1.010532105649e-10 
 1253       1.006816225983e-10 
 1254       1.003194314583e-10 
 1255       9.996672112307e-11 
 1256       9.962357586837e-11 
 1257       9.929008026763e-11 
 1258       9.896631919255e-11 
 1259       9.865237781344e-11 
 1260       9.834834159967e-11 
 1261       9.805429632014e-11 
 1262       9.777032804364e-11 
 1263       9.749652313931e-11 
 1264       9.723296827705e-11 
 1265       9.697975042798e-11 
 1266       9.673695686481e-11 
 1267       9.650467516231e-11 
 1268       9.628296610891e-11 
 1269       9.607178209883e-11 
 1270       9.587104779991e-11 
 1271       9.568068715545e-11 
 1272       9.550062338265e-11 
 1273       9.533077897097e-11 
 1274       9.517107568059e-11 
 1275       9.502143454075e-11 
 1276       9.488177584821e-11 
 1277       9.475201916565e-11 
 1278       9.463208332003e-11 
 1279       9.452188640104e-11 
 1280       9.442134575949e-11 
 1281       9.433037800573e-11 
 1282       9.424889900801e-11 
 1283       9.417682389096e-11 
 1284       9.411406703390e-11 
 1285       9.406054206935e-11 
 1286       9.401616188135e-11 
 1287       9.398083860389e-11 
 1288       9.395448361936e-11 
 1289       9.393700755689e-11 
 1290       9.392832029079e-11 
 1291       9.392833093894e-11 
 1292       9.393694786123e-11 
 1293       9.395407865790e-11 
 1294       9.397963016803e-11 
 1295       9.401350846785e-11 
 1296       9.405561886924e-11 
 1297       9.410586591806e-11 
 1298       9.416415339259e-11 
 1299       9.423038430195e-11 
 1300       9.430446088447e-11 
 1301       9.438628460610e-11 
 1302       9.447575615884e-11 
 1303       9.457277545913e-11 
 1304       9.467724164627e-11 
 1305       9.478905308078e-11 
 1306       9.490810734286e-11 
 1307       9.503429153846e-11 
 1308       9.516745310207e-11 
 1309       9.530742866418e-11 
 1310       9.545405371161e-11 
 1311       9.560716258532e-11 
 1312       9.576658847804e-11 
 1313       9.593216343210e-11 
 1314       9.610371833707e-11 
 1315       9.628108292753e-11 
 1316       9.646408578076e-11 
 1317       9.665255431452e-11 
 1318       9.684631478471e-11 
 1319       9.704519228314e-11 
 1320       9.724901073524e-11 
 1321       9.745759289779e-11 
 1322       9.767076035662e-11 
 1323       9.788833352439e-11 
 1324       9.811013163826e-11 
 1325       9.833597275762e-11 
 1326       9.856567376186e-11 
 1327       9.879905034805e-11 
 1328       9.903591702868e-11 
 1329       9.927608712938e-11 
 1330       9.951937278666e-11 
 1331       9.976558494563e-11 
 1332       1.000145333577e-10 
 1333       1.002660265783e-10 
 1334       1.005198719648e-10 
 1335       1.007758756737e-10 
 1336       1.010338426592e-10 
 1337       1.012935766700e-10 
 1338       1.015548802477e-10 
 1339       1.018175547243e-10 
 1340       1.020814002198e-10 
 1341       1.023462156402e-10 
 1342       1.026117986750e-10 
 1343       1.028779457948e-10 
 1344       1.031444522496e-10 
 1345       1.034111120658e-10 
 1346       1.036777287767e-10 
 1347       1.039441477441e-10 
 1348       1.042102241833e-10 
 1349       1.044758124606e-10 
 1350       1.047407660925e-10 
 1351       1.050049377435e-10 
 1352       1.052681792247e-10 
 1353       1.055303414926e-10 
 1354       1.057912746469e-10 
 1355       1.060508279295e-10 
 1356       1.063088497226e-10 
 1357       1.065651875472e-10 
 1358       1.068196880619e-10 
 1359       1.070721970605e-10 
 1360       1.073225594713e-10 
 1361       1.075706193551e-10 
 1362       1.078162199038e-10 
 1363       1.080592034385e-10 
 1364       1.082994114085e-10 
 1365       1.085366843891e-10 
 1366       1.087708620808e-10 
 1367       1.090017833069e-10 
 1368       1.092292860124e-10 
 1369       1.094532072625e-10 
 1370       1.096733832409e-10 
 1371       1.098896492480e-10 
 1372       1.101018396999e-10 
 1373       1.103097881263e-10 
 1374       1.105133271691e-10 
 1375       1.107122885810e-10 
 1376       1.109065032239e-10 
 1377       1.110958010669e-10 
 1378       1.112800111854e-10 
 1379       1.114589617592e-10 
 1380       1.116324800708e-10 
 1381       1.118003925040e-10 
 1382       1.119625245425e-10 
 1383       1.121187007679e-10 
 1384       1.122687448586e-10 
 1385       1.124125016619e-10 
 1386       1.125499036691e-10 
 1387       1.126809052390e-10 
 1388       1.128054605879e-10 
 1389       1.129235237891e-10 
 1390       1.130350487728e-10 
 1391       1.131399893261e-10 
 1392       1.132382990924e-10 
 1393       1.133299315716e-10 
 1394       1.134148401196e-10 
 1395       1.134929779486e-10 
 1396       1.135642981264e-10 
 1397       1.136287535763e-10 
 1398       1.136862970773e-10 
 1399       1.137368812634e-10 
 1400       1.137804586240e-10 
 1401       1.138169815029e-10 
 1402       1.138464020990e-10 
 1403       1.138686724655e-10 
 1404       1.138837445101e-10 
 1405       1.138915699944e-10 
 1406       1.138921005341e-10 
 1407       1.138852875987e-10 
 1408       1.138710825112e-10 
 1409       1.138494364480e-10 
 1410       1.138203004388e-10 
 1411       1.137836253662e-10 
 1412       1.137393619657e-10 
 1413       1.136874608256e-10 
 1414       1.136278723864e-10 
 1415       1.135605469411e-10 
 1416       1.134854346348e-10 
 1417       1.134024854644e-10 
 1418       1.133116492787e-10 
 1419       1.132128757777e-10 
 1420       1.131061145133e-10 
 1421       1.129913148881e-10 
 1422       1.128684261559e-10 
 1423       1.127373974214e-10 
 1424       1.125981970446e-10 
 1425       1.124508710732e-10 
 1426       1.122954854103e-10 
 1427       1.121321064645e-10 
 1428       1.119608011512e-10 
 1429       1.117816368938e-10 
 1430       1.115946816238e-10 
 1431       1.114000037829e-10 
 1432       1.111976723230e-10 
 1433       1.109877567076e-10 
 1434       1.107703269130e-10 
 1435       1.105454534285e-10 
 1436       1.103132072583e-10 
 1437       1.100736599217e-10 
 1438       1.098268834544e-10 
 1439       1.095729504096e-10 
 1440       1.093119338586e-10 
 1441       1.090439073919e-10 
 1442       1.087689451205e-10 
 1443       1.084871216763e-10 
 1444       1.081985122135e-10 
 1445       1.079031924093e-10 
 1446       1.076012384649e-10 
 1447       1.072927271068e-10 
 1448       1.069777355871e-10 
 1449       1.066563416853e-10 
 1450       1.063286237084e-10 
 1451       1.059946604925e-10 
 1452       1.056545314035e-10 
 1453       1.053083163380e-10 
 1454       1.049560957246e-10 
 1455       1.045979505244e-10 
 1456       1.042339622323e-10 
 1457       1.038642128777e-10 
 1458       1.034887850258e-10 
 1459       1.031077617784e-10 
 1460       1.027212267747e-10 
 1461       1.023292641923e-10 
 1462       1.019319587487e-10 
 1463       1.015294020722e-10 
 1464       1.011217118866e-10 
 1465       1.007090130203e-10 
 1466       1.002914310549e-10 
 1467       9.986909232598e-11 
 1468       9.944212392465e-11 
 1469       9.901065369881e-11 
 1470       9.857481025449e-11 
 1471       9.813472295716e-11 
 1472       9.769052193302e-11 
 1473       9.724233807040e-11 
 1474       9.679030302099e-11 
 1475       9.633454920121e-11 
 1476       9.587520979352e-11 
 1477       9.541241874774e-11 
 1478       9.494631078235e-11 
 1479       9.447702138584e-11 
 1480       9.400468681803e-11 
 1481       9.352944411135e-11 
 1482       9.305143107219e-11 
 1483       9.257078628223e-11 
 1484       9.208764909973e-11 
 1485       9.160215966087e-11 
 1486       9.111445888107e-11 
 1487       9.062468845628e-11 
 1488       9.013299086436e-11 
 1489       8.963950936632e-11 
 1490       8.914438800772e-11 
 1491       8.864777161992e-11 
 1492       8.814980582146e-11 
 1493       8.765063701934e-11 
 1494       8.715041241033e-11 
 1495       8.664927998233e-11 
 1496       8.614738851568e-11 
 1497       8.564488758445e-11 
 1498       8.514192755777e-11 
 1499       8.463865960120e-11 
 1500       8.413523567796e-11 
 1501       8.363180855032e-11 
 1502       8.312852366281e-11 
 1503       8.262549470278e-11 
 1504       8.212282780448e-11 
 1505       8.162062964642e-11 
 1506       8.111900745225e-11 
 1507       8.061806899171e-11 
 1508       8.011792258142e-11 
 1509       7.961867708586e-11 
 1510       7.912044191820e-11 
 1511       7.862332704122e-11 
 1512       7.812744296817e-11 
 1513       7.763290076368e-11 
 1514       7.713981204465e-11 
 1515       7.664828898112e-11 
 1516       7.615844429716e-11 
 1517       7.567039127177e-11 
 1518       7.518424373979e-11 
 1519       7.470011609272e-11 
 1520       7.421812327968e-11 
 1521       7.373838080824e-11 
 1522       7.326100474537e-11 
 1523       7.278611171828e-11 
 1524       7.231381891530e-11 
 1525       7.184424408681e-11 
 1526       7.137750554612e-11 
 1527       7.091372217032e-11 
 1528       7.045301340121e-11 
 1529       6.999549924618e-11 
 1530       6.954130027905e-11 
 1531       6.909053764106e-11 
 1532       6.864333304164e-11 
 1533       6.819980875939e-11 
 1534       6.776008764291e-11 
 1535       6.732429311173e-11 
 1536       6.689254915717e-11 
 1537       6.646498034323e-11 
 1538       6.604171180750e-11 
 1539       6.562286926201e-11 
 1540       6.520857899417e-11 
 1541       6.479895215328e-11 
 1542       6.439403744532e-11 
 1543       6.399386799091e-11 
 1544       6.359847699899e-11 
 1545       6.320789776689e-11 
 1546       6.282216368047e-11 
 1547       6.244130821415e-11 
 1548       6.206536493109e-11 
 1549       6.169436748317e-11 
 1550       6.132834961122e-11 
 1551       6.096734514499e-11 
 1552       6.061138800332e-11 
 1553       6.026051219421e-11 
 1554       5.991475181493e-11 
 1555       5.957414105209e-11 
 1556       5.923871418174e-11 
 1557       5.890850556948e-11 
 1558       5.858354967056e-11 
 1559       5.826388102993e-11 
 1560       5.794953428238e-11 
 1561       5.764054415262e-11 
 1562       5.733694545538e-11 
 1563       5.703877309549e-11 
 1564       5.674606206798e-11 
 1565       5.645884745817e-11 
 1566       5.617716444179e-11 
 1567       5.590104828506e-11 
 1568       5.563053434474e-11 
 1569       5.536565806832e-11 
 1570       5.510645499401e-11 
 1571       5.485296075092e-11 
 1572       5.460521105910e-11 
 1573       5.436324172966e-11 
 1574       5.412708866485e-11 
 1575       5.389678785817e-11 
 1576       5.367237539445e-11 
 1577       5.345388744996e-11 
 1578       5.324136029248e-11 
 1579       5.303483028142e-11 
 1580       5.283432031706e-11 
 1581       5.263979905084e-11 
 1582       5.245122129761e-11 
 1583       5.226854155164e-11 
 1584       5.209171398602e-11 
 1585       5.192069245220e-11 
 1586       5.175543047933e-11 
 1587       5.159588127376e-11 
 1588       5.144199771848e-11 
 1589       5.129373237257e-11 
 1590       5.115103747059e-11 
 1591       5.101386492209e-11 
 1592       5.088216631103e-11 
 1593       5.075589289520e-11 
 1594       5.063499560571e-11 
 1595       5.051942504638e-11 
 1596       5.040913149323e-11 
 1597       5.030406489389e-11 
 1598       5.020417486708e-11 
 1599       5.010941070201e-11 
 1600       5.001972135784e-11 
 1601       4.993505546315e-11 
 1602       4.985536131535e-11 
 1603       4.978058688013e-11 
 1604       4.971067979092e-11 
 1605       4.964558734832e-11 
 1606       4.958525651954e-11 
 1607       4.952963393786e-11 
 1608       4.947866590204e-11 
 1609       4.943229837581e-11 
 1610       4.939047698728e-11 
 1611       4.935314702839e-11 
 1612       4.932025345438e-11 
 1613       4.929174088317e-11 
 1614       4.926755359488e-11 
 1615       4.924763553121e-11 
 1616       4.923193029494e-11 
 1617       4.922038114933e-11 
 1618       4.921293101756e-11 
 1619       4.920951820775e-11 
 1620       4.921006354672e-11 
 1621       4.921448312883e-11 
 1622       4.922269257914e-11 
 1623       4.923460705268e-11 
 1624       4.925014123369e-11 
 1625       4.926920933484e-11 
 1626       4.929172509654e-11 
 1627       4.931760178609e-11 
 1628       4.934675219705e-11 
 1629       4.937908864839e-11 
 1630       4.941452298376e-11 
 1631       4.945296657079e-11 
 1632       4.949433030028e-11 
 1633       4.953852458544e-11 
 1634       4.958545936121e-11 
 1635       4.963504408344e-11 
 1636       4.968718772815e-11 
 1637       4.974179879081e-11 
 1638       4.979878528555e-11 
 1639       4.985805474443e-11 
 1640       4.991951421670e-11 
 1641       4.998307026798e-11 
 1642       5.004862897962e-11 
 1643       5.011609594785e-11 
 1644       5.018537628306e-11 
 1645       5.025637460907e-11 
 1646       5.032899506236e-11 
 1647       5.040314129129e-11 
 1648       5.047871645542e-11 
 1649       5.055562322467e-11 
 1650       5.063376377865e-11 
 1651       5.071303980583e-11 
 1652       5.079335250287e-11 
 1653       5.087460257378e-11 
 1654       5.095669022926e-11 
 1655       5.103951518587e-11 
 1656       5.112297666531e-11 
 1657       5.120697339369e-11 
 1658       5.129140913925e-11 
 1659       5.137620938058e-11 
 1660       5.146130478405e-11 
 1661       5.154662567803e-11 
 1662       5.163210205250e-11 
 1663       5.171766355844e-11 
 1664       5.180323950736e-11 
 1665       5.188875887081e-11 
 1666       5.197415027982e-11 
 1667       5.205934202446e-11 
 1668       5.214426205324e-11 
 1669       5.222883797267e-11 
 1670       5.231299704673e-11 
 1671       5.239666619634e-11 
 1672       5.247977199889e-11 
 1673       5.256224068768e-11 
 1674       5.264399815145e-11 
 1675       5.272496993384e-11 
 1676       5.280508123292e-11 
 1677       5.288425690062e-11 
 1678       5.296242144228e-11 
 1679       5.303949901609e-11 
 1680       5.311541343263e-11 
 1681       5.319008815430e-11 
 1682       5.326344629487e-11 
 1683       5.333541061892e-11 
 1684       5.340590354136e-11 
 1685       5.347484712690e-11 
 1686       5.354216308958e-11 
 1687       5.360777279218e-11 
 1688       5.367159724581e-11 
 1689       5.373355710930e-11 
 1690       5.379357268878e-11 
 1691       5.385156393710e-11 
 1692       5.390745045336e-11 
 1693       5.396115148237e-11 
 1694       5.401258591419e-11 
 1695       5.406167228355e-11 
 1696       5.410832876938e-11 
 1697       5.415248378664e-11 
 1698       5.419410786251e-11 
 1699       5.423318203404e-11 
 1700       5.426968728061e-11 
 1701       5.430360452393e-11 
 1702       5.433491462794e-11 
 1703       5.436359839876e-11 
 1704       5.438963658459e-11 
 1705       5.441300987569e-11 
 1706       5.443369890424e-11 
 1707       5.445168424435e-11 
 1708       5.446694641194e-11 
 1709       5.447946586467e-11 
 1710       5.448922300190e-11 
 1711       5.449619816459e-11 
 1712       5.450037163526e-11 
 1713       5.450172363790e-11 
 1714       5.450023433789e-11 
 1715       5.449588384198e-11 
 1716       5.448865219817e-11 
 1717       5.447851939564e-11 
 1718       5.446546536474e-11 
 1719       5.444946997684e-11 
 1720       5.443051304433e-11 
 1721       5.440857432050e-11 
 1722       5.438363349950e-11 
 1723       5.435567021628e-11 
 1724       5.432466404647e-11 
 1725       5.429059450636e-11 
 1726       5.425344105283e-11 
 1727       5.421318308325e-11 
 1728       5.416979993541e-11 
 1729       5.412327088750e-11 
 1730       5.407357515799e-11 
 1731       5.402069190557e-11 
 1732       5.396460022911e-11 
 1733       5.390527916755e-11 
 1734       5.384270769986e-11 
 1735       5.377686474495e-11 
 1736       5.370773800846e-11 
 1737       5.363535060463e-11 
 1738       5.355973465865e-11 
 1739       5.348092248051e-11 
 1740       5.339894656524e-11 
 1741       5.331383959323e-11 
 1742       5.322563443049e-11 
 1743       5.313436412895e-11 
 1744       5.304006192671e-11 
 1745       5.294276124836e-11 
 1746       5.284249570527e-11 
 1747       5.273929909580e-11 
 1748       5.263320540568e-11 
 1749       5.252424880823e-11 
 1750       5.241246366465e-11 
 1751       5.229788452433e-11 
 1752       5.218054612510e-11 
 1753       5.206048339354e-11 
 1754       5.193773144524e-11 
 1755       5.181232558509e-11 
 1756       5.168430130758e-11 
 1757       5.155369429705e-11 
 1758       5.142054042802e-11 
 1759       5.128487576542e-11 
 1760       5.114673656490e-11 
 1761       5.100615927311e-11 
 1762       5.086318052799e-11 
 1763       5.071783715904e-11 
 1764       5.057016618760e-11 
 1765       5.042020482716e-11 
 1766       5.026799048361e-11 
 1767       5.011356075553e-11 
 1768       4.995695343449e-11 
 1769       4.979820650532e-11 
 1770       4.963735814640e-11 
 1771       4.947444672991e-11 
 1772       4.930951082218e-11 
 1773       4.914258918389e-11 
 1774       4.897372077044e-11 
 1775       4.880294730170e-11 
 1776       4.863032099411e-11 
 1777       4.845589689295e-11 
 1778       4.827973030891e-11 
 1779       4.810187681848e-11 
 1780       4.792239226435e-11 
 1781       4.774133275579e-11 
 1782       4.755875466901e-11 
 1783       4.737471464755e-11 
 1784       4.718926960268e-11 
 1785       4.700247671375e-11 
 1786       4.681439342858e-11 
 1787       4.662507746385e-11 
 1788       4.643458680549e-11 
 1789       4.624297970902e-11 
 1790       4.605031469997e-11 
 1791       4.585665057424e-11 
 1792       4.566204639850e-11 
 1793       4.546656151055e-11 
 1794       4.527025551970e-11 
 1795       4.507318830718e-11 
 1796       4.487542002647e-11 
 1797       4.467701110375e-11 
 1798       4.447802223820e-11 
 1799       4.427851440244e-11 
 1800       4.407854884291e-11 
 1801       4.387818708019e-11 
 1802       4.367749090946e-11 
 1803       4.347652240083e-11 
 1804       4.327534389973e-11 
 1805       4.307401802730e-11 
 1806       4.287260768077e-11 
 1807       4.267117603382e-11 
 1808       4.246978653700e-11 
 1809       4.226850291806e-11 
 1810       4.206738918238e-11 
 1811       4.186650961331e-11 
 1812       4.166592877259e-11 
 1813       4.146571150069e-11 
 1814       4.126591900349e-11 
 1815       4.106659707693e-11 
 1816       4.086778778812e-11 
 1817       4.066953338069e-11 
 1818       4.047187627501e-11 
 1819       4.027485906843e-11 
 1820       4.007852453554e-11 
 1821       3.988291562839e-11 
 1822       3.968807547672e-11 
 1823       3.949404738822e-11 
 1824       3.930087484874e-11 
 1825       3.910860152258e-11 
 1826       3.891727125264e-11 
 1827       3.872692806075e-11 
 1828       3.853761614787e-11 
 1829       3.834937989429e-11 
 1830       3.816226385995e-11 
 1831       3.797631278459e-11 
 1832       3.779157158805e-11 
 1833       3.760808537050e-11 
 1834       3.742589941264e-11 
 1835       3.724505917598e-11 
 1836       3.706561030306e-11 
 1837       3.688759861769e-11 
 1838       3.671107012517e-11 
 1839       3.653607101256e-11 
 1840       3.636264764892e-11 
 1841       3.619084658550e-11 
 1842       3.602071455602e-11 
 1843       3.585229847691e-11 
 1844       3.568564544752e-11 
 1845       3.552080275037e-11 
 1846       3.535781785141e-11 
 1847       3.519673840021e-11 
 1848       3.503761223026e-11 
 1849       3.488048735915e-11 
 1850       3.472541198884e-11 
 1851       3.457243450589e-11 
 1852       3.442160348170e-11 
 1853       3.427296066121e-11 
 1854       3.412651986805e-11 
 1855       3.398228793325e-11 
 1856       3.384027169168e-11 
 1857       3.370047798201e-11 
 1858       3.356291364672e-11 
 1859       3.342758553211e-11 
 1860       3.329450048825e-11 
 1861       3.316366536899e-11 
 1862       3.303508703198e-11 
 1863       3.290877233864e-11 
 1864       3.278472815413e-11 
 1865       3.266296134740e-11 
 1866       3.254347879113e-11 
 1867       3.242628736175e-11 
 1868       3.231139393943e-11 
 1869       3.219880540807e-11 
 1870       3.208852865528e-11 
 1871       3.198057057241e-11 
 1872       3.187493805449e-11 
 1873       3.177163800028e-11 
 1874       3.167067731221e-11 
 1875       3.157206289642e-11 
 1876       3.147580166272e-11 
 1877       3.138190052459e-11 
 1878       3.129036639918e-11 
 1879       3.120120620730e-11 
 1880       3.111442687343e-11 
 1881       3.103003532567e-11 
 1882       3.094803849576e-11 
 1883       3.086844331910e-11 
 1884       3.079125673469e-11 
 1885       3.071648568515e-11 
 1886       3.064413711673e-11 
 1887       3.057421797925e-11 
 1888       3.050673522616e-11 
 1889       3.044169581448e-11 
 1890       3.037910670482e-11 
 1891       3.031897486138e-11 
 1892       3.026130168374e-11 
 1893       3.020606625538e-11 
 1894       3.015324196557e-11 
 1895       3.010280206563e-11 
 1896       3.005471966869e-11 
 1897       3.000896774953e-11 
 1898       2.996551914437e-11 
 1899       2.992434655066e-11 
 1900       2.988542252693e-11 
 1901       2.984871949256e-11 
 1902       2.981420972760e-11 
 1903       2.978186537258e-11 
 1904       2.975165842830e-11 
 1905       2.972356075565e-11 
 1906       2.969754407542e-11 
 1907       2.967357996810e-11 
 1908       2.965163987367e-11 
 1909       2.963169509146e-11 
 1910       2.961371677988e-11 
 1911       2.959767595628e-11 
 1912       2.958354349675e-11 
 1913       2.957129013592e-11 
 1914       2.956088646676e-11 
 1915       2.955230294038e-11 
 1916       2.954550986587e-11 
 1917       2.954047741006e-11 
 1918       2.953717559739e-11 
 1919       2.953557430963e-11 
 1920       2.953564328577e-11 
 1921       2.953735212177e-11 
 1922       2.954067027041e-11 
 1923       2.954556704104e-11 
 1924       2.955201159945e-11 
 1925       2.955997296763e-11 
 1926       2.956942002360e-11 
 1927       2.958032150120e-11 
 1928       2.959264598992e-11 
 1929       2.960636193468e-11 
 1930       2.962143763566e-11 
 1931       2.963783999774e-11 
 1932       2.965553076900e-11 
 1933       2.967447027332e-11 
 1934       2.969461865795e-11 
 1935       2.971593589320e-11 
 1936       2.973838177228e-11 
 1937       2.976191591104e-11 
 1938       2.978649774772e-11 
 1939       2.981208654272e-11 
 1940       2.983864137840e-11 
 1941       2.986612115881e-11 
 1942       2.989448460946e-11 
 1943       2.992369027709e-11 
 1944       2.995369652947e-11 
 1945       2.998446155511e-11 
 1946       3.001594336305e-11 
 1947       3.004809978264e-11 
 1948       3.008088846330e-11 
 1949       3.011426687427e-11 
 1950       3.014819230438e-11 
 1951       3.018262186186e-11 
 1952       3.021751247402e-11 
 1953       3.025282088710e-11 
 1954       3.028850366599e-11 
 1955       3.032451719402e-11 
 1956       3.036081767270e-11 
 1957       3.039736112150e-11 
 1958       3.043410337764e-11 
 1959       3.047100009581e-11 
 1960       3.050800674796e-11 
 1961       3.054507862309e-11 
 1962       3.058217082696e-11 
 1963       3.061923828191e-11 
 1964       3.065623572661e-11 
 1965       3.069311771579e-11 
 1966       3.072983862007e-11 
 1967       3.076635262568e-11 
 1968       3.080261373423e-11 
 1969       3.083857576250e-11 
 1970       3.087419538428e-11 
 1971       3.090944128117e-11 
 1972       3.094428505928e-11 
 1973       3.097869821321e-11 
 1974       3.101265212589e-11 
 1975       3.104611806845e-11 
 1976       3.107906720009e-11 
 1977       3.111147056788e-11 
 1978       3.114329910671e-11 
 1979       3.117452363909e-11 
 1980       3.120511487503e-11 
 1981       3.123504341188e-11 
 1982       3.126427973423e-11 
 1983       3.129279421373e-11 
 1984       3.132055710898e-11 
 1985       3.134753856537e-11 
 1986       3.137370861494e-11 
 1987       3.139903717626e-11 
 1988       3.142349405428e-11 
 1989       3.144704894018e-11 
 1990       3.146967141124e-11 
 1991       3.149133093070e-11 
 1992       3.151199684763e-11 
 1993       3.153163839675e-11 
 1994       3.155022469834e-11 
 1995       3.156772475810e-11 
 1996       3.158410746695e-11 
 1997       3.159934160094e-11 
 1998       3.161339582114e-11 
 1999       3.162623867340e-11 
 2000       3.163783858831e-11 
 2001       3.164816388102e-11 
 2002       3.165718275108e-11 
 2003       3.166486328235e-11 
 2004       3.167117344281e-11 
 2005       3.167608108445e-11 
 2006       3.167955394312e-11 
 2007       3.168155963840e-11 
 2008       3.168206567344e-11 
 2009       3.168104435635e-11 
 2010       3.167848760372e-11 
 2011       3.167439224465e-11 
 2012       3.166875510907e-11 
 2013       3.166157302773e-11 
 2014       3.165284283220e-11 
 2015       3.164256135488e-11 
 2016       3.163072542903e-11 
 2017       3.161733188876e-11 
 2018       3.160237756900e-11 
 2019       3.158585930558e-11 
 2020       3.156777393518e-11 
 2021       3.154811829535e-11 
 2022       3.152688922453e-11 
 2023       3.150408356205e-11 
 2024       3.147969814811e-11 
 2025       3.145372982385e-11 
 2026       3.142617543127e-11 
 2027       3.139703181332e-11 
 2028       3.136629581385e-11 
 2029       3.133396427765e-11 
 2030       3.130003405043e-11 
 2031       3.126450197883e-11 
 2032       3.122736491047e-11 
 2033       3.118861969389e-11 
 2034       3.114826317860e-11 
 2035       3.110629221507e-11 
 2036       3.106270365476e-11 
 2037       3.101749435007e-11 
 2038       3.097066115443e-11 
 2039       3.092220092223e-11 
 2040       3.087211050886e-11 
 2041       3.082038677073e-11 
 2042       3.076702656524e-11 
 2043       3.071202675083e-11 
 2044       3.065538418694e-11 
 2045       3.059709573406e-11 
 2046       3.053715825370e-11 
 2047       3.047556860842e-11 
 2048       3.041232743028e-11 
 2049       3.034745045559e-11 
 2050       3.028095727120e-11 
 2051       3.021286755349e-11 
 2052       3.014320106849e-11 
 2053       3.007197767201e-11 
 2054       2.999921730975e-11 
 2055       2.992494001740e-11 
 2056       2.984916592077e-11 
 2057       2.977191523590e-11 
 2058       2.969320826916e-11 
 2059       2.961306541739e-11 
 2060       2.953150716800e-11 
 2061       2.944855409907e-11 
 2062       2.936422687951e-11 
 2063       2.927854626911e-11 
 2064       2.919153311870e-11 
 2065       2.910320837027e-11 
 2066       2.901359305705e-11 
 2067       2.892270830362e-11 
 2068       2.883057532610e-11 
 2069       2.873721543215e-11 
 2070       2.864265002118e-11 
 2071       2.854690058443e-11 
 2072       2.844998870505e-11 
 2073       2.835193605827e-11 
 2074       2.825276441150e-11 
 2075       2.815249562442e-11 
 2076       2.805115164910e-11 
 2077       2.794875453014e-11 
 2078       2.784532640477e-11 
 2079       2.774088950294e-11 
 2080       2.763546614748e-11 
 2081       2.752907875418e-11 
 2082       2.742174983191e-11 
 2083       2.731350198275e-11 
 2084       2.720435790208e-11 
 2085       2.709434037872e-11 
 2086       2.698347229503e-11 
 2087       2.687177741682e-11 
 2088       2.675928276889e-11 
 2089       2.664601627639e-11 
 2090       2.653200597668e-11 
 2091       2.641728001942e-11 
 2092       2.630186666677e-11 
 2093       2.618579429345e-11 
 2094       2.606909138697e-11 
 2095       2.595178654766e-11 
 2096       2.583390848891e-11 
 2097       2.571548603721e-11 
 2098       2.559654813237e-11 
 2099       2.547712382760e-11 
 2100       2.535724228966e-11 
 2101       2.523693279902e-11 
 2102       2.511622474995e-11 
 2103       2.499514765070e-11 
 2104       2.487373112362e-11 
 2105       2.475200490528e-11 
 2106       2.462999884663e-11 
 2107       2.450774291313e-11 
 2108       2.438526718488e-11 
 2109       2.426260185674e-11 
 2110       2.413977723851e-11 
 2111       2.401682375502e-11 
 2112       2.389377194631e-11 
 2113       2.377065246772e-11 
 2114       2.364749609006e-11 
 2115       2.352433369972e-11 
 2116       2.340119629885e-11 
 2117       2.327811500543e-11 
 2118       2.315512105347e-11 
 2119       2.303224579310e-11 
 2120       2.290952069074e-11 
 2121       2.278697732921e-11 
 2122       2.266464740788e-11 
 2123       2.254256274280e-11 
 2124       2.242075526684e-11 
 2125       2.229925702983e-11 
 2126       2.217809809663e-11 
 2127       2.205730022529e-11 
 2128       2.193688314568e-11 
 2129       2.181686665760e-11 
 2130       2.169727063088e-11 
 2131       2.157811500552e-11 
 2132       2.145941979166e-11 
 2133       2.134120506978e-11 
 2134       2.122349099068e-11 
 2135       2.110629777563e-11 
 2136       2.098964571639e-11 
 2137       2.087355517536e-11 
 2138       2.075804658561e-11 
 2139       2.064314045096e-11 
 2140       2.052885734609e-11 
 2141       2.041521791658e-11 
 2142       2.030224287906e-11 
 2143       2.018995302119e-11 
 2144       2.007836920183e-11 
 2145       1.996751235108e-11 
 2146       1.985740347035e-11 
 2147       1.974806363246e-11 
 2148       1.963951398174e-11 
 2149       1.953177573404e-11 
 2150       1.942487017691e-11 
 2151       1.931881866957e-11 
 2152       1.921364264308e-11 
 2153       1.910936360039e-11 
 2154       1.900600311640e-11 
 2155       1.890358283807e-11 
 2156       1.880212448447e-11 
 2157       1.870164984689e-11 
 2158       1.860218078891e-11 
 2159       1.850373924647e-11 
 2160       1.840634722796e-11 
 2161       1.831002681431e-11 
 2162       1.821480015904e-11 
 2163       1.812068948837e-11 
 2164       1.802771710128e-11 
 2165       1.793590205465e-11 
 2166       1.784525019395e-11 
 2167       1.775576405527e-11 
 2168       1.766744617419e-11 
 2169       1.758029908576e-11 
 2170       1.749432532451e-11 
 2171       1.740952742439e-11 
 2172       1.732590791886e-11 
 2173       1.724346934080e-11 
 2174       1.716221422253e-11 
 2175       1.708214509585e-11 
 2176       1.700326449196e-11 
 2177       1.692557494151e-11 
 2178       1.684907897460e-11 
 2179       1.677377912071e-11 
 2180       1.669967790877e-11 
 2181       1.662677786713e-11 
 2182       1.655508152354e-11 
 2183       1.648459140515e-11 
 2184       1.641531003852e-11 
 2185       1.634723994962e-11 
 2186       1.628038366379e-11 
 2187       1.621474370576e-11 
 2188       1.615032259967e-11 
 2189       1.608712286900e-11 
 2190       1.602514703664e-11 
 2191       1.596439762483e-11 
 2192       1.590487715516e-11 
 2193       1.584658814863e-11 
 2194       1.578953312554e-11 
 2195       1.573371460558e-11 
 2196       1.567913510776e-11 
 2197       1.562579715045e-11 
 2198       1.557370325136e-11 
 2199       1.552285592752e-11 
 2200       1.547325769529e-11 
 2201       1.542491107035e-11 
 2202       1.537781856772e-11 
 2203       1.533198270171e-11 
 2204       1.528740346397e-11 
 2205       1.524407073915e-11 
 2206       1.520197183887e-11 
 2207       1.516109401901e-11 
 2208       1.512142447968e-11 
 2209       1.508295036513e-11 
 2210       1.504565876369e-11 
 2211       1.500953670772e-11 
 2212       1.497457117352e-11 
 2213       1.494074908128e-11 
 2214       1.490805729498e-11 
 2215       1.487648262238e-11 
 2216       1.484601181491e-11 
 2217       1.481663156760e-11 
 2218       1.478832851905e-11 
 2219       1.476108925133e-11 
 2220       1.473490028993e-11 
 2221       1.470974810368e-11 
 2222       1.468561910469e-11 
 2223       1.466249964828e-11 
 2224       1.464037603294e-11 
 2225       1.461923450021e-11 
 2226       1.459906123465e-11 
 2227       1.457984236379e-11 
 2228       1.456156395800e-11 
 2229       1.454421203049e-11 
 2230       1.452777253721e-11 
 2231       1.451223137678e-11 
 2232       1.449757439045e-11 
 2233       1.448378736198e-11 
 2234       1.447085601765e-11 
 2235       1.445876602612e-11 
 2236       1.444750299840e-11 
 2237       1.443705248779e-11 
 2238       1.442739998979e-11 
 2239       1.441853094204e-11 
 2240       1.441043072427e-11 
 2241       1.440308465821e-11 
 2242       1.439647800752e-11 
 2243       1.439059545050e-11 
 2244       1.438541949443e-11 
 2245       1.438093205072e-11 
 2246       1.437711496115e-11 
 2247       1.437394999780e-11 
 2248       1.437141886297e-11 
 2249       1.436950318909e-11 
 2250       1.436818453864e-11 
 2251       1.436744440410e-11 
 2252       1.436726420782e-11 
 2253       1.436762530198e-11 
 2254       1.436850896851e-11 
 2255       1.436989641897e-11 
 2256       1.437176879454e-11 
 2257       1.437410716586e-11 
 2258       1.437689253301e-11 
 2259       1.438010582543e-11 
 2260       1.438372790177e-11 
 2261       1.438773954993e-11 
 2262       1.439212148685e-11 
 2263       1.439685435854e-11 
 2264       1.440191873992e-11 
 2265       1.440729513481e-11 
 2266       1.441296397578e-11 
 2267       1.441890562413e-11 
 2268       1.442510036977e-11 
 2269       1.443152843118e-11 
 2270       1.443816995527e-11 
 2271       1.444500501738e-11 
 2272       1.445201362114e-11 
 2273       1.445917569840e-11 
 2274       1.446647110916e-11 
 2275       1.447387964152e-11 
 2276       1.448138101153e-11 
 2277       1.448895486319e-11 
 2278       1.449658076829e-11 
 2279       1.450423822641e-11 
 2280       1.451190666479e-11 
 2281       1.451956543826e-11 
 2282       1.452719518703e-11 
 2283       1.453478191981e-11 
 2284       1.454231295670e-11 
 2285       1.454977557370e-11 
 2286       1.455715700265e-11 
 2287       1.456444443117e-11 
 2288       1.457162500259e-11 
 2289       1.457868581598e-11 
 2290       1.458561392601e-11 
 2291       1.459239634295e-11 
 2292       1.459902003263e-11 
 2293       1.460547191637e-11 
 2294       1.461173887091e-11 
 2295       1.461780772844e-11 
 2296       1.462366527646e-11 
 2297       1.462929825779e-11 
 2298       1.463469337051e-11 
 2299       1.463983726789e-11 
 2300       1.464471655838e-11 
 2301       1.464931780553e-11 
 2302       1.465362752794e-11 
 2303       1.465763219925e-11 
 2304       1.466131824805e-11 
 2305       1.466467205785e-11 
 2306       1.466767996703e-11 
 2307       1.467032826879e-11 
 2308       1.467260321112e-11 
 2309       1.467449099671e-11 
 2310       1.467597778295e-11 
 2311       1.467704968183e-11 
 2312       1.467769275996e-11 
 2313       1.467789303844e-11 
 2314       1.467763649289e-11 
 2315       1.467690905336e-11 
 2316       1.467569660426e-11 
 2317       1.467398498438e-11 
 2318       1.467175998677e-11 
 2319       1.466900735874e-11 
 2320       1.466571280179e-11 
 2321       1.466186410229e-11 
 2322       1.465745753831e-11 
 2323       1.465249151308e-11 
 2324       1.464696442798e-11 
 2325       1.464087468253e-11 
 2326       1.463422067437e-11 
 2327       1.462700079927e-11 
 2328       1.461921345115e-11 
 2329       1.461085702204e-11 
 2330       1.460192990210e-11 
 2331       1.459243047965e-11 
 2332       1.458235714110e-11 
 2333       1.457170827100e-11 
 2334       1.456048225204e-11 
 2335       1.454867746503e-11 
 2336       1.453629228888e-11 
 2337       1.452332510067e-11 
 2338       1.450977427558e-11 
 2339       1.449563818689e-11 
 2340       1.448091520605e-11 
 2341       1.446560370260e-11 
 2342       1.444970204422e-11 
 2343       1.443320859668e-11 
 2344       1.441612172389e-11 
 2345       1.439843978790e-11 
 2346       1.438016114884e-11 
 2347       1.436128416498e-11 
 2348       1.434180719269e-11 
 2349       1.432172858648e-11 
 2350       1.430104669896e-11 
 2351       1.427975988085e-11 
 2352       1.425786648099e-11 
 2353       1.423536484634e-11 
 2354       1.421225332197e-11 
 2355       1.418853025104e-11 
 2356       1.416419397485e-11 
 2357       1.413924283280e-11 
 2358       1.411367516240e-11 
 2359       1.408748929925e-11 
 2360       1.406068518821e-11 
 2361       1.403326922755e-11 
 2362       1.400524945485e-11 
 2363       1.397663393860e-11 
 2364       1.394743077824e-11 
 2365       1.391764810421e-11 
 2366       1.388729407796e-11 
 2367       1.385637689202e-11 
 2368       1.382490477000e-11 
 2369       1.379288596664e-11 
 2370       1.376032876783e-11 
 2371       1.372724149067e-11 
 2372       1.369363248348e-11 
 2373       1.365951012584e-11 
 2374       1.362488282864e-11 
 2375       1.358975903407e-11 
 2376       1.355414721573e-11 
 2377       1.351805587858e-11 
 2378       1.348149355903e-11 
 2379       1.344446882495e-11 
 2380       1.340699027571e-11 
 2381       1.336906654222e-11 
 2382       1.333070628695e-11 
 2383       1.329191820398e-11 
 2384       1.325271101902e-11 
 2385       1.321309348946e-11 
 2386       1.317307440437e-11 
 2387       1.313266258459e-11 
 2388       1.309186688272e-11 
 2389       1.305069618314e-11 
 2390       1.300915940212e-11 
 2391       1.296726548776e-11 
 2392       1.292502342008e-11 
 2393       1.288244221106e-11 
 2394       1.283953090464e-11 
 2395       1.279629857676e-11 
 2396       1.275275433542e-11 
 2397       1.270890732070e-11 
 2398       1.266476670478e-11 
 2399       1.262034198112e-11 
 2400       1.257564383377e-11 
 2401       1.253068327346e-11 
 2402       1.248547134892e-11 
 2403       1.244001914699e-11 
 2404       1.239433779262e-11 
 2405       1.234843844893e-11 
 2406       1.230233231722e-11 
 2407       1.225603063704e-11 
 2408       1.220954468625e-11 
 2409       1.216288578098e-11 
 2410       1.211606527576e-11 
 2411       1.206909456350e-11 
 2412       1.202198507556e-11 
 2413       1.197474828179e-11 
 2414       1.192739569054e-11 
 2415       1.187993884873e-11 
 2416       1.183238934188e-11 
 2417       1.178475879416e-11 
 2418       1.173705886842e-11 
 2419       1.168930126621e-11 
 2420       1.164149772786e-11 
 2421       1.159366003249e-11 
 2422       1.154579999808e-11 
 2423       1.149792948147e-11 
 2424       1.145006037843e-11 
 2425       1.140220462369e-11 
 2426       1.135437419098e-11 
 2427       1.130658109307e-11 
 2428       1.125883738182e-11 
 2429       1.121115514819e-11 
 2430       1.116354652232e-11 
 2431       1.111602367354e-11 
 2432       1.106859881043e-11 
 2433       1.102128418084e-11 
 2434       1.097409207196e-11 
 2435       1.092703481032e-11 
 2436       1.088012476185e-11 
 2437       1.083337433194e-11 
 2438       1.078679514956e-11 
 2439       1.074039561435e-11 
 2440       1.069418333487e-11 
 2441       1.064816594322e-11 
 2442       1.060235109502e-11 
 2443       1.055674646945e-11 
 2444       1.051135976931e-11 
 2445       1.046619872095e-11 
 2446       1.042127107441e-11 
 2447       1.037658460334e-11 
 2448       1.033214710511e-11 
 2449       1.028796640075e-11 
 2450       1.024405033505e-11 
 2451       1.020040677653e-11 
 2452       1.015704361750e-11 
 2453       1.011396877405e-11 
 2454       1.007119018610e-11 
 2455       1.002871581741e-11 
 2456       9.986553655622e-12 
 2457       9.944711712241e-12 
 2458       9.903198022707e-12 
 2459       9.862020646394e-12 
 2460       9.821187666635e-12 
 2461       9.780707190750e-12 
 2462       9.740587350067e-12 
 2463       9.700836299946e-12 
 2464       9.661462219802e-12 
 2465       9.622473313132e-12 
 2466       9.583877807533e-12 
 2467       9.545683954728e-12 
 2468       9.507900030592e-12 
 2469       9.470534335172e-12 
 2470       9.433595192712e-12 
 2471       9.397090951677e-12 
 2472       9.361029984774e-12 
 2473       9.325420688981e-12 
 2474       9.290271485562e-12 
 2475       9.255590820101e-12 
 2476       9.221387162516e-12 
 2477       9.187667055612e-12 
 2478       9.154429248065e-12 
 2479       9.121670526802e-12 
 2480       9.089387665313e-12 
 2481       9.057577423635e-12 
 2482       9.026236548338e-12 
 2483       8.995361772511e-12 
 2484       8.964949815747e-12 
 2485       8.934997384129e-12 
 2486       8.905501170214e-12 
 2487       8.876457853019e-12 
 2488       8.847864098007e-12 
 2489       8.819716557073e-12 
 2490       8.792011868526e-12 
 2491       8.764746657078e-12 
 2492       8.737917533828e-12 
 2493       8.711521096247e-12 
 2494       8.685553928165e-12 
 2495       8.660012599753e-12 
 2496       8.634893667513e-12 
 2497       8.610193674259e-12 
 2498       8.585909149106e-12 
 2499       8.562036607453e-12 
 2500       8.538572550968e-12 
