# dimensionless total [l(l+1)/2pi] C_l's
# for l=2 to 2500, i.e. number of multipoles equal to 2499
#
# -> if you prefer output in CAMB/HealPix/LensPix units/order, set 'format' to 'camb' in input file
# -> if you don't want to see such a header, set 'headers' to 'no' in input file
#
# 1:l     2:TT                 
    2       7.362254087310e-09 
    3       6.851998322943e-09 
    4       6.386731753671e-09 
    5       5.976499274834e-09 
    6       5.615754930909e-09 
    7       5.296789770151e-09 
    8       5.012599328458e-09 
    9       4.757470503885e-09 
   10       4.526847637999e-09 
   11       4.316972590724e-09 
   12       4.124983406012e-09 
   13       3.948609832778e-09 
   14       3.785642828931e-09 
   15       3.634606196301e-09 
   16       3.494263254563e-09 
   17       3.363422273191e-09 
   18       3.240691170659e-09 
   19       3.126499917579e-09 
   20       3.018774014814e-09 
   21       2.917593356787e-09 
   22       2.822035935623e-09 
   23       2.732062481025e-09 
   24       2.646795002071e-09 
   25       2.566207166930e-09 
   26       2.489742951927e-09 
   27       2.417219780528e-09 
   28       2.348087324383e-09 
   29       2.282552989883e-09 
   30       2.220451320106e-09 
   31       2.161104016257e-09 
   32       2.104594557842e-09 
   33       2.050854848965e-09 
   34       1.999489001018e-09 
   35       1.950512583811e-09 
   36       1.903798923257e-09 
   37       1.859024243949e-09 
   38       1.816276161767e-09 
   39       1.775599522997e-09 
   40       1.736805024273e-09 
   41       1.699586928104e-09 
   42       1.663975807061e-09 
   43       1.629995716993e-09 
   44       1.597524536317e-09 
   45       1.566373903733e-09 
   46       1.536587326659e-09 
   47       1.508209686541e-09 
   48       1.481195270941e-09 
   49       1.455400460869e-09 
   50       1.430647383797e-09 
   51       1.406952207051e-09 
   52       1.384346171687e-09 
   53       1.362806163975e-09 
   54       1.342250742293e-09 
   55       1.322579103748e-09 
   56       1.303808421809e-09 
   57       1.285963667079e-09 
   58       1.269035406683e-09 
   59       1.252977504134e-09 
   60       1.237704819202e-09 
   61       1.223125220273e-09 
   62       1.209249221675e-09 
   63       1.196100986000e-09 
   64       1.183684995758e-09 
   65       1.171984841959e-09 
   66       1.160962012689e-09 
   67       1.150554681691e-09 
   68       1.140699301179e-09 
   69       1.131403168835e-09 
   70       1.122684456109e-09 
   71       1.114550088049e-09 
   72       1.106995115112e-09 
   73       1.100002084970e-09 
   74       1.093540414319e-09 
   75       1.087565760682e-09 
   76       1.082033792564e-09 
   77       1.076945787504e-09 
   78       1.072310246380e-09 
   79       1.068128905168e-09 
   80       1.064396401999e-09 
   81       1.061099944216e-09 
   82       1.058218975432e-09 
   83       1.055724842587e-09 
   84       1.053589384999e-09 
   85       1.051813066845e-09 
   86       1.050400919696e-09 
   87       1.049353854894e-09 
   88       1.048668480555e-09 
   89       1.048336918575e-09 
   90       1.048346621640e-09 
   91       1.048680190228e-09 
   92       1.049315189620e-09 
   93       1.050230404820e-09 
   94       1.051426078920e-09 
   95       1.052906394413e-09 
   96       1.054673213139e-09 
   97       1.056725981661e-09 
   98       1.059061636642e-09 
   99       1.061674510231e-09 
  100       1.064556235434e-09 
  101       1.067695651498e-09 
  102       1.071078709286e-09 
  103       1.074688376660e-09 
  104       1.078508898241e-09 
  105       1.082539433850e-09 
  106       1.086782094599e-09 
  107       1.091237706817e-09 
  108       1.095905765284e-09 
  109       1.100784386455e-09 
  110       1.105870261692e-09 
  111       1.111158610492e-09 
  112       1.116643133720e-09 
  113       1.122315966831e-09 
  114       1.128167633107e-09 
  115       1.134186996881e-09 
  116       1.140363802678e-09 
  117       1.146696742854e-09 
  118       1.153186287564e-09 
  119       1.159832162976e-09 
  120       1.166633327363e-09 
  121       1.173587947192e-09 
  122       1.180693373224e-09 
  123       1.187946116600e-09 
  124       1.195341824942e-09 
  125       1.202875258437e-09 
  126       1.210540265938e-09 
  127       1.218329761055e-09 
  128       1.226235698244e-09 
  129       1.234250730544e-09 
  130       1.242373439159e-09 
  131       1.250603635056e-09 
  132       1.258940716995e-09 
  133       1.267383659661e-09 
  134       1.275931001780e-09 
  135       1.284580834257e-09 
  136       1.293330788293e-09 
  137       1.302178023517e-09 
  138       1.311119216109e-09 
  139       1.320150546928e-09 
  140       1.329267689640e-09 
  141       1.338465798840e-09 
  142       1.347739498182e-09 
  143       1.357082868504e-09 
  144       1.366490513188e-09 
  145       1.375960897684e-09 
  146       1.385493318180e-09 
  147       1.395086848299e-09 
  148       1.404740333417e-09 
  149       1.414452384979e-09 
  150       1.424221374817e-09 
  151       1.434045429468e-09 
  152       1.443922424490e-09 
  153       1.453849978781e-09 
  154       1.463825448896e-09 
  155       1.473845923362e-09 
  156       1.483908216998e-09 
  157       1.494008865232e-09 
  158       1.504144118418e-09 
  159       1.514309936152e-09 
  160       1.524501981591e-09 
  161       1.534716276474e-09 
  162       1.544951243203e-09 
  163       1.555205833329e-09 
  164       1.565478880469e-09 
  165       1.575769097661e-09 
  166       1.586075074723e-09 
  167       1.596395275610e-09 
  168       1.606728035772e-09 
  169       1.617071559508e-09 
  170       1.627423917327e-09 
  171       1.637783043304e-09 
  172       1.648146732434e-09 
  173       1.658512637994e-09 
  174       1.668878268897e-09 
  175       1.679240987050e-09 
  176       1.689598004713e-09 
  177       1.699946381851e-09 
  178       1.710283023497e-09 
  179       1.720604677107e-09 
  180       1.730908331692e-09 
  181       1.741192456225e-09 
  182       1.751455854827e-09 
  183       1.761697272683e-09 
  184       1.771915394879e-09 
  185       1.782108845238e-09 
  186       1.792276185159e-09 
  187       1.802415912453e-09 
  188       1.812526460176e-09 
  189       1.822606195475e-09 
  190       1.832653418417e-09 
  191       1.842666360827e-09 
  192       1.852643185131e-09 
  193       1.862581983184e-09 
  194       1.872480775117e-09 
  195       1.882337508163e-09 
  196       1.892150055504e-09 
  197       1.901916215102e-09 
  198       1.911633708539e-09 
  199       1.921300179850e-09 
  200       1.930913194365e-09 
  201       1.940470473198e-09 
  202       1.949970617805e-09 
  203       1.959412434998e-09 
  204       1.968794705481e-09 
  205       1.978116183385e-09 
  206       1.987375595796e-09 
  207       1.996571642295e-09 
  208       2.005702994486e-09 
  209       2.014768295534e-09 
  210       2.023766159694e-09 
  211       2.032695171848e-09 
  212       2.041553887038e-09 
  213       2.050340829998e-09 
  214       2.059054494688e-09 
  215       2.067693343827e-09 
  216       2.076255808430e-09 
  217       2.084740287336e-09 
  218       2.093145146746e-09 
  219       2.101468719752e-09 
  220       2.109709305877e-09 
  221       2.117865170601e-09 
  222       2.125934544900e-09 
  223       2.133915624778e-09 
  224       2.141806717144e-09 
  225       2.149606688838e-09 
  226       2.157314545575e-09 
  227       2.164929288082e-09 
  228       2.172449911974e-09 
  229       2.179875407641e-09 
  230       2.187204760126e-09 
  231       2.194436949011e-09 
  232       2.201570948295e-09 
  233       2.208605726279e-09 
  234       2.215540245444e-09 
  235       2.222373462338e-09 
  236       2.229104327455e-09 
  237       2.235731785116e-09 
  238       2.242254773353e-09 
  239       2.248672223790e-09 
  240       2.254983061526e-09 
  241       2.261186205015e-09 
  242       2.267280565949e-09 
  243       2.273265049139e-09 
  244       2.279138552401e-09 
  245       2.284899966430e-09 
  246       2.290548174691e-09 
  247       2.296082053293e-09 
  248       2.301500470877e-09 
  249       2.306802288494e-09 
  250       2.311986444327e-09 
  251       2.317052213518e-09 
  252       2.321998963108e-09 
  253       2.326826068594e-09 
  254       2.331532913972e-09 
  255       2.336118891781e-09 
  256       2.340583403149e-09 
  257       2.344925857835e-09 
  258       2.349145674274e-09 
  259       2.353242279621e-09 
  260       2.357215109796e-09 
  261       2.361063609527e-09 
  262       2.364787232393e-09 
  263       2.368385440874e-09 
  264       2.371857706387e-09 
  265       2.375203509335e-09 
  266       2.378422339152e-09 
  267       2.381513694345e-09 
  268       2.384477082536e-09 
  269       2.387312020512e-09 
  270       2.390018034264e-09 
  271       2.392594659035e-09 
  272       2.395041439360e-09 
  273       2.397357929114e-09 
  274       2.399543691554e-09 
  275       2.401598299364e-09 
  276       2.403521334700e-09 
  277       2.405312389230e-09 
  278       2.406971064184e-09 
  279       2.408497009951e-09 
  280       2.409890047058e-09 
  281       2.411150051549e-09 
  282       2.412276916090e-09 
  283       2.413270550081e-09 
  284       2.414130879758e-09 
  285       2.414857848295e-09 
  286       2.415451415917e-09 
  287       2.415911559995e-09 
  288       2.416238275161e-09 
  289       2.416431573402e-09 
  290       2.416491484176e-09 
  291       2.416418054507e-09 
  292       2.416211349100e-09 
  293       2.415871450434e-09 
  294       2.415398458880e-09 
  295       2.414792492793e-09 
  296       2.414053688629e-09 
  297       2.413182201039e-09 
  298       2.412178202984e-09 
  299       2.411041885832e-09 
  300       2.409773459466e-09 
  301       2.408373152391e-09 
  302       2.406841211833e-09 
  303       2.405177903852e-09 
  304       2.403383513441e-09 
  305       2.401458344631e-09 
  306       2.399402720600e-09 
  307       2.397216983773e-09 
  308       2.394901495932e-09 
  309       2.392456638316e-09 
  310       2.389882811731e-09 
  311       2.387180436648e-09 
  312       2.384349949513e-09 
  313       2.381391791244e-09 
  314       2.378306418402e-09 
  315       2.375094307046e-09 
  316       2.371755952831e-09 
  317       2.368291871111e-09 
  318       2.364702597038e-09 
  319       2.360988685662e-09 
  320       2.357150712031e-09 
  321       2.353189271294e-09 
  322       2.349104978795e-09 
  323       2.344898470182e-09 
  324       2.340570401499e-09 
  325       2.336121449291e-09 
  326       2.331552310704e-09 
  327       2.326863703583e-09 
  328       2.322056366574e-09 
  329       2.317131059224e-09 
  330       2.312088562081e-09 
  331       2.306929676794e-09 
  332       2.301655226213e-09 
  333       2.296266054493e-09 
  334       2.290763027186e-09 
  335       2.285147031351e-09 
  336       2.279418975647e-09 
  337       2.273579790436e-09 
  338       2.267630427884e-09 
  339       2.261571862061e-09 
  340       2.255405089037e-09 
  341       2.249131126991e-09 
  342       2.242751016302e-09 
  343       2.236265819655e-09 
  344       2.229676622140e-09 
  345       2.222984531351e-09 
  346       2.216190677488e-09 
  347       2.209296213454e-09 
  348       2.202302314961e-09 
  349       2.195210134488e-09 
  350       2.188020660858e-09 
  351       2.180734854025e-09 
  352       2.173353690741e-09 
  353       2.165878164613e-09 
  354       2.158309286152e-09 
  355       2.150648082834e-09 
  356       2.142895599152e-09 
  357       2.135052896670e-09 
  358       2.127121054080e-09 
  359       2.119101167258e-09 
  360       2.110994349314e-09 
  361       2.102801730652e-09 
  362       2.094524459022e-09 
  363       2.086163699578e-09 
  364       2.077720634927e-09 
  365       2.069196465192e-09 
  366       2.060592408059e-09 
  367       2.051909698838e-09 
  368       2.043149590515e-09 
  369       2.034313353807e-09 
  370       2.025402277217e-09 
  371       2.016417667092e-09 
  372       2.007360847671e-09 
  373       1.998233161148e-09 
  374       1.989035967721e-09 
  375       1.979770645649e-09 
  376       1.970438591308e-09 
  377       1.961041219244e-09 
  378       1.951579962230e-09 
  379       1.942056271319e-09 
  380       1.932471615899e-09 
  381       1.922827483749e-09 
  382       1.913125381094e-09 
  383       1.903366832659e-09 
  384       1.893553381726e-09 
  385       1.883686590184e-09 
  386       1.873768038590e-09 
  387       1.863799326221e-09 
  388       1.853781998075e-09 
  389       1.843717322765e-09 
  390       1.833606506425e-09 
  391       1.823450765010e-09 
  392       1.813251324294e-09 
  393       1.803009419865e-09 
  394       1.792726297124e-09 
  395       1.782403211280e-09 
  396       1.772041427347e-09 
  397       1.761642220143e-09 
  398       1.751206874284e-09 
  399       1.740736684180e-09 
  400       1.730232954039e-09 
  401       1.719696997854e-09 
  402       1.709130139406e-09 
  403       1.698533712261e-09 
  404       1.687909059764e-09 
  405       1.677257535036e-09 
  406       1.666580500974e-09 
  407       1.655879330244e-09 
  408       1.645155405282e-09 
  409       1.634410118287e-09 
  410       1.623644871218e-09 
  411       1.612861075795e-09 
  412       1.602060153491e-09 
  413       1.591243535533e-09 
  414       1.580412662894e-09 
  415       1.569568986294e-09 
  416       1.558713966196e-09 
  417       1.547849072802e-09 
  418       1.536975786050e-09 
  419       1.526095595610e-09 
  420       1.515210000883e-09 
  421       1.504320510996e-09 
  422       1.493428644801e-09 
  423       1.482535930869e-09 
  424       1.471643907488e-09 
  425       1.460754122660e-09 
  426       1.449868134100e-09 
  427       1.438987430473e-09 
  428       1.428113192175e-09 
  429       1.417246522408e-09 
  430       1.406388525149e-09 
  431       1.395540305091e-09 
  432       1.384702967591e-09 
  433       1.373877618613e-09 
  434       1.363065364677e-09 
  435       1.352267312799e-09 
  436       1.341484570439e-09 
  437       1.330718245447e-09 
  438       1.319969446006e-09 
  439       1.309239280577e-09 
  440       1.298528857847e-09 
  441       1.287839286672e-09 
  442       1.277171676021e-09 
  443       1.266527134924e-09 
  444       1.255906772415e-09 
  445       1.245311697478e-09 
  446       1.234743018992e-09 
  447       1.224201845677e-09 
  448       1.213689286036e-09 
  449       1.203206448305e-09 
  450       1.192754440393e-09 
  451       1.182334369832e-09 
  452       1.171947343718e-09 
  453       1.161594468658e-09 
  454       1.151276850717e-09 
  455       1.140995595359e-09 
  456       1.130751807395e-09 
  457       1.120546590928e-09 
  458       1.110381049297e-09 
  459       1.100256285024e-09 
  460       1.090173399754e-09 
  461       1.080133494210e-09 
  462       1.070137668127e-09 
  463       1.060187020204e-09 
  464       1.050282648049e-09 
  465       1.040425648120e-09 
  466       1.030617058938e-09 
  467       1.020857688876e-09 
  468       1.011148282885e-09 
  469       1.001489578665e-09 
  470       9.918823065713e-10 
  471       9.823271895356e-10 
  472       9.728249429743e-10 
  473       9.633762747048e-10 
  474       9.539818848594e-10 
  475       9.446424657983e-10 
  476       9.353587020241e-10 
  477       9.261312700955e-10 
  478       9.169608385410e-10 
  479       9.078480677728e-10 
  480       8.987936100007e-10 
  481       8.897981091462e-10 
  482       8.808622007556e-10 
  483       8.719865119149e-10 
  484       8.631716611626e-10 
  485       8.544182584043e-10 
  486       8.457269048264e-10 
  487       8.370981928096e-10 
  488       8.285327058430e-10 
  489       8.200310184382e-10 
  490       8.115936960426e-10 
  491       8.032212949538e-10 
  492       7.949143622330e-10 
  493       7.866734356192e-10 
  494       7.784990434427e-10 
  495       7.703917045393e-10 
  496       7.623519281640e-10 
  497       7.543802139048e-10 
  498       7.464770515967e-10 
  499       7.386429212351e-10 
  500       7.308782928905e-10 
  501       7.231836266215e-10 
  502       7.155593723892e-10 
  503       7.080059699706e-10 
  504       7.005238488729e-10 
  505       6.931134071162e-10 
  506       6.857749470849e-10 
  507       6.785087376586e-10 
  508       6.713150350798e-10 
  509       6.641940828580e-10 
  510       6.571461116735e-10 
  511       6.501713392814e-10 
  512       6.432699704157e-10 
  513       6.364421966930e-10 
  514       6.296881965162e-10 
  515       6.230081349792e-10 
  516       6.164021637699e-10 
  517       6.098704210747e-10 
  518       6.034130314826e-10 
  519       5.970301058883e-10 
  520       5.907217413970e-10 
  521       5.844880212278e-10 
  522       5.783290146180e-10 
  523       5.722447767267e-10 
  524       5.662353485387e-10 
  525       5.603007567688e-10 
  526       5.544410137655e-10 
  527       5.486561174149e-10 
  528       5.429460510446e-10 
  529       5.373107833276e-10 
  530       5.317502681866e-10 
  531       5.262644446975e-10 
  532       5.208532369934e-10 
  533       5.155165541686e-10 
  534       5.102542901827e-10 
  535       5.050663237642e-10 
  536       4.999525183145e-10 
  537       4.949127218121e-10 
  538       4.899467667162e-10 
  539       4.850544698708e-10 
  540       4.802356324087e-10 
  541       4.754900396550e-10 
  542       4.708174610318e-10 
  543       4.662176499611e-10 
  544       4.616903682145e-10 
  545       4.572354598696e-10 
  546       4.528527791425e-10 
  547       4.485421660362e-10 
  548       4.443034462546e-10 
  549       4.401364311159e-10 
  550       4.360409174670e-10 
  551       4.320166875967e-10 
  552       4.280635091499e-10 
  553       4.241811350415e-10 
  554       4.203693033699e-10 
  555       4.166277373310e-10 
  556       4.129561451320e-10 
  557       4.093542199052e-10 
  558       4.058216396219e-10 
  559       4.023580670063e-10 
  560       3.989631494488e-10 
  561       3.956365189206e-10 
  562       3.923777918869e-10 
  563       3.891865692210e-10 
  564       3.860624361182e-10 
  565       3.830049620092e-10 
  566       3.800137004745e-10 
  567       3.770881891577e-10 
  568       3.742279496798e-10 
  569       3.714324875526e-10 
  570       3.687012920928e-10 
  571       3.660338363355e-10 
  572       3.634295769484e-10 
  573       3.608879541456e-10 
  574       3.584083916010e-10 
  575       3.559902963626e-10 
  576       3.536330587660e-10 
  577       3.513360523484e-10 
  578       3.490986337624e-10 
  579       3.469201426896e-10 
  580       3.447999017548e-10 
  581       3.427372164396e-10 
  582       3.407313749962e-10 
  583       3.387817103548e-10 
  584       3.368877877196e-10 
  585       3.350492214891e-10 
  586       3.332656136223e-10 
  587       3.315365535746e-10 
  588       3.298616182333e-10 
  589       3.282403718534e-10 
  590       3.266723659932e-10 
  591       3.251571394499e-10 
  592       3.236942181954e-10 
  593       3.222831153119e-10 
  594       3.209233309275e-10 
  595       3.196143521522e-10 
  596       3.183556530131e-10 
  597       3.171466943904e-10 
  598       3.159869239529e-10 
  599       3.148757760939e-10 
  600       3.138126718664e-10 
  601       3.127970189195e-10 
  602       3.118282114333e-10 
  603       3.109056300550e-10 
  604       3.100286418347e-10 
  605       3.091966001606e-10 
  606       3.084088446952e-10 
  607       3.076647013104e-10 
  608       3.069634820236e-10 
  609       3.063044849335e-10 
  610       3.056869941551e-10 
  611       3.051102797560e-10 
  612       3.045735976920e-10 
  613       3.040761897423e-10 
  614       3.036172834458e-10 
  615       3.031960920362e-10 
  616       3.028118143783e-10 
  617       3.024636349029e-10 
  618       3.021507235433e-10 
  619       3.018722356702e-10 
  620       3.016273120279e-10 
  621       3.014150786697e-10 
  622       3.012347306311e-10 
  623       3.010857852305e-10 
  624       3.009678345752e-10 
  625       3.008804623224e-10 
  626       3.008232436410e-10 
  627       3.007957451734e-10 
  628       3.007975249967e-10 
  629       3.008281325847e-10 
  630       3.008871087691e-10 
  631       3.009739857018e-10 
  632       3.010882868154e-10 
  633       3.012295267859e-10 
  634       3.013972114937e-10 
  635       3.015908379853e-10 
  636       3.018098944349e-10 
  637       3.020538601061e-10 
  638       3.023222053135e-10 
  639       3.026143913841e-10 
  640       3.029298706193e-10 
  641       3.032680862558e-10 
  642       3.036284724282e-10 
  643       3.040104541295e-10 
  644       3.044134471738e-10 
  645       3.048368581568e-10 
  646       3.052800844184e-10 
  647       3.057425140037e-10 
  648       3.062235256247e-10 
  649       3.067224886219e-10 
  650       3.072387629263e-10 
  651       3.077716990202e-10 
  652       3.083206378997e-10 
  653       3.088849110356e-10 
  654       3.094638403353e-10 
  655       3.100567381045e-10 
  656       3.106629070085e-10 
  657       3.112816400340e-10 
  658       3.119122204510e-10 
  659       3.125539217736e-10 
  660       3.132060077223e-10 
  661       3.138678142230e-10 
  662       3.145389974661e-10 
  663       3.152192912418e-10 
  664       3.159084253816e-10 
  665       3.166061257423e-10 
  666       3.173121141907e-10 
  667       3.180261085869e-10 
  668       3.187478227693e-10 
  669       3.194769665377e-10 
  670       3.202132456383e-10 
  671       3.209563617472e-10 
  672       3.217060124549e-10 
  673       3.224618912499e-10 
  674       3.232236875035e-10 
  675       3.239910864532e-10 
  676       3.247637691873e-10 
  677       3.255414126287e-10 
  678       3.263236895191e-10 
  679       3.271102684031e-10 
  680       3.279008136125e-10 
  681       3.286949852500e-10 
  682       3.294924391736e-10 
  683       3.302928269805e-10 
  684       3.310957959913e-10 
  685       3.319009892344e-10 
  686       3.327080454294e-10 
  687       3.335165989718e-10 
  688       3.343262799170e-10 
  689       3.351367139640e-10 
  690       3.359475224401e-10 
  691       3.367583222845e-10 
  692       3.375687260327e-10 
  693       3.383783418005e-10 
  694       3.391867732681e-10 
  695       3.399936196641e-10 
  696       3.407984757498e-10 
  697       3.416009318032e-10 
  698       3.424005736029e-10 
  699       3.431969824126e-10 
  700       3.439897975784e-10 
  701       3.447789057845e-10 
  702       3.455642557082e-10 
  703       3.463457957630e-10 
  704       3.471234740982e-10 
  705       3.478972385980e-10 
  706       3.486670368812e-10 
  707       3.494328163003e-10 
  708       3.501945239412e-10 
  709       3.509521066223e-10 
  710       3.517055108944e-10 
  711       3.524546830396e-10 
  712       3.531995690710e-10 
  713       3.539401147320e-10 
  714       3.546762654956e-10 
  715       3.554079665644e-10 
  716       3.561351628690e-10 
  717       3.568577990684e-10 
  718       3.575758195488e-10 
  719       3.582891684233e-10 
  720       3.589977895311e-10 
  721       3.597016264372e-10 
  722       3.604006224314e-10 
  723       3.610947205280e-10 
  724       3.617838634655e-10 
  725       3.624679937051e-10 
  726       3.631470534312e-10 
  727       3.638209845500e-10 
  728       3.644897286892e-10 
  729       3.651532271976e-10 
  730       3.658114211442e-10 
  731       3.664642513177e-10 
  732       3.671116582260e-10 
  733       3.677535820956e-10 
  734       3.683899628710e-10 
  735       3.690207402139e-10 
  736       3.696458535030e-10 
  737       3.702652418331e-10 
  738       3.708788440146e-10 
  739       3.714866286912e-10 
  740       3.720886853460e-10 
  741       3.726851350904e-10 
  742       3.732761007144e-10 
  743       3.738617066931e-10 
  744       3.744420791921e-10 
  745       3.750173460740e-10 
  746       3.755876369043e-10 
  747       3.761530829572e-10 
  748       3.767138172219e-10 
  749       3.772699744086e-10 
  750       3.778216909543e-10 
  751       3.783691050290e-10 
  752       3.789123565417e-10 
  753       3.794515871463e-10 
  754       3.799869402479e-10 
  755       3.805185610084e-10 
  756       3.810465963530e-10 
  757       3.815711949758e-10 
  758       3.820925073460e-10 
  759       3.826106857141e-10 
  760       3.831258841175e-10 
  761       3.836382583870e-10 
  762       3.841479661524e-10 
  763       3.846551668486e-10 
  764       3.851600217221e-10 
  765       3.856626938364e-10 
  766       3.861633480781e-10 
  767       3.866621511633e-10 
  768       3.871592716434e-10 
  769       3.876548799112e-10 
  770       3.881491482065e-10 
  771       3.886422506227e-10 
  772       3.891343631127e-10 
  773       3.896256634946e-10 
  774       3.901163314579e-10 
  775       3.906065485697e-10 
  776       3.910964982805e-10 
  777       3.915863659303e-10 
  778       3.920763378020e-10 
  779       3.925665982502e-10 
  780       3.930573325305e-10 
  781       3.935487277533e-10 
  782       3.940409728891e-10 
  783       3.945342587746e-10 
  784       3.950287781186e-10 
  785       3.955247255078e-10 
  786       3.960222974124e-10 
  787       3.965216921925e-10 
  788       3.970231101031e-10 
  789       3.975267533007e-10 
  790       3.980328258486e-10 
  791       3.985415337233e-10 
  792       3.990530848195e-10 
  793       3.995676889567e-10 
  794       4.000855578848e-10 
  795       4.006069052897e-10 
  796       4.011319467994e-10 
  797       4.016608999897e-10 
  798       4.021939843901e-10 
  799       4.027314214896e-10 
  800       4.032734347425e-10 
  801       4.038202495743e-10 
  802       4.043720933875e-10 
  803       4.049291955674e-10 
  804       4.054917874879e-10 
  805       4.060601025177e-10 
  806       4.066343760254e-10 
  807       4.072148453859e-10 
  808       4.078017499863e-10 
  809       4.083953312313e-10 
  810       4.089958325493e-10 
  811       4.096034993981e-10 
  812       4.102185792711e-10 
  813       4.108413217024e-10 
  814       4.114719782735e-10 
  815       4.121108026185e-10 
  816       4.127580504302e-10 
  817       4.134139563240e-10 
  818       4.140786639653e-10 
  819       4.147522947055e-10 
  820       4.154349706129e-10 
  821       4.161268144735e-10 
  822       4.168279497936e-10 
  823       4.175385008008e-10 
  824       4.182585924462e-10 
  825       4.189883504056e-10 
  826       4.197279010814e-10 
  827       4.204773716044e-10 
  828       4.212368898353e-10 
  829       4.220065843663e-10 
  830       4.227865845231e-10 
  831       4.235770203662e-10 
  832       4.243780226929e-10 
  833       4.251897230387e-10 
  834       4.260122536791e-10 
  835       4.268457476315e-10 
  836       4.276903386563e-10 
  837       4.285461612592e-10 
  838       4.294133506926e-10 
  839       4.302920429572e-10 
  840       4.311823748037e-10 
  841       4.320844837346e-10 
  842       4.329985080060e-10 
  843       4.339245866288e-10 
  844       4.348628593709e-10 
  845       4.358134667584e-10 
  846       4.367765500778e-10 
  847       4.377522513771e-10 
  848       4.387407134681e-10 
  849       4.397420799276e-10 
  850       4.407564950990e-10 
  851       4.417841040946e-10 
  852       4.428250527966e-10 
  853       4.438794878591e-10 
  854       4.449475567100e-10 
  855       4.460294075519e-10 
  856       4.471251600229e-10 
  857       4.482348166230e-10 
  858       4.493583497806e-10 
  859       4.504957310536e-10 
  860       4.516469311267e-10 
  861       4.528119198084e-10 
  862       4.539906660273e-10 
  863       4.551831378299e-10 
  864       4.563893023764e-10 
  865       4.576091259384e-10 
  866       4.588425738955e-10 
  867       4.600896107321e-10 
  868       4.613502000342e-10 
  869       4.626243044867e-10 
  870       4.639118858698e-10 
  871       4.652129050561e-10 
  872       4.665273220076e-10 
  873       4.678550957722e-10 
  874       4.691961844809e-10 
  875       4.705505453447e-10 
  876       4.719181346511e-10 
  877       4.732989077615e-10 
  878       4.746928191077e-10 
  879       4.760998221887e-10 
  880       4.775198695681e-10 
  881       4.789529128705e-10 
  882       4.803989027783e-10 
  883       4.818577890292e-10 
  884       4.833295204123e-10 
  885       4.848140447656e-10 
  886       4.863113089725e-10 
  887       4.878212589589e-10 
  888       4.893438396897e-10 
  889       4.908789951663e-10 
  890       4.924266684230e-10 
  891       4.939868015240e-10 
  892       4.955593355601e-10 
  893       4.971442106461e-10 
  894       4.987413659172e-10 
  895       5.003507186713e-10 
  896       5.019721014294e-10 
  897       5.036053238425e-10 
  898       5.052501934468e-10 
  899       5.069065156573e-10 
  900       5.085740937618e-10 
  901       5.102527289148e-10 
  902       5.119422201309e-10 
  903       5.136423642784e-10 
  904       5.153529560739e-10 
  905       5.170737880750e-10 
  906       5.188046506749e-10 
  907       5.205453320958e-10 
  908       5.222956183823e-10 
  909       5.240552933961e-10 
  910       5.258241388087e-10 
  911       5.276019340960e-10 
  912       5.293884565314e-10 
  913       5.311834811801e-10 
  914       5.329867808924e-10 
  915       5.347981262978e-10 
  916       5.366172857987e-10 
  917       5.384440255638e-10 
  918       5.402781095224e-10 
  919       5.421192993579e-10 
  920       5.439673545013e-10 
  921       5.458220321254e-10 
  922       5.476830871383e-10 
  923       5.495502721772e-10 
  924       5.514233376022e-10 
  925       5.533020314901e-10 
  926       5.551860996279e-10 
  927       5.570752855069e-10 
  928       5.589693303161e-10 
  929       5.608679729365e-10 
  930       5.627709499342e-10 
  931       5.646779955545e-10 
  932       5.665888417158e-10 
  933       5.685032180029e-10 
  934       5.704208491467e-10 
  935       5.723414474312e-10 
  936       5.742647201549e-10 
  937       5.761903721285e-10 
  938       5.781181056682e-10 
  939       5.800476205887e-10 
  940       5.819786141972e-10 
  941       5.839107812864e-10 
  942       5.858438141280e-10 
  943       5.877774024664e-10 
  944       5.897112335115e-10 
  945       5.916449919327e-10 
  946       5.935783598520e-10 
  947       5.955110168376e-10 
  948       5.974426398972e-10 
  949       5.993729034712e-10 
  950       6.013014794265e-10 
  951       6.032280370497e-10 
  952       6.051522430407e-10 
  953       6.070737615056e-10 
  954       6.089922539508e-10 
  955       6.109073792759e-10 
  956       6.128187937673e-10 
  957       6.147261510918e-10 
  958       6.166291022895e-10 
  959       6.185272957677e-10 
  960       6.204203772940e-10 
  961       6.223079899901e-10 
  962       6.241897743247e-10 
  963       6.260653681073e-10 
  964       6.279344064813e-10 
  965       6.297965219178e-10 
  966       6.316513442087e-10 
  967       6.334985004601e-10 
  968       6.353376150859e-10 
  969       6.371683098012e-10 
  970       6.389902036156e-10 
  971       6.408029128265e-10 
  972       6.426060510128e-10 
  973       6.443992456834e-10 
  974       6.461821885103e-10 
  975       6.479545858365e-10 
  976       6.497161420847e-10 
  977       6.514665597524e-10 
  978       6.532055394080e-10 
  979       6.549327796860e-10 
  980       6.566479772825e-10 
  981       6.583508269508e-10 
  982       6.600410214968e-10 
  983       6.617182517749e-10 
  984       6.633822066830e-10 
  985       6.650325731583e-10 
  986       6.666690361729e-10 
  987       6.682912787290e-10 
  988       6.698989818547e-10 
  989       6.714918245997e-10 
  990       6.730694840301e-10 
  991       6.746316352247e-10 
  992       6.761779512700e-10 
  993       6.777081032562e-10 
  994       6.792217602721e-10 
  995       6.807185894011e-10 
  996       6.821982557167e-10 
  997       6.836604222777e-10 
  998       6.851047501239e-10 
  999       6.865308982719e-10 
 1000       6.879385237100e-10 
 1001       6.893272813943e-10 
 1002       6.906968242440e-10 
 1003       6.920468031367e-10 
 1004       6.933768669044e-10 
 1005       6.946866623286e-10 
 1006       6.959758341359e-10 
 1007       6.972440249937e-10 
 1008       6.984908755056e-10 
 1009       6.997160242069e-10 
 1010       7.009191075602e-10 
 1011       7.020997599507e-10 
 1012       7.032576438538e-10 
 1013       7.043925408225e-10 
 1014       7.055042618041e-10 
 1015       7.065926170871e-10 
 1016       7.076574162994e-10 
 1017       7.086984684083e-10 
 1018       7.097155817190e-10 
 1019       7.107085638736e-10 
 1020       7.116772218505e-10 
 1021       7.126213619631e-10 
 1022       7.135407898592e-10 
 1023       7.144353105198e-10 
 1024       7.153047282580e-10 
 1025       7.161488467186e-10 
 1026       7.169674688767e-10 
 1027       7.177603970367e-10 
 1028       7.185274328317e-10 
 1029       7.192683772224e-10 
 1030       7.199830304960e-10 
 1031       7.206711922655e-10 
 1032       7.213326614685e-10 
 1033       7.219672363664e-10 
 1034       7.225747145434e-10 
 1035       7.231548929059e-10 
 1036       7.237075676807e-10 
 1037       7.242325344150e-10 
 1038       7.247295879748e-10 
 1039       7.251985225443e-10 
 1040       7.256391316248e-10 
 1041       7.260512080338e-10 
 1042       7.264345439040e-10 
 1043       7.267889306825e-10 
 1044       7.271141591295e-10 
 1045       7.274100193178e-10 
 1046       7.276763006316e-10 
 1047       7.279127917656e-10 
 1048       7.281192807240e-10 
 1049       7.282955548196e-10 
 1050       7.284414006728e-10 
 1051       7.285566362303e-10 
 1052       7.286412073092e-10 
 1053       7.286950923929e-10 
 1054       7.287182707359e-10 
 1055       7.287107223665e-10 
 1056       7.286724280886e-10 
 1057       7.286033694853e-10 
 1058       7.285035289206e-10 
 1059       7.283728895421e-10 
 1060       7.282114352839e-10 
 1061       7.280191508686e-10 
 1062       7.277960218102e-10 
 1063       7.275420344164e-10 
 1064       7.272571757915e-10 
 1065       7.269414338384e-10 
 1066       7.265947972613e-10 
 1067       7.262172555686e-10 
 1068       7.258087990750e-10 
 1069       7.253694189041e-10 
 1070       7.248991069910e-10 
 1071       7.243978560849e-10 
 1072       7.238656597515e-10 
 1073       7.233025123755e-10 
 1074       7.227084091633e-10 
 1075       7.220833461454e-10 
 1076       7.214273201788e-10 
 1077       7.207403289498e-10 
 1078       7.200223709765e-10 
 1079       7.192734456110e-10 
 1080       7.184935530423e-10 
 1081       7.176826942985e-10 
 1082       7.168408712498e-10 
 1083       7.159680866106e-10 
 1084       7.150643439419e-10 
 1085       7.141296476544e-10 
 1086       7.131640030107e-10 
 1087       7.121674161276e-10 
 1088       7.111398939791e-10 
 1089       7.100814443985e-10 
 1090       7.089920997633e-10 
 1091       7.078719883910e-10 
 1092       7.067212641053e-10 
 1093       7.055400826458e-10 
 1094       7.043286016725e-10 
 1095       7.030869807714e-10 
 1096       7.018153814590e-10 
 1097       7.005139671872e-10 
 1098       6.991829033482e-10 
 1099       6.978223572797e-10 
 1100       6.964324982695e-10 
 1101       6.950134975607e-10 
 1102       6.935655283563e-10 
 1103       6.920887658243e-10 
 1104       6.905833871026e-10 
 1105       6.890495713040e-10 
 1106       6.874874995209e-10 
 1107       6.858973548304e-10 
 1108       6.842793222991e-10 
 1109       6.826335889882e-10 
 1110       6.809603439582e-10 
 1111       6.792597782738e-10 
 1112       6.775320850092e-10 
 1113       6.757774592524e-10 
 1114       6.739960981107e-10 
 1115       6.721882007152e-10 
 1116       6.703539682260e-10 
 1117       6.684936038371e-10 
 1118       6.666073127808e-10 
 1119       6.646953023336e-10 
 1120       6.627577818201e-10 
 1121       6.607949626186e-10 
 1122       6.588070581656e-10 
 1123       6.567942839611e-10 
 1124       6.547568575732e-10 
 1125       6.526949986431e-10 
 1126       6.506089288901e-10 
 1127       6.484988721165e-10 
 1128       6.463650542123e-10 
 1129       6.442077104864e-10 
 1130       6.420271077528e-10 
 1131       6.398235225397e-10 
 1132       6.375972337956e-10 
 1133       6.353485228942e-10 
 1134       6.330776736407e-10 
 1135       6.307849722768e-10 
 1136       6.284707074868e-10 
 1137       6.261351704030e-10 
 1138       6.237786546110e-10 
 1139       6.214014561561e-10 
 1140       6.190038735479e-10 
 1141       6.165862077668e-10 
 1142       6.141487622690e-10 
 1143       6.116918429925e-10 
 1144       6.092157583624e-10 
 1145       6.067208192966e-10 
 1146       6.042073392116e-10 
 1147       6.016756340278e-10 
 1148       5.991260221754e-10 
 1149       5.965588245996e-10 
 1150       5.939743647667e-10 
 1151       5.913729686695e-10 
 1152       5.887549648327e-10 
 1153       5.861206843187e-10 
 1154       5.834704607333e-10 
 1155       5.808046302310e-10 
 1156       5.781235315210e-10 
 1157       5.754275058725e-10 
 1158       5.727168971204e-10 
 1159       5.699920516709e-10 
 1160       5.672533185072e-10 
 1161       5.645010491948e-10 
 1162       5.617355978876e-10 
 1163       5.589573213331e-10 
 1164       5.561665788780e-10 
 1165       5.533637324742e-10 
 1166       5.505491466839e-10 
 1167       5.477231886857e-10 
 1168       5.448862179416e-10 
 1169       5.420385550470e-10 
 1170       5.391805125021e-10 
 1171       5.363124050196e-10 
 1172       5.334345495295e-10 
 1173       5.305472651834e-10 
 1174       5.276508733597e-10 
 1175       5.247456976677e-10 
 1176       5.218320639528e-10 
 1177       5.189103003012e-10 
 1178       5.159807370441e-10 
 1179       5.130437067629e-10 
 1180       5.100995442936e-10 
 1181       5.071485867317e-10 
 1182       5.041911734368e-10 
 1183       5.012276460373e-10 
 1184       4.982583484350e-10 
 1185       4.952836268101e-10 
 1186       4.923038296254e-10 
 1187       4.893193076316e-10 
 1188       4.863304138714e-10 
 1189       4.833375036847e-10 
 1190       4.803409347130e-10 
 1191       4.773410669041e-10 
 1192       4.743382625169e-10 
 1193       4.713328861262e-10 
 1194       4.683253046272e-10 
 1195       4.653158872401e-10 
 1196       4.623050055151e-10 
 1197       4.592930333369e-10 
 1198       4.562803469296e-10 
 1199       4.532673248611e-10 
 1200       4.502543480479e-10 
 1201       4.472417997599e-10 
 1202       4.442300656251e-10 
 1203       4.412195336342e-10 
 1204       4.382105941452e-10 
 1205       4.352036398884e-10 
 1206       4.321990659708e-10 
 1207       4.291972464017e-10 
 1208       4.261984633480e-10 
 1209       4.232029770315e-10 
 1210       4.202110491329e-10 
 1211       4.172229427952e-10 
 1212       4.142389226259e-10 
 1213       4.112592546999e-10 
 1214       4.082842065626e-10 
 1215       4.053140472322e-10 
 1216       4.023490472027e-10 
 1217       3.993894784466e-10 
 1218       3.964356144177e-10 
 1219       3.934877300539e-10 
 1220       3.905461017799e-10 
 1221       3.876110075099e-10 
 1222       3.846827266505e-10 
 1223       3.817615401036e-10 
 1224       3.788477302686e-10 
 1225       3.759415810458e-10 
 1226       3.730433778389e-10 
 1227       3.701534075576e-10 
 1228       3.672719586207e-10 
 1229       3.643993209586e-10 
 1230       3.615357860163e-10 
 1231       3.586816467557e-10 
 1232       3.558371976591e-10 
 1233       3.530027347313e-10 
 1234       3.501785555026e-10 
 1235       3.473649590317e-10 
 1236       3.445622459082e-10 
 1237       3.417707182558e-10 
 1238       3.389906797344e-10 
 1239       3.362224355435e-10 
 1240       3.334662924245e-10 
 1241       3.307225586639e-10 
 1242       3.279915440957e-10 
 1243       3.252735601041e-10 
 1244       3.225689196269e-10 
 1245       3.198779371575e-10 
 1246       3.172008997581e-10 
 1247       3.145379797204e-10 
 1248       3.118893208858e-10 
 1249       3.092550675426e-10 
 1250       3.066353644267e-10 
 1251       3.040303567222e-10 
 1252       3.014401900618e-10 
 1253       2.988650105273e-10 
 1254       2.963049646502e-10 
 1255       2.937601994123e-10 
 1256       2.912308622460e-10 
 1257       2.887171010350e-10 
 1258       2.862190641149e-10 
 1259       2.837369002734e-10 
 1260       2.812707587511e-10 
 1261       2.788207892422e-10 
 1262       2.763871418944e-10 
 1263       2.739699673102e-10 
 1264       2.715694165466e-10 
 1265       2.691856411165e-10 
 1266       2.668187929884e-10 
 1267       2.644690245876e-10 
 1268       2.621364887963e-10 
 1269       2.598213389543e-10 
 1270       2.575237288595e-10 
 1271       2.552438127683e-10 
 1272       2.529817453963e-10 
 1273       2.507376819189e-10 
 1274       2.485117779715e-10 
 1275       2.463041896503e-10 
 1276       2.441150735128e-10 
 1277       2.419445865780e-10 
 1278       2.397928863275e-10 
 1279       2.376601307055e-10 
 1280       2.355464781197e-10 
 1281       2.334520874415e-10 
 1282       2.313771180068e-10 
 1283       2.293217296165e-10 
 1284       2.272860825367e-10 
 1285       2.252703127497e-10 
 1286       2.232744573962e-10 
 1287       2.212985284859e-10 
 1288       2.193425375688e-10 
 1289       2.174064957343e-10 
 1290       2.154904136097e-10 
 1291       2.135943013590e-10 
 1292       2.117181686815e-10 
 1293       2.098620248110e-10 
 1294       2.080258785138e-10 
 1295       2.062097380879e-10 
 1296       2.044136113619e-10 
 1297       2.026375056932e-10 
 1298       2.008814279669e-10 
 1299       1.991453845949e-10 
 1300       1.974293815143e-10 
 1301       1.957334241859e-10 
 1302       1.940575175935e-10 
 1303       1.924016662423e-10 
 1304       1.907658741575e-10 
 1305       1.891501448833e-10 
 1306       1.875544814815e-10 
 1307       1.859788865302e-10 
 1308       1.844233621227e-10 
 1309       1.828879098659e-10 
 1310       1.813725308793e-10 
 1311       1.798772257939e-10 
 1312       1.784019947503e-10 
 1313       1.769468373980e-10 
 1314       1.755117528939e-10 
 1315       1.740967399012e-10 
 1316       1.727017965878e-10 
 1317       1.713269206253e-10 
 1318       1.699721091876e-10 
 1319       1.686373589499e-10 
 1320       1.673226660869e-10 
 1321       1.660280262720e-10 
 1322       1.647534346759e-10 
 1323       1.634988859652e-10 
 1324       1.622643594482e-10 
 1325       1.610497743351e-10 
 1326       1.598550339812e-10 
 1327       1.586800406929e-10 
 1328       1.575246957251e-10 
 1329       1.563888992793e-10 
 1330       1.552725505012e-10 
 1331       1.541755474780e-10 
 1332       1.530977872369e-10 
 1333       1.520391657421e-10 
 1334       1.509995778928e-10 
 1335       1.499789175210e-10 
 1336       1.489770773891e-10 
 1337       1.479939491876e-10 
 1338       1.470294235327e-10 
 1339       1.460833899643e-10 
 1340       1.451557369435e-10 
 1341       1.442463518505e-10 
 1342       1.433551209820e-10 
 1343       1.424819295491e-10 
 1344       1.416266616752e-10 
 1345       1.407892003932e-10 
 1346       1.399694276439e-10 
 1347       1.391672242731e-10 
 1348       1.383824700295e-10 
 1349       1.376150435626e-10 
 1350       1.368648224203e-10 
 1351       1.361316830466e-10 
 1352       1.354155007791e-10 
 1353       1.347161498471e-10 
 1354       1.340335033691e-10 
 1355       1.333674333505e-10 
 1356       1.327178106812e-10 
 1357       1.320845051339e-10 
 1358       1.314673853609e-10 
 1359       1.308663188925e-10 
 1360       1.302811721344e-10 
 1361       1.297118103658e-10 
 1362       1.291580977363e-10 
 1363       1.286198954828e-10 
 1364       1.280970565599e-10 
 1365       1.275894309469e-10 
 1366       1.270968674219e-10 
 1367       1.266192135596e-10 
 1368       1.261563157286e-10 
 1369       1.257080190892e-10 
 1370       1.252741675909e-10 
 1371       1.248546039702e-10 
 1372       1.244491697478e-10 
 1373       1.240577052267e-10 
 1374       1.236800494893e-10 
 1375       1.233160403953e-10 
 1376       1.229655145794e-10 
 1377       1.226283074483e-10 
 1378       1.223042531792e-10 
 1379       1.219931847167e-10 
 1380       1.216949337705e-10 
 1381       1.214093308133e-10 
 1382       1.211362050781e-10 
 1383       1.208753845560e-10 
 1384       1.206266959935e-10 
 1385       1.203899648906e-10 
 1386       1.201650154979e-10 
 1387       1.199516708143e-10 
 1388       1.197497525850e-10 
 1389       1.195590812984e-10 
 1390       1.193794761844e-10 
 1391       1.192107552116e-10 
 1392       1.190527350848e-10 
 1393       1.189052312430e-10 
 1394       1.187680578566e-10 
 1395       1.186410278254e-10 
 1396       1.185239527756e-10 
 1397       1.184166430582e-10 
 1398       1.183189077457e-10 
 1399       1.182305546306e-10 
 1400       1.181513902222e-10 
 1401       1.180812197447e-10 
 1402       1.180198562659e-10 
 1403       1.179671481926e-10 
 1404       1.179229520570e-10 
 1405       1.178871234101e-10 
 1406       1.178595168195e-10 
 1407       1.178399858676e-10 
 1408       1.178283831498e-10 
 1409       1.178245602727e-10 
 1410       1.178283678522e-10 
 1411       1.178396555117e-10 
 1412       1.178582718802e-10 
 1413       1.178840645904e-10 
 1414       1.179168802770e-10 
 1415       1.179565645748e-10 
 1416       1.180029621168e-10 
 1417       1.180559165322e-10 
 1418       1.181152704452e-10 
 1419       1.181808654722e-10 
 1420       1.182525422208e-10 
 1421       1.183301402875e-10 
 1422       1.184134982558e-10 
 1423       1.185024536947e-10 
 1424       1.185968431567e-10 
 1425       1.186965021757e-10 
 1426       1.188012652656e-10 
 1427       1.189109659181e-10 
 1428       1.190254366011e-10 
 1429       1.191445087565e-10 
 1430       1.192680127989e-10 
 1431       1.193957781132e-10 
 1432       1.195276330530e-10 
 1433       1.196634049391e-10 
 1434       1.198029200568e-10 
 1435       1.199460036549e-10 
 1436       1.200924799434e-10 
 1437       1.202421720918e-10 
 1438       1.203949022272e-10 
 1439       1.205504914325e-10 
 1440       1.207087597445e-10 
 1441       1.208695410266e-10 
 1442       1.210327277554e-10 
 1443       1.211982266849e-10 
 1444       1.213659440123e-10 
 1445       1.215357853771e-10 
 1446       1.217076558601e-10 
 1447       1.218814599821e-10 
 1448       1.220571017036e-10 
 1449       1.222344844230e-10 
 1450       1.224135109761e-10 
 1451       1.225940836352e-10 
 1452       1.227761041076e-10 
 1453       1.229594735352e-10 
 1454       1.231440924931e-10 
 1455       1.233298609889e-10 
 1456       1.235166784615e-10 
 1457       1.237044437801e-10 
 1458       1.238930552434e-10 
 1459       1.240824105786e-10 
 1460       1.242724069402e-10 
 1461       1.244629409091e-10 
 1462       1.246539084918e-10 
 1463       1.248452051192e-10 
 1464       1.250367256457e-10 
 1465       1.252283643480e-10 
 1466       1.254200149247e-10 
 1467       1.256115704945e-10 
 1468       1.258029235960e-10 
 1469       1.259939661860e-10 
 1470       1.261845896392e-10 
 1471       1.263746847466e-10 
 1472       1.265641417149e-10 
 1473       1.267528501653e-10 
 1474       1.269406991328e-10 
 1475       1.271275770650e-10 
 1476       1.273133718208e-10 
 1477       1.274979706702e-10 
 1478       1.276812602926e-10 
 1479       1.278631267761e-10 
 1480       1.280434708602e-10 
 1481       1.282222538303e-10 
 1482       1.283994520744e-10 
 1483       1.285750418812e-10 
 1484       1.287489994394e-10 
 1485       1.289213008375e-10 
 1486       1.290919220639e-10 
 1487       1.292608390069e-10 
 1488       1.294280274540e-10 
 1489       1.295934630923e-10 
 1490       1.297571215079e-10 
 1491       1.299189781863e-10 
 1492       1.300790085115e-10 
 1493       1.302371877665e-10 
 1494       1.303934911330e-10 
 1495       1.305478936908e-10 
 1496       1.307003704184e-10 
 1497       1.308508961922e-10 
 1498       1.309994457866e-10 
 1499       1.311459938740e-10 
 1500       1.312905150244e-10 
 1501       1.314329837053e-10 
 1502       1.315733742815e-10 
 1503       1.317116610154e-10 
 1504       1.318478180660e-10 
 1505       1.319818194897e-10 
 1506       1.321136392392e-10 
 1507       1.322432511642e-10 
 1508       1.323706290107e-10 
 1509       1.324957464211e-10 
 1510       1.326185769339e-10 
 1511       1.327390939837e-10 
 1512       1.328572709007e-10 
 1513       1.329730809112e-10 
 1514       1.330864971368e-10 
 1515       1.331974925945e-10 
 1516       1.333060401968e-10 
 1517       1.334121127509e-10 
 1518       1.335156829593e-10 
 1519       1.336167332007e-10 
 1520       1.337152849775e-10 
 1521       1.338113697520e-10 
 1522       1.339050191904e-10 
 1523       1.339962651634e-10 
 1524       1.340851397466e-10 
 1525       1.341716752209e-10 
 1526       1.342559040727e-10 
 1527       1.343378589943e-10 
 1528       1.344175728843e-10 
 1529       1.344950788479e-10 
 1530       1.345704101973e-10 
 1531       1.346436004521e-10 
 1532       1.347146833396e-10 
 1533       1.347836927951e-10 
 1534       1.348506629623e-10 
 1535       1.349156281937e-10 
 1536       1.349786230511e-10 
 1537       1.350396823054e-10 
 1538       1.350988409376e-10 
 1539       1.351561341390e-10 
 1540       1.352115973111e-10 
 1541       1.352652660667e-10 
 1542       1.353171762295e-10 
 1543       1.353673638350e-10 
 1544       1.354158651308e-10 
 1545       1.354627165765e-10 
 1546       1.355079548448e-10 
 1547       1.355516168209e-10 
 1548       1.355937396040e-10 
 1549       1.356343605066e-10 
 1550       1.356735170555e-10 
 1551       1.357112469919e-10 
 1552       1.357475882719e-10 
 1553       1.357825790668e-10 
 1554       1.358162577633e-10 
 1555       1.358486629640e-10 
 1556       1.358798334879e-10 
 1557       1.359098083704e-10 
 1558       1.359386299160e-10 
 1559       1.359663528856e-10 
 1560       1.359930353962e-10 
 1561       1.360187358769e-10 
 1562       1.360435130697e-10 
 1563       1.360674260296e-10 
 1564       1.360905341257e-10 
 1565       1.361128970412e-10 
 1566       1.361345747743e-10 
 1567       1.361556276383e-10 
 1568       1.361761162623e-10 
 1569       1.361961015918e-10 
 1570       1.362156448893e-10 
 1571       1.362348077342e-10 
 1572       1.362536520241e-10 
 1573       1.362722399748e-10 
 1574       1.362906341210e-10 
 1575       1.363088973168e-10 
 1576       1.363270927359e-10 
 1577       1.363452838727e-10 
 1578       1.363635345423e-10 
 1579       1.363819088813e-10 
 1580       1.364004713480e-10 
 1581       1.364192867233e-10 
 1582       1.364384201108e-10 
 1583       1.364579369378e-10 
 1584       1.364779029552e-10 
 1585       1.364983842385e-10 
 1586       1.365194471881e-10 
 1587       1.365411585298e-10 
 1588       1.365635853155e-10 
 1589       1.365867949233e-10 
 1590       1.366108550584e-10 
 1591       1.366358337535e-10 
 1592       1.366617993692e-10 
 1593       1.366888205946e-10 
 1594       1.367169664478e-10 
 1595       1.367463062763e-10 
 1596       1.367769097577e-10 
 1597       1.368088430295e-10 
 1598       1.368421570394e-10 
 1599       1.368768990889e-10 
 1600       1.369131166955e-10 
 1601       1.369508575919e-10 
 1602       1.369901697274e-10 
 1603       1.370311012674e-10 
 1604       1.370737005940e-10 
 1605       1.371180163066e-10 
 1606       1.371640972218e-10 
 1607       1.372119923739e-10 
 1608       1.372617510153e-10 
 1609       1.373134226168e-10 
 1610       1.373670568677e-10 
 1611       1.374227036766e-10 
 1612       1.374804131712e-10 
 1613       1.375402356989e-10 
 1614       1.376022218270e-10 
 1615       1.376664223434e-10 
 1616       1.377328882563e-10 
 1617       1.378016707950e-10 
 1618       1.378728214101e-10 
 1619       1.379463917738e-10 
 1620       1.380224337802e-10 
 1621       1.381009995456e-10 
 1622       1.381821414089e-10 
 1623       1.382659119320e-10 
 1624       1.383523639000e-10 
 1625       1.384415503215e-10 
 1626       1.385335244289e-10 
 1627       1.386283396790e-10 
 1628       1.387260497530e-10 
 1629       1.388267085570e-10 
 1630       1.389303702221e-10 
 1631       1.390370891053e-10 
 1632       1.391469197890e-10 
 1633       1.392599170820e-10 
 1634       1.393761360194e-10 
 1635       1.394956318633e-10 
 1636       1.396184526072e-10 
 1637       1.397446164156e-10 
 1638       1.398741339835e-10 
 1639       1.400070160138e-10 
 1640       1.401432732167e-10 
 1641       1.402829163103e-10 
 1642       1.404259560205e-10 
 1643       1.405724030805e-10 
 1644       1.407222682316e-10 
 1645       1.408755622223e-10 
 1646       1.410322958090e-10 
 1647       1.411924797556e-10 
 1648       1.413561248337e-10 
 1649       1.415232418224e-10 
 1650       1.416938415085e-10 
 1651       1.418679346862e-10 
 1652       1.420455321573e-10 
 1653       1.422266447314e-10 
 1654       1.424112832253e-10 
 1655       1.425994584635e-10 
 1656       1.427911812779e-10 
 1657       1.429864625081e-10 
 1658       1.431853130010e-10 
 1659       1.433877436112e-10 
 1660       1.435937652004e-10 
 1661       1.438033886382e-10 
 1662       1.440166248013e-10 
 1663       1.442334845741e-10 
 1664       1.444539788482e-10 
 1665       1.446781185228e-10 
 1666       1.449059145043e-10 
 1667       1.451373777067e-10 
 1668       1.453725190514e-10 
 1669       1.456113494668e-10 
 1670       1.458538798892e-10 
 1671       1.461001212618e-10 
 1672       1.463500845354e-10 
 1673       1.466037806680e-10 
 1674       1.468612206249e-10 
 1675       1.471224079473e-10 
 1676       1.473873163863e-10 
 1677       1.476559120733e-10 
 1678       1.479281609336e-10 
 1679       1.482040286862e-10 
 1680       1.484834808431e-10 
 1681       1.487664827093e-10 
 1682       1.490529993822e-10 
 1683       1.493429957515e-10 
 1684       1.496364364989e-10 
 1685       1.499332860974e-10 
 1686       1.502335088116e-10 
 1687       1.505370686966e-10 
 1688       1.508439295983e-10 
 1689       1.511540551528e-10 
 1690       1.514674087862e-10 
 1691       1.517839537141e-10 
 1692       1.521036529412e-10 
 1693       1.524264692614e-10 
 1694       1.527523652571e-10 
 1695       1.530813032990e-10 
 1696       1.534132455456e-10 
 1697       1.537481539432e-10 
 1698       1.540859902252e-10 
 1699       1.544267159122e-10 
 1700       1.547702923112e-10 
 1701       1.551166805155e-10 
 1702       1.554658414046e-10 
 1703       1.558177356435e-10 
 1704       1.561723236823e-10 
 1705       1.565295657565e-10 
 1706       1.568894218859e-10 
 1707       1.572518518749e-10 
 1708       1.576168153116e-10 
 1709       1.579842715681e-10 
 1710       1.583541797995e-10 
 1711       1.587264989442e-10 
 1712       1.591011877231e-10 
 1713       1.594782046396e-10 
 1714       1.598575036886e-10 
 1715       1.602390214458e-10 
 1716       1.606226898678e-10 
 1717       1.610084405717e-10 
 1718       1.613962048348e-10 
 1719       1.617859135940e-10 
 1720       1.621774974455e-10 
 1721       1.625708866438e-10 
 1722       1.629660111019e-10 
 1723       1.633628003901e-10 
 1724       1.637611837361e-10 
 1725       1.641610900240e-10 
 1726       1.645624477940e-10 
 1727       1.649651852421e-10 
 1728       1.653692302193e-10 
 1729       1.657745102311e-10 
 1730       1.661809524371e-10 
 1731       1.665884836508e-10 
 1732       1.669970303384e-10 
 1733       1.674065186188e-10 
 1734       1.678168742630e-10 
 1735       1.682280226937e-10 
 1736       1.686398889845e-10 
 1737       1.690523978595e-10 
 1738       1.694654736931e-10 
 1739       1.698790405091e-10 
 1740       1.702930219803e-10 
 1741       1.707073414283e-10 
 1742       1.711219218224e-10 
 1743       1.715366857797e-10 
 1744       1.719515555643e-10 
 1745       1.723664530867e-10 
 1746       1.727812999035e-10 
 1747       1.731960172170e-10 
 1748       1.736105258742e-10 
 1749       1.740247463668e-10 
 1750       1.744385988306e-10 
 1751       1.748520030448e-10 
 1752       1.752648784315e-10 
 1753       1.756771446226e-10 
 1754       1.760887231662e-10 
 1755       1.764995358330e-10 
 1756       1.769095040505e-10 
 1757       1.773185489022e-10 
 1758       1.777265911271e-10 
 1759       1.781335511195e-10 
 1760       1.785393489280e-10 
 1761       1.789439042558e-10 
 1762       1.793471364594e-10 
 1763       1.797489645486e-10 
 1764       1.801493071859e-10 
 1765       1.805480826860e-10 
 1766       1.809452090153e-10 
 1767       1.813406037915e-10 
 1768       1.817341842830e-10 
 1769       1.821258674087e-10 
 1770       1.825155697371e-10 
 1771       1.829032074860e-10 
 1772       1.832886965221e-10 
 1773       1.836719523606e-10 
 1774       1.840528901644e-10 
 1775       1.844314247439e-10 
 1776       1.848074705562e-10 
 1777       1.851809417052e-10 
 1778       1.855517519405e-10 
 1779       1.859198146572e-10 
 1780       1.862850428954e-10 
 1781       1.866473493397e-10 
 1782       1.870066463188e-10 
 1783       1.873628458049e-10 
 1784       1.877158594131e-10 
 1785       1.880655984014e-10 
 1786       1.884119736697e-10 
 1787       1.887548957594e-10 
 1788       1.890942748533e-10 
 1789       1.894300207746e-10 
 1790       1.897620429870e-10 
 1791       1.900902505934e-10 
 1792       1.904145574385e-10 
 1793       1.907348974596e-10 
 1794       1.910512094598e-10 
 1795       1.913634320168e-10 
 1796       1.916715034828e-10 
 1797       1.919753619841e-10 
 1798       1.922749454208e-10 
 1799       1.925701914665e-10 
 1800       1.928610375680e-10 
 1801       1.931474209451e-10 
 1802       1.934292785904e-10 
 1803       1.937065472686e-10 
 1804       1.939791635166e-10 
 1805       1.942470636430e-10 
 1806       1.945101837281e-10 
 1807       1.947684596231e-10 
 1808       1.950218269503e-10 
 1809       1.952702211025e-10 
 1810       1.955135772431e-10 
 1811       1.957518303051e-10 
 1812       1.959849149915e-10 
 1813       1.962127657748e-10 
 1814       1.964353168965e-10 
 1815       1.966525023670e-10 
 1816       1.968642559653e-10 
 1817       1.970705112388e-10 
 1818       1.972712015027e-10 
 1819       1.974662598399e-10 
 1820       1.976556191010e-10 
 1821       1.978392119033e-10 
 1822       1.980169706312e-10 
 1823       1.981888274356e-10 
 1824       1.983547142336e-10 
 1825       1.985145627084e-10 
 1826       1.986683043085e-10 
 1827       1.988158702481e-10 
 1828       1.989571915064e-10 
 1829       1.990921988274e-10 
 1830       1.992208227195e-10 
 1831       1.993430008959e-10 
 1832       1.994587006612e-10 
 1833       1.995678967027e-10 
 1834       1.996705636668e-10 
 1835       1.997666761585e-10 
 1836       1.998562087414e-10 
 1837       1.999391359381e-10 
 1838       2.000154322295e-10 
 1839       2.000850720554e-10 
 1840       2.001480298141e-10 
 1841       2.002042798625e-10 
 1842       2.002537965160e-10 
 1843       2.002965540486e-10 
 1844       2.003325266928e-10 
 1845       2.003616886396e-10 
 1846       2.003840140384e-10 
 1847       2.003994769972e-10 
 1848       2.004080515821e-10 
 1849       2.004097118179e-10 
 1850       2.004044316876e-10 
 1851       2.003921851325e-10 
 1852       2.003729460523e-10 
 1853       2.003466883050e-10 
 1854       2.003133857068e-10 
 1855       2.002730120320e-10 
 1856       2.002255410135e-10 
 1857       2.001709463419e-10 
 1858       2.001092016662e-10 
 1859       2.000402805937e-10 
 1860       1.999641566896e-10 
 1861       1.998808034770e-10 
 1862       1.997901944375e-10 
 1863       1.996923030104e-10 
 1864       1.995871025932e-10 
 1865       1.994745665411e-10 
 1866       1.993546681677e-10 
 1867       1.992273807440e-10 
 1868       1.990926774995e-10 
 1869       1.989505316210e-10 
 1870       1.988009238562e-10 
 1871       1.986438653859e-10 
 1872       1.984793751305e-10 
 1873       1.983074721634e-10 
 1874       1.981281757119e-10 
 1875       1.979415051568e-10 
 1876       1.977474800329e-10 
 1877       1.975461200295e-10 
 1878       1.973374449901e-10 
 1879       1.971214749129e-10 
 1880       1.968982299513e-10 
 1881       1.966677304137e-10 
 1882       1.964299967638e-10 
 1883       1.961850496213e-10 
 1884       1.959329097614e-10 
 1885       1.956735981156e-10 
 1886       1.954071357719e-10 
 1887       1.951335439745e-10 
 1888       1.948528441249e-10 
 1889       1.945650577814e-10 
 1890       1.942702066595e-10 
 1891       1.939683126325e-10 
 1892       1.936593977313e-10 
 1893       1.933434841448e-10 
 1894       1.930205942203e-10 
 1895       1.926907504634e-10 
 1896       1.923539755385e-10 
 1897       1.920102922690e-10 
 1898       1.916597236373e-10 
 1899       1.913022927854e-10 
 1900       1.909380230149e-10 
 1901       1.905669377872e-10 
 1902       1.901890607241e-10 
 1903       1.898044156074e-10 
 1904       1.894130263798e-10 
 1905       1.890149171446e-10 
 1906       1.886101121664e-10 
 1907       1.881986358710e-10 
 1908       1.877805128456e-10 
 1909       1.873557726330e-10 
 1910       1.869244641526e-10 
 1911       1.864866413901e-10 
 1912       1.860423586147e-10 
 1913       1.855916703789e-10 
 1914       1.851346315195e-10 
 1915       1.846712971576e-10 
 1916       1.842017226990e-10 
 1917       1.837259638350e-10 
 1918       1.832440765421e-10 
 1919       1.827561170832e-10 
 1920       1.822621420073e-10 
 1921       1.817622081502e-10 
 1922       1.812563726351e-10 
 1923       1.807446928724e-10 
 1924       1.802272265608e-10 
 1925       1.797040316872e-10 
 1926       1.791751665272e-10 
 1927       1.786406896456e-10 
 1928       1.781006598967e-10 
 1929       1.775551364247e-10 
 1930       1.770041786643e-10 
 1931       1.764478463407e-10 
 1932       1.758861994703e-10 
 1933       1.753192983609e-10 
 1934       1.747472036123e-10 
 1935       1.741699761166e-10 
 1936       1.735876770585e-10 
 1937       1.730003679157e-10 
 1938       1.724081104596e-10 
 1939       1.718109667553e-10 
 1940       1.712089991622e-10 
 1941       1.706022703342e-10 
 1942       1.699908432205e-10 
 1943       1.693747810655e-10 
 1944       1.687541474095e-10 
 1945       1.681290060891e-10 
 1946       1.674994212375e-10 
 1947       1.668654572847e-10 
 1948       1.662271803027e-10 
 1949       1.655846620494e-10 
 1950       1.649379759557e-10 
 1951       1.642871957842e-10 
 1952       1.636323956296e-10 
 1953       1.629736499195e-10 
 1954       1.623110334143e-10 
 1955       1.616446212080e-10 
 1956       1.609744887287e-10 
 1957       1.603007117387e-10 
 1958       1.596233663352e-10 
 1959       1.589425289505e-10 
 1960       1.582582763527e-10 
 1961       1.575706856462e-10 
 1962       1.568798342716e-10 
 1963       1.561858000067e-10 
 1964       1.554886609668e-10 
 1965       1.547884956050e-10 
 1966       1.540853827125e-10 
 1967       1.533794014195e-10 
 1968       1.526706311954e-10 
 1969       1.519591518489e-10 
 1970       1.512450435291e-10 
 1971       1.505283867253e-10 
 1972       1.498092622680e-10 
 1973       1.490877513288e-10 
 1974       1.483639354212e-10 
 1975       1.476378964009e-10 
 1976       1.469097164663e-10 
 1977       1.461794781589e-10 
 1978       1.454472643637e-10 
 1979       1.447131583096e-10 
 1980       1.439772435700e-10 
 1981       1.432396040632e-10 
 1982       1.425003240526e-10 
 1983       1.417594881475e-10 
 1984       1.410171813032e-10 
 1985       1.402734888217e-10 
 1986       1.395284963519e-10 
 1987       1.387822871954e-10 
 1988       1.380349342005e-10 
 1989       1.372865078090e-10 
 1990       1.365370787466e-10 
 1991       1.357867180227e-10 
 1992       1.350354969310e-10 
 1993       1.342834870498e-10 
 1994       1.335307602423e-10 
 1995       1.327773886573e-10 
 1996       1.320234447288e-10 
 1997       1.312690011774e-10 
 1998       1.305141310095e-10 
 1999       1.297589075187e-10 
 2000       1.290034042854e-10 
 2001       1.282476951776e-10 
 2002       1.274918543510e-10 
 2003       1.267359562496e-10 
 2004       1.259800756056e-10 
 2005       1.252242874405e-10 
 2006       1.244686670647e-10 
 2007       1.237132900782e-10 
 2008       1.229582323710e-10 
 2009       1.222035701234e-10 
 2010       1.214493798062e-10 
 2011       1.206957381812e-10 
 2012       1.199427223018e-10 
 2013       1.191904095127e-10 
 2014       1.184388774509e-10 
 2015       1.176882040458e-10 
 2016       1.169384675194e-10 
 2017       1.161897463870e-10 
 2018       1.154421194572e-10 
 2019       1.146956658325e-10 
 2020       1.139504649095e-10 
 2021       1.132065963795e-10 
 2022       1.124641402284e-10 
 2023       1.117231767377e-10 
 2024       1.109837864840e-10 
 2025       1.102460503404e-10 
 2026       1.095100443339e-10 
 2027       1.087758241807e-10 
 2028       1.080434406402e-10 
 2029       1.073129446470e-10 
 2030       1.065843873114e-10 
 2031       1.058578199195e-10 
 2032       1.051332939331e-10 
 2033       1.044108609904e-10 
 2034       1.036905729057e-10 
 2035       1.029724816701e-10 
 2036       1.022566394513e-10 
 2037       1.015430985939e-10 
 2038       1.008319116199e-10 
 2039       1.001231312283e-10 
 2040       9.941681029603e-11 
 2041       9.871300187760e-11 
 2042       9.801175920554e-11 
 2043       9.731313569053e-11 
 2044       9.661718492169e-11 
 2045       9.592396066667e-11 
 2046       9.523351687195e-11 
 2047       9.454590766299e-11 
 2048       9.386118734444e-11 
 2049       9.317941040037e-11 
 2050       9.250063149445e-11 
 2051       9.182490547015e-11 
 2052       9.115228735097e-11 
 2053       9.048283234062e-11 
 2054       8.981659582322e-11 
 2055       8.915363336353e-11 
 2056       8.849400070714e-11 
 2057       8.783775378067e-11 
 2058       8.718494869197e-11 
 2059       8.653564173032e-11 
 2060       8.588988936668e-11 
 2061       8.524774825383e-11 
 2062       8.460927522661e-11 
 2063       8.397452730210e-11 
 2064       8.334356167987e-11 
 2065       8.271642973887e-11 
 2066       8.209315898140e-11 
 2067       8.147377096156e-11 
 2068       8.085828727696e-11 
 2069       8.024672956874e-11 
 2070       7.963911952161e-11 
 2071       7.903547886386e-11 
 2072       7.843582936743e-11 
 2073       7.784019284793e-11 
 2074       7.724859116468e-11 
 2075       7.666104622072e-11 
 2076       7.607757996287e-11 
 2077       7.549821438179e-11 
 2078       7.492297151194e-11 
 2079       7.435187343168e-11 
 2080       7.378494226330e-11 
 2081       7.322220017301e-11 
 2082       7.266366937102e-11 
 2083       7.210937211156e-11 
 2084       7.155933069291e-11 
 2085       7.101356745744e-11 
 2086       7.047210479164e-11 
 2087       6.993496512617e-11 
 2088       6.940217093587e-11 
 2089       6.887374473982e-11 
 2090       6.834970910136e-11 
 2091       6.783008662812e-11 
 2092       6.731489997209e-11 
 2093       6.680417182960e-11 
 2094       6.629792494139e-11 
 2095       6.579618209264e-11 
 2096       6.529896611302e-11 
 2097       6.480629987669e-11 
 2098       6.431820630235e-11 
 2099       6.383470835329e-11 
 2100       6.335582903740e-11 
 2101       6.288159140725e-11 
 2102       6.241201856005e-11 
 2103       6.194713363775e-11 
 2104       6.148695492335e-11 
 2105       6.103148109250e-11 
 2106       6.058070585936e-11 
 2107       6.013462287088e-11 
 2108       5.969322570674e-11 
 2109       5.925650787920e-11 
 2110       5.882446283303e-11 
 2111       5.839708394540e-11 
 2112       5.797436452582e-11 
 2113       5.755629781598e-11 
 2114       5.714287698970e-11 
 2115       5.673409515282e-11 
 2116       5.632994534309e-11 
 2117       5.593042053008e-11 
 2118       5.553551361509e-11 
 2119       5.514521743104e-11 
 2120       5.475952474239e-11 
 2121       5.437842824501e-11 
 2122       5.400192056610e-11 
 2123       5.362999426412e-11 
 2124       5.326264182863e-11 
 2125       5.289985568026e-11 
 2126       5.254162817056e-11 
 2127       5.218795158193e-11 
 2128       5.183881812750e-11 
 2129       5.149421995106e-11 
 2130       5.115414912694e-11 
 2131       5.081859765993e-11 
 2132       5.048755748516e-11 
 2133       5.016102046803e-11 
 2134       4.983897840407e-11 
 2135       4.952142301889e-11 
 2136       4.920834596805e-11 
 2137       4.889973883698e-11 
 2138       4.859559314087e-11 
 2139       4.829590032458e-11 
 2140       4.800065176252e-11 
 2141       4.770983875860e-11 
 2142       4.742345254609e-11 
 2143       4.714148151764e-11 
 2144       4.686390289490e-11 
 2145       4.659069100177e-11 
 2146       4.632182002904e-11 
 2147       4.605726403414e-11 
 2148       4.579699694099e-11 
 2149       4.554099253985e-11 
 2150       4.528922448715e-11 
 2151       4.504166630528e-11 
 2152       4.479829138247e-11 
 2153       4.455907297258e-11 
 2154       4.432398419495e-11 
 2155       4.409299803424e-11 
 2156       4.386608734023e-11 
 2157       4.364322482767e-11 
 2158       4.342438307611e-11 
 2159       4.320953452972e-11 
 2160       4.299865149713e-11 
 2161       4.279170615123e-11 
 2162       4.258867052907e-11 
 2163       4.238951653161e-11 
 2164       4.219421592358e-11 
 2165       4.200274033335e-11 
 2166       4.181506125267e-11 
 2167       4.163115003661e-11 
 2168       4.145097790328e-11 
 2169       4.127451593375e-11 
 2170       4.110173507182e-11 
 2171       4.093260612389e-11 
 2172       4.076709975876e-11 
 2173       4.060518650746e-11 
 2174       4.044683676313e-11 
 2175       4.029202078076e-11 
 2176       4.014070867710e-11 
 2177       3.999287043047e-11 
 2178       3.984847588055e-11 
 2179       3.970749472826e-11 
 2180       3.956989653556e-11 
 2181       3.943565072531e-11 
 2182       3.930472621670e-11 
 2183       3.917709032942e-11 
 2184       3.905270987185e-11 
 2185       3.893155150450e-11 
 2186       3.881358173991e-11 
 2187       3.869876694242e-11 
 2188       3.858707332798e-11 
 2189       3.847846696401e-11 
 2190       3.837291376922e-11 
 2191       3.827037951338e-11 
 2192       3.817082981720e-11 
 2193       3.807423015210e-11 
 2194       3.798054584009e-11 
 2195       3.788974205352e-11 
 2196       3.780178381497e-11 
 2197       3.771663599700e-11 
 2198       3.763426332203e-11 
 2199       3.755463036215e-11 
 2200       3.747770153890e-11 
 2201       3.740344112313e-11 
 2202       3.733181323482e-11 
 2203       3.726278184287e-11 
 2204       3.719631076497e-11 
 2205       3.713236366737e-11 
 2206       3.707090406471e-11 
 2207       3.701189531989e-11 
 2208       3.695530064382e-11 
 2209       3.690108309529e-11 
 2210       3.684920558076e-11 
 2211       3.679963085422e-11 
 2212       3.675232151695e-11 
 2213       3.670724001741e-11 
 2214       3.666434865101e-11 
 2215       3.662360955993e-11 
 2216       3.658498473300e-11 
 2217       3.654843600544e-11 
 2218       3.651392505874e-11 
 2219       3.648141342044e-11 
 2220       3.645086246398e-11 
 2221       3.642223516525e-11 
 2222       3.639550138524e-11 
 2223       3.637063262182e-11 
 2224       3.634760025609e-11 
 2225       3.632637555218e-11 
 2226       3.630692965718e-11 
 2227       3.628923360095e-11 
 2228       3.627325829598e-11 
 2229       3.625897453730e-11 
 2230       3.624635300233e-11 
 2231       3.623536425069e-11 
 2232       3.622597872414e-11 
 2233       3.621816674638e-11 
 2234       3.621189852297e-11 
 2235       3.620714414114e-11 
 2236       3.620387356968e-11 
 2237       3.620205665881e-11 
 2238       3.620166314004e-11 
 2239       3.620266262600e-11 
 2240       3.620502461036e-11 
 2241       3.620871846764e-11 
 2242       3.621371345311e-11 
 2243       3.621997870263e-11 
 2244       3.622748323254e-11 
 2245       3.623619593950e-11 
 2246       3.624608560034e-11 
 2247       3.625712087197e-11 
 2248       3.626927029120e-11 
 2249       3.628250227464e-11 
 2250       3.629678511851e-11 
 2251       3.631208699856e-11 
 2252       3.632837596991e-11 
 2253       3.634561996690e-11 
 2254       3.636378680298e-11 
 2255       3.638284417055e-11 
 2256       3.640275964082e-11 
 2257       3.642350066372e-11 
 2258       3.644503456769e-11 
 2259       3.646732855962e-11 
 2260       3.649035238838e-11 
 2261       3.651408635478e-11 
 2262       3.653851335324e-11 
 2263       3.656361621273e-11 
 2264       3.658937769666e-11 
 2265       3.661578050281e-11 
 2266       3.664280726329e-11 
 2267       3.667044054442e-11 
 2268       3.669866284667e-11 
 2269       3.672745660463e-11 
 2270       3.675680418687e-11 
 2271       3.678668789589e-11 
 2272       3.681708996807e-11 
 2273       3.684799257355e-11 
 2274       3.687937781622e-11 
 2275       3.691122773357e-11 
 2276       3.694352429668e-11 
 2277       3.697624941010e-11 
 2278       3.700938491181e-11 
 2279       3.704291257312e-11 
 2280       3.707681409862e-11 
 2281       3.711107112607e-11 
 2282       3.714566522638e-11 
 2283       3.718057790348e-11 
 2284       3.721579059427e-11 
 2285       3.725128466856e-11 
 2286       3.728704142898e-11 
 2287       3.732304211089e-11 
 2288       3.735926788235e-11 
 2289       3.739569984400e-11 
 2290       3.743231902901e-11 
 2291       3.746910640300e-11 
 2292       3.750604286398e-11 
 2293       3.754310924224e-11 
 2294       3.758028630030e-11 
 2295       3.761755473287e-11 
 2296       3.765489516669e-11 
 2297       3.769228816054e-11 
 2298       3.772971420512e-11 
 2299       3.776715625364e-11 
 2300       3.780460733129e-11 
 2301       3.784206297408e-11 
 2302       3.787951870257e-11 
 2303       3.791697002187e-11 
 2304       3.795441242158e-11 
 2305       3.799184137584e-11 
 2306       3.802925234323e-11 
 2307       3.806664076683e-11 
 2308       3.810400207417e-11 
 2309       3.814133167720e-11 
 2310       3.817862497229e-11 
 2311       3.821587734023e-11 
 2312       3.825308414617e-11 
 2313       3.829024073964e-11 
 2314       3.832734245452e-11 
 2315       3.836438460903e-11 
 2316       3.840136250569e-11 
 2317       3.843827143134e-11 
 2318       3.847510665710e-11 
 2319       3.851186343834e-11 
 2320       3.854853701471e-11 
 2321       3.858512261007e-11 
 2322       3.862161543249e-11 
 2323       3.865801067428e-11 
 2324       3.869430351190e-11 
 2325       3.873048910597e-11 
 2326       3.876656260129e-11 
 2327       3.880251912678e-11 
 2328       3.883835379547e-11 
 2329       3.887406170450e-11 
 2330       3.890963793508e-11 
 2331       3.894507755249e-11 
 2332       3.898037560608e-11 
 2333       3.901552712921e-11 
 2334       3.905052713926e-11 
 2335       3.908537063761e-11 
 2336       3.912005260963e-11 
 2337       3.915456802464e-11 
 2338       3.918891349459e-11 
 2339       3.922309226128e-11 
 2340       3.925710924032e-11 
 2341       3.929096936533e-11 
 2342       3.932467758795e-11 
 2343       3.935823887785e-11 
 2344       3.939165822278e-11 
 2345       3.942494062855e-11 
 2346       3.945809111909e-11 
 2347       3.949111473643e-11 
 2348       3.952401654077e-11 
 2349       3.955680161044e-11 
 2350       3.958947504196e-11 
 2351       3.962204195006e-11 
 2352       3.965450746767e-11 
 2353       3.968687674598e-11 
 2354       3.971915495441e-11 
 2355       3.975134728069e-11 
 2356       3.978345893081e-11 
 2357       3.981549512912e-11 
 2358       3.984746111827e-11 
 2359       3.987936215928e-11 
 2360       3.991120353156e-11 
 2361       3.994299053288e-11 
 2362       3.997472847947e-11 
 2363       4.000642270596e-11 
 2364       4.003807856545e-11 
 2365       4.006970142951e-11 
 2366       4.010129668820e-11 
 2367       4.013286975011e-11 
 2368       4.016442604234e-11 
 2369       4.019597101056e-11 
 2370       4.022751011900e-11 
 2371       4.025904885050e-11 
 2372       4.029059270650e-11 
 2373       4.032214720706e-11 
 2374       4.035371789091e-11 
 2375       4.038531031545e-11 
 2376       4.041693005676e-11 
 2377       4.044858298909e-11 
 2378       4.048027612521e-11 
 2379       4.051201678124e-11 
 2380       4.054381229776e-11 
 2381       4.057567003976e-11 
 2382       4.060759739674e-11 
 2383       4.063960178266e-11 
 2384       4.067169063603e-11 
 2385       4.070387141990e-11 
 2386       4.073615162190e-11 
 2387       4.076853875423e-11 
 2388       4.080104035377e-11 
 2389       4.083366398199e-11 
 2390       4.086641722509e-11 
 2391       4.089930769394e-11 
 2392       4.093234302414e-11 
 2393       4.096553087607e-11 
 2394       4.099887893484e-11 
 2395       4.103239491042e-11 
 2396       4.106608653756e-11 
 2397       4.109996157591e-11 
 2398       4.113402780997e-11 
 2399       4.116829304916e-11 
 2400       4.120276512783e-11 
 2401       4.123745190529e-11 
 2402       4.127236126582e-11 
 2403       4.130750111874e-11 
 2404       4.134287939836e-11 
 2405       4.137850406410e-11 
 2406       4.141438310043e-11 
 2407       4.145052451695e-11 
 2408       4.148693634838e-11 
 2409       4.152362665462e-11 
 2410       4.156060352075e-11 
 2411       4.159787505707e-11 
 2412       4.163544939911e-11 
 2413       4.167333470767e-11 
 2414       4.171153916885e-11 
 2415       4.175007099404e-11 
 2416       4.178893777839e-11 
 2417       4.182814457173e-11 
 2418       4.186769579598e-11 
 2419       4.190759588571e-11 
 2420       4.194784928817e-11 
 2421       4.198846046327e-11 
 2422       4.202943388363e-11 
 2423       4.207077403455e-11 
 2424       4.211248541405e-11 
 2425       4.215457253290e-11 
 2426       4.219703991459e-11 
 2427       4.223989209535e-11 
 2428       4.228313362421e-11 
 2429       4.232676906294e-11 
 2430       4.237080298613e-11 
 2431       4.241523998115e-11 
 2432       4.246008464819e-11 
 2433       4.250534160027e-11 
 2434       4.255101546324e-11 
 2435       4.259711087583e-11 
 2436       4.264363248960e-11 
 2437       4.269058496899e-11 
 2438       4.273797299135e-11 
 2439       4.278580124692e-11 
 2440       4.283407443884e-11 
 2441       4.288279728319e-11 
 2442       4.293197450899e-11 
 2443       4.298161085820e-11 
 2444       4.303171108576e-11 
 2445       4.308227995957e-11 
 2446       4.313332226051e-11 
 2447       4.318484278249e-11 
 2448       4.323684633240e-11 
 2449       4.328933773018e-11 
 2450       4.334232180879e-11 
 2451       4.339580341426e-11 
 2452       4.344978740565e-11 
 2453       4.350427865513e-11 
 2454       4.355928204793e-11 
 2455       4.361480112852e-11 
 2456       4.367083403017e-11 
 2457       4.372737752112e-11 
 2458       4.378442835625e-11 
 2459       4.384198327704e-11 
 2460       4.390003901157e-11 
 2461       4.395859227451e-11 
 2462       4.401763976710e-11 
 2463       4.407717817714e-11 
 2464       4.413720417895e-11 
 2465       4.419771443340e-11 
 2466       4.425870558785e-11 
 2467       4.432017427619e-11 
 2468       4.438211711875e-11 
 2469       4.444453072237e-11 
 2470       4.450741168030e-11 
 2471       4.457075657227e-11 
 2472       4.463456196442e-11 
 2473       4.469882440928e-11 
 2474       4.476354044580e-11 
 2475       4.482870659930e-11 
 2476       4.489431938147e-11 
 2477       4.496037529036e-11 
 2478       4.502687081033e-11 
 2479       4.509380241209e-11 
 2480       4.516116655265e-11 
 2481       4.522895967531e-11 
 2482       4.529717820964e-11 
 2483       4.536581857150e-11 
 2484       4.543487716298e-11 
 2485       4.550435037241e-11 
 2486       4.557423457434e-11 
 2487       4.564452612953e-11 
 2488       4.571522138492e-11 
 2489       4.578631667365e-11 
 2490       4.585780831500e-11 
 2491       4.592969261440e-11 
 2492       4.600196586344e-11 
 2493       4.607462433979e-11 
 2494       4.614766698940e-11 
 2495       4.622110349011e-11 
 2496       4.629494623532e-11 
 2497       4.636920765619e-11 
 2498       4.644390022167e-11 
 2499       4.651903643853e-11 
 2500       4.659462885143e-11 
