# dimensionless total [l(l+1)/2pi] C_l's
# for l=2 to 2500, i.e. number of multipoles equal to 2499
#
# -> if you prefer output in CAMB/HealPix/LensPix units/order, set 'format' to 'camb' in input file
# -> if you don't want to see such a header, set 'headers' to 'no' in input file
#
# 1:l     2:TT                 
    2       1.437788221130e-06 
    3       1.319958569645e-07 
    4       1.012130580232e-08 
    5       6.579413110762e-10 
    6       1.305683809709e-10 
    7       1.079303050207e-10 
    8       1.065796923710e-10 
    9       1.064586692807e-10 
   10       1.067384264134e-10 
   11       1.073900842283e-10 
   12       1.082844139740e-10 
   13       1.093466517279e-10 
   14       1.106147759988e-10 
   15       1.120125552604e-10 
   16       1.134999326346e-10 
   17       1.150922823813e-10 
   18       1.166526147955e-10 
   19       1.185030905022e-10 
   20       1.203553184388e-10 
   21       1.222019100554e-10 
   22       1.240997731136e-10 
   23       1.260646492582e-10 
   24       1.280783372417e-10 
   25       1.301375298504e-10 
   26       1.322307592642e-10 
   27       1.343662859144e-10 
   28       1.365427621550e-10 
   29       1.387451899220e-10 
   30       1.409781953155e-10 
   31       1.432423766580e-10 
   32       1.455294114501e-10 
   33       1.478410341093e-10 
   34       1.501747576986e-10 
   35       1.525234528511e-10 
   36       1.548950719126e-10 
   37       1.572983495633e-10 
   38       1.597367568116e-10 
   39       1.622093403147e-10 
   40       1.647151503058e-10 
   41       1.672492448402e-10 
   42       1.698008128472e-10 
   43       1.723578820022e-10 
   44       1.749244632702e-10 
   45       1.775078507626e-10 
   46       1.801136474039e-10 
   47       1.827455624245e-10 
   48       1.854056577369e-10 
   49       1.880956417077e-10 
   50       1.908155921534e-10 
   51       1.935633641125e-10 
   52       1.963344102404e-10 
   53       1.991238840609e-10 
   54       2.019339980981e-10 
   55       2.047682448088e-10 
   56       2.076291973426e-10 
   57       2.105184256536e-10 
   58       2.134364126124e-10 
   59       2.163830493035e-10 
   60       2.193594457608e-10 
   61       2.223663932261e-10 
   62       2.254037589934e-10 
   63       2.284704221547e-10 
   64       2.315642093447e-10 
   65       2.346829154994e-10 
   66       2.378277617203e-10 
   67       2.410005570283e-10 
   68       2.442026446988e-10 
   69       2.474348683566e-10 
   70       2.506975380720e-10 
   71       2.539903964550e-10 
   72       2.573130702689e-10 
   73       2.606666009704e-10 
   74       2.640521480528e-10 
   75       2.674705071282e-10 
   76       2.709220871071e-10 
   77       2.744068873791e-10 
   78       2.779244749925e-10 
   79       2.814739618348e-10 
   80       2.850544443914e-10 
   81       2.886664611778e-10 
   82       2.923107479409e-10 
   83       2.959877835273e-10 
   84       2.996977756297e-10 
   85       3.034406465334e-10 
   86       3.072160188629e-10 
   87       3.110232013279e-10 
   88       3.148611744701e-10 
   89       3.187289551305e-10 
   90       3.226267864432e-10 
   91       3.265551091208e-10 
   92       3.305141908904e-10 
   93       3.345041179142e-10 
   94       3.385247862095e-10 
   95       3.425758930688e-10 
   96       3.466569284799e-10 
   97       3.507671665463e-10 
   98       3.549056569073e-10 
   99       3.590714645919e-10 
  100       3.632644468935e-10 
  101       3.674845711058e-10 
  102       3.717316704078e-10 
  103       3.760054382951e-10 
  104       3.803054230114e-10 
  105       3.846310219798e-10 
  106       3.889814762345e-10 
  107       3.933558648520e-10 
  108       3.977530993830e-10 
  109       4.021719182835e-10 
  110       4.066111035351e-10 
  111       4.110701739608e-10 
  112       4.155487706303e-10 
  113       4.200464392566e-10 
  114       4.245626268116e-10 
  115       4.290966781410e-10 
  116       4.336478325792e-10 
  117       4.382152205651e-10 
  118       4.427978602565e-10 
  119       4.473946541457e-10 
  120       4.520043856746e-10 
  121       4.566257158498e-10 
  122       4.612571798576e-10 
  123       4.658973573472e-10 
  124       4.705454126405e-10 
  125       4.752006104923e-10 
  126       4.798621459839e-10 
  127       4.845291425040e-10 
  128       4.892006497308e-10 
  129       4.938756416131e-10 
  130       4.985530143522e-10 
  131       5.032315843831e-10 
  132       5.079100863562e-10 
  133       5.125871711189e-10 
  134       5.172614036971e-10 
  135       5.219312612766e-10 
  136       5.265951311847e-10 
  137       5.312514514306e-10 
  138       5.358991530119e-10 
  139       5.405372597640e-10 
  140       5.451647488038e-10 
  141       5.497805494170e-10 
  142       5.543835419439e-10 
  143       5.589725566659e-10 
  144       5.635463726923e-10 
  145       5.681037168458e-10 
  146       5.726432625499e-10 
  147       5.771636287146e-10 
  148       5.816633786229e-10 
  149       5.861410188173e-10 
  150       5.905949979862e-10 
  151       5.950237058502e-10 
  152       5.994254720484e-10 
  153       6.037986868510e-10 
  154       6.081421782630e-10 
  155       6.124548680073e-10 
  156       6.167356523593e-10 
  157       6.209834016541e-10 
  158       6.251969597929e-10 
  159       6.293751437503e-10 
  160       6.335167430806e-10 
  161       6.376205194251e-10 
  162       6.416852060189e-10 
  163       6.457095071972e-10 
  164       6.496920979030e-10 
  165       6.536316231929e-10 
  166       6.575266977450e-10 
  167       6.613759053650e-10 
  168       6.651777984933e-10 
  169       6.689308977116e-10 
  170       6.726336912504e-10 
  171       6.762847341245e-10 
  172       6.798829558517e-10 
  173       6.834273775669e-10 
  174       6.869170146158e-10 
  175       6.903508764684e-10 
  176       6.937279666325e-10 
  177       6.970472825667e-10 
  178       7.003078155938e-10 
  179       7.035085508142e-10 
  180       7.066484670192e-10 
  181       7.097265366043e-10 
  182       7.127417254824e-10 
  183       7.156929929975e-10 
  184       7.185792918375e-10 
  185       7.213995679479e-10 
  186       7.241527604451e-10 
  187       7.268378015293e-10 
  188       7.294536163985e-10 
  189       7.319991231613e-10 
  190       7.344732327503e-10 
  191       7.368749211184e-10 
  192       7.392034520552e-10 
  193       7.414581709551e-10 
  194       7.436384341864e-10 
  195       7.457436092409e-10 
  196       7.477730748839e-10 
  197       7.497262213041e-10 
  198       7.516024502633e-10 
  199       7.534011752464e-10 
  200       7.551218216112e-10 
  201       7.567638267382e-10 
  202       7.583266401803e-10 
  203       7.598097238132e-10 
  204       7.612125519844e-10 
  205       7.625346116639e-10 
  206       7.637754025934e-10 
  207       7.649344374365e-10 
  208       7.660112419286e-10 
  209       7.670053550263e-10 
  210       7.679163290579e-10 
  211       7.687437298724e-10 
  212       7.694871369904e-10 
  213       7.701461830400e-10 
  214       7.707206747192e-10 
  215       7.712104802956e-10 
  216       7.716154913055e-10 
  217       7.719356228071e-10 
  218       7.721708136338e-10 
  219       7.723210266475e-10 
  220       7.723862489916e-10 
  221       7.723664923448e-10 
  222       7.722617931739e-10 
  223       7.720722129873e-10 
  224       7.717978385881e-10 
  225       7.714387823278e-10 
  226       7.709951823590e-10 
  227       7.704672028890e-10 
  228       7.698550344331e-10 
  229       7.691588940678e-10 
  230       7.683790256840e-10 
  231       7.675157002404e-10 
  232       7.665692160166e-10 
  233       7.655398988668e-10 
  234       7.644281024725e-10 
  235       7.632342085961e-10 
  236       7.619586273342e-10 
  237       7.606017973706e-10 
  238       7.591641807180e-10 
  239       7.576462460635e-10 
  240       7.560484849055e-10 
  241       7.543714172145e-10 
  242       7.526155916753e-10 
  243       7.507815859288e-10 
  244       7.488700068128e-10 
  245       7.468814906048e-10 
  246       7.448167032627e-10 
  247       7.426763406669e-10 
  248       7.404611288617e-10 
  249       7.381718242974e-10 
  250       7.358092140713e-10 
  251       7.333741161700e-10 
  252       7.308673797105e-10 
  253       7.282898851822e-10 
  254       7.256425446883e-10 
  255       7.229263021877e-10 
  256       7.201421337364e-10 
  257       7.172910477294e-10 
  258       7.143740851421e-10 
  259       7.113923197720e-10 
  260       7.083468584806e-10 
  261       7.052388414347e-10 
  262       7.020694423482e-10 
  263       6.988398687237e-10 
  264       6.955513620943e-10 
  265       6.922051982651e-10 
  266       6.888026279857e-10 
  267       6.853446949019e-10 
  268       6.818324081884e-10 
  269       6.782668013686e-10 
  270       6.746489324551e-10 
  271       6.709798840909e-10 
  272       6.672607636903e-10 
  273       6.634927035804e-10 
  274       6.596768611411e-10 
  275       6.558144189472e-10 
  276       6.519065849087e-10 
  277       6.479545924117e-10 
  278       6.439597004602e-10 
  279       6.399231938162e-10 
  280       6.358463831412e-10 
  281       6.317306051371e-10 
  282       6.275772226870e-10 
  283       6.233876249965e-10 
  284       6.191632277346e-10 
  285       6.149054731746e-10 
  286       6.106158303352e-10 
  287       6.062957951213e-10 
  288       6.019468904652e-10 
  289       5.975706664678e-10 
  290       5.931687005390e-10 
  291       5.887425975392e-10 
  292       5.842939899201e-10 
  293       5.798245378659e-10 
  294       5.753359294338e-10 
  295       5.708298806956e-10 
  296       5.663081358784e-10 
  297       5.617723610641e-10 
  298       5.572238192713e-10 
  299       5.526636798219e-10 
  300       5.480931233520e-10 
  301       5.435133418091e-10 
  302       5.389255384487e-10 
  303       5.343309278308e-10 
  304       5.297307358170e-10 
  305       5.251261995665e-10 
  306       5.205185675335e-10 
  307       5.159090994634e-10 
  308       5.112990663897e-10 
  309       5.066897506307e-10 
  310       5.020824457858e-10 
  311       4.974784567328e-10 
  312       4.928790996241e-10 
  313       4.882857018836e-10 
  314       4.836996022032e-10 
  315       4.791221505396e-10 
  316       4.745547081112e-10 
  317       4.699986473943e-10 
  318       4.654553521201e-10 
  319       4.609262172713e-10 
  320       4.564126490789e-10 
  321       4.519160650186e-10 
  322       4.474378938078e-10 
  323       4.429795754020e-10 
  324       4.385425609918e-10 
  325       4.341283129991e-10 
  326       4.297383050742e-10 
  327       4.253740220926e-10 
  328       4.210369601510e-10 
  329       4.167286265646e-10 
  330       4.124505398636e-10 
  331       4.082042297900e-10 
  332       4.039911190676e-10 
  333       3.998121630230e-10 
  334       3.956681942319e-10 
  335       3.915600391959e-10 
  336       3.874885182106e-10 
  337       3.834544452343e-10 
  338       3.794586277558e-10 
  339       3.755018666635e-10 
  340       3.715849561129e-10 
  341       3.677086833959e-10 
  342       3.638738288082e-10 
  343       3.600811655185e-10 
  344       3.563314594361e-10 
  345       3.526254690800e-10 
  346       3.489639454466e-10 
  347       3.453476318783e-10 
  348       3.417772639322e-10 
  349       3.382535692479e-10 
  350       3.347772674159e-10 
  351       3.313490698467e-10 
  352       3.279696796380e-10 
  353       3.246397914440e-10 
  354       3.213600913434e-10 
  355       3.181312567077e-10 
  356       3.149539560695e-10 
  357       3.118288489911e-10 
  358       3.087565859328e-10 
  359       3.057378081210e-10 
  360       3.027731474167e-10 
  361       2.998632261842e-10 
  362       2.970086571589e-10 
  363       2.942100433158e-10 
  364       2.914679777381e-10 
  365       2.887830434854e-10 
  366       2.861558134621e-10 
  367       2.835868502856e-10 
  368       2.810767061548e-10 
  369       2.786259227185e-10 
  370       2.762350309434e-10 
  371       2.739044913011e-10 
  372       2.716345120160e-10 
  373       2.694252234522e-10 
  374       2.672767369712e-10 
  375       2.651891447482e-10 
  376       2.631625195885e-10 
  377       2.611969147442e-10 
  378       2.592923637304e-10 
  379       2.574488801418e-10 
  380       2.556664574693e-10 
  381       2.539450689162e-10 
  382       2.522846672146e-10 
  383       2.506851844424e-10 
  384       2.491465318390e-10 
  385       2.476685996225e-10 
  386       2.462512568055e-10 
  387       2.448943510121e-10 
  388       2.435977082940e-10 
  389       2.423611329472e-10 
  390       2.411844073283e-10 
  391       2.400672916711e-10 
  392       2.390095239027e-10 
  393       2.380108194606e-10 
  394       2.370708711087e-10 
  395       2.361893487537e-10 
  396       2.353658992619e-10 
  397       2.346001462753e-10 
  398       2.338916900285e-10 
  399       2.332401071648e-10 
  400       2.326449505527e-10 
  401       2.321057491024e-10 
  402       2.316220075824e-10 
  403       2.311932064359e-10 
  404       2.308188015971e-10 
  405       2.304982243077e-10 
  406       2.302308809337e-10 
  407       2.300161527814e-10 
  408       2.298533959140e-10 
  409       2.297419409683e-10 
  410       2.296811370221e-10 
  411       2.296704852832e-10 
  412       2.297095097751e-10 
  413       2.297977135616e-10 
  414       2.299345785947e-10 
  415       2.301195655625e-10 
  416       2.303521137370e-10 
  417       2.306316408219e-10 
  418       2.309575428004e-10 
  419       2.313291937832e-10 
  420       2.317459458561e-10 
  421       2.322071289279e-10 
  422       2.327120505784e-10 
  423       2.332599959061e-10 
  424       2.338502273759e-10 
  425       2.344819846671e-10 
  426       2.351544845215e-10 
  427       2.358669205904e-10 
  428       2.366184632833e-10 
  429       2.374082596154e-10 
  430       2.382354330553e-10 
  431       2.390990833730e-10 
  432       2.399982864876e-10 
  433       2.409320943154e-10 
  434       2.418995346174e-10 
  435       2.428996108473e-10 
  436       2.439313019993e-10 
  437       2.449935624560e-10 
  438       2.460853218361e-10 
  439       2.472054848423e-10 
  440       2.483529311092e-10 
  441       2.495265150509e-10 
  442       2.507250657094e-10 
  443       2.519473866014e-10 
  444       2.531922555673e-10 
  445       2.544584246182e-10 
  446       2.557446197842e-10 
  447       2.570495409618e-10 
  448       2.583718617622e-10 
  449       2.597103540551e-10 
  450       2.610642663487e-10 
  451       2.624329573585e-10 
  452       2.638157723401e-10 
  453       2.652120430108e-10 
  454       2.666210874720e-10 
  455       2.680422101306e-10 
  456       2.694747016212e-10 
  457       2.709178387279e-10 
  458       2.723708843062e-10 
  459       2.738330872047e-10 
  460       2.753036821873e-10 
  461       2.767818898550e-10 
  462       2.782669165676e-10 
  463       2.797579543658e-10 
  464       2.812541808931e-10 
  465       2.827547593174e-10 
  466       2.842588382533e-10 
  467       2.857655516836e-10 
  468       2.872740188816e-10 
  469       2.887833443326e-10 
  470       2.902926176559e-10 
  471       2.918009135270e-10 
  472       2.933072915990e-10 
  473       2.948107964249e-10 
  474       2.963104573791e-10 
  475       2.978052885796e-10 
  476       2.992942888100e-10 
  477       3.007764414408e-10 
  478       3.022507143520e-10 
  479       3.037160598546e-10 
  480       3.051714146123e-10 
  481       3.066156995640e-10 
  482       3.080478198451e-10 
  483       3.094666647097e-10 
  484       3.108711074524e-10 
  485       3.122600053302e-10 
  486       3.136321994844e-10 
  487       3.149865148624e-10 
  488       3.163219048303e-10 
  489       3.176378899096e-10 
  490       3.189341319627e-10 
  491       3.202102906794e-10 
  492       3.214660235717e-10 
  493       3.227009859683e-10 
  494       3.239148310093e-10 
  495       3.251072096408e-10 
  496       3.262777706097e-10 
  497       3.274261604581e-10 
  498       3.285520235182e-10 
  499       3.296550019069e-10 
  500       3.307347355203e-10 
  501       3.317908620284e-10 
  502       3.328230168699e-10 
  503       3.338308332466e-10 
  504       3.348139421185e-10 
  505       3.357719721977e-10 
  506       3.367045499440e-10 
  507       3.376112995585e-10 
  508       3.384918429792e-10 
  509       3.393457998751e-10 
  510       3.401727876410e-10 
  511       3.409724213921e-10 
  512       3.417443139587e-10 
  513       3.424880758810e-10 
  514       3.432033154033e-10 
  515       3.438896384691e-10 
  516       3.445466487157e-10 
  517       3.451739474686e-10 
  518       3.457711337362e-10 
  519       3.463378042048e-10 
  520       3.468735532327e-10 
  521       3.473779728453e-10 
  522       3.478506527297e-10 
  523       3.482911802289e-10 
  524       3.486991403370e-10 
  525       3.490741156938e-10 
  526       3.494156865789e-10 
  527       3.497235264722e-10 
  528       3.499976916450e-10 
  529       3.502383395552e-10 
  530       3.504456340414e-10 
  531       3.506197453591e-10 
  532       3.507608502158e-10 
  533       3.508691318075e-10 
  534       3.509447798544e-10 
  535       3.509879906367e-10 
  536       3.509989670304e-10 
  537       3.509779185433e-10 
  538       3.509250613508e-10 
  539       3.508406183319e-10 
  540       3.507248191047e-10 
  541       3.505779000626e-10 
  542       3.504001044102e-10 
  543       3.501916821989e-10 
  544       3.499528903629e-10 
  545       3.496839927549e-10 
  546       3.493852601824e-10 
  547       3.490569704432e-10 
  548       3.486994083611e-10 
  549       3.483128658224e-10 
  550       3.478976418109e-10 
  551       3.474540424447e-10 
  552       3.469823810113e-10 
  553       3.464829780037e-10 
  554       3.459561611566e-10 
  555       3.454022654817e-10 
  556       3.448216333040e-10 
  557       3.442146142975e-10 
  558       3.435815655210e-10 
  559       3.429228514540e-10 
  560       3.422388440327e-10 
  561       3.415299226858e-10 
  562       3.407964743701e-10 
  563       3.400388936067e-10 
  564       3.392575825169e-10 
  565       3.384529508576e-10 
  566       3.376254254291e-10 
  567       3.367754784892e-10 
  568       3.359036001407e-10 
  569       3.350102890654e-10 
  570       3.340960525635e-10 
  571       3.331614065928e-10 
  572       3.322068758085e-10 
  573       3.312329936019e-10 
  574       3.302403021405e-10 
  575       3.292293524067e-10 
  576       3.282007042376e-10 
  577       3.271549263643e-10 
  578       3.260925964511e-10 
  579       3.250143011351e-10 
  580       3.239206360654e-10 
  581       3.228122059423e-10 
  582       3.216896245571e-10 
  583       3.205535148313e-10 
  584       3.194045088557e-10 
  585       3.182432479301e-10 
  586       3.170703826026e-10 
  587       3.158865727086e-10 
  588       3.146924874110e-10 
  589       3.134888052385e-10 
  590       3.122762141260e-10 
  591       3.110554114530e-10 
  592       3.098271040838e-10 
  593       3.085920084063e-10 
  594       3.073508503718e-10 
  595       3.061043655340e-10 
  596       3.048532990885e-10 
  597       3.035984059122e-10 
  598       3.023404506026e-10 
  599       3.010802075174e-10 
  600       2.998184608134e-10 
  601       2.985560044865e-10 
  602       2.972936424103e-10 
  603       2.960321883762e-10 
  604       2.947724661323e-10 
  605       2.935152440530e-10 
  606       2.922610373394e-10 
  607       2.910103011336e-10 
  608       2.897634954758e-10 
  609       2.885210853222e-10 
  610       2.872835405628e-10 
  611       2.860513360395e-10 
  612       2.848249515643e-10 
  613       2.836048719366e-10 
  614       2.823915869620e-10 
  615       2.811855914697e-10 
  616       2.799873853307e-10 
  617       2.787974734757e-10 
  618       2.776163659130e-10 
  619       2.764445777468e-10 
  620       2.752826291947e-10 
  621       2.741310456060e-10 
  622       2.729903574796e-10 
  623       2.718611004819e-10 
  624       2.707438154648e-10 
  625       2.696390484837e-10 
  626       2.685473508155e-10 
  627       2.674692789765e-10 
  628       2.664053947405e-10 
  629       2.653562651564e-10 
  630       2.643224625668e-10 
  631       2.633045646253e-10 
  632       2.623031543149e-10 
  633       2.613188199661e-10 
  634       2.603521552741e-10 
  635       2.594037593178e-10 
  636       2.584742365771e-10 
  637       2.575641969508e-10 
  638       2.566742557752e-10 
  639       2.558050338415e-10 
  640       2.549571574139e-10 
  641       2.541312582476e-10 
  642       2.533279736071e-10 
  643       2.525479462834e-10 
  644       2.517917352606e-10 
  645       2.510595454568e-10 
  646       2.503514919023e-10 
  647       2.496676885304e-10 
  648       2.490082481694e-10 
  649       2.483732825348e-10 
  650       2.477629022217e-10 
  651       2.471772166966e-10 
  652       2.466163342897e-10 
  653       2.460803621870e-10 
  654       2.455694064228e-10 
  655       2.450835718712e-10 
  656       2.446229622390e-10 
  657       2.441876800572e-10 
  658       2.437778266737e-10 
  659       2.433935022451e-10 
  660       2.430348057289e-10 
  661       2.427018348760e-10 
  662       2.423946862221e-10 
  663       2.421134550809e-10 
  664       2.418582355353e-10 
  665       2.416291204302e-10 
  666       2.414262013643e-10 
  667       2.412495686824e-10 
  668       2.410993114675e-10 
  669       2.409755175330e-10 
  670       2.408782734150e-10 
  671       2.408076643641e-10 
  672       2.407637743379e-10 
  673       2.407466859930e-10 
  674       2.407564806771e-10 
  675       2.407932384213e-10 
  676       2.408570379323e-10 
  677       2.409479565842e-10 
  678       2.410660704112e-10 
  679       2.412114540993e-10 
  680       2.413841809787e-10 
  681       2.415843230157e-10 
  682       2.418119508054e-10 
  683       2.420670759258e-10 
  684       2.423494766675e-10 
  685       2.426588685691e-10 
  686       2.429949616947e-10 
  687       2.433574606113e-10 
  688       2.437460643666e-10 
  689       2.441604664660e-10 
  690       2.446003548497e-10 
  691       2.450654118708e-10 
  692       2.455553142718e-10 
  693       2.460697331627e-10 
  694       2.466083339979e-10 
  695       2.471707765534e-10 
  696       2.477567149049e-10 
  697       2.483657974044e-10 
  698       2.489976666577e-10 
  699       2.496519595022e-10 
  700       2.503283069837e-10 
  701       2.510263343341e-10 
  702       2.517456609486e-10 
  703       2.524859003631e-10 
  704       2.532466602314e-10 
  705       2.540275423030e-10 
  706       2.548281423999e-10 
  707       2.556480503943e-10 
  708       2.564868501858e-10 
  709       2.573441196789e-10 
  710       2.582194307602e-10 
  711       2.591123492759e-10 
  712       2.600224350088e-10 
  713       2.609492416562e-10 
  714       2.618923168069e-10 
  715       2.628512019186e-10 
  716       2.638254322953e-10 
  717       2.648145370646e-10 
  718       2.658180391551e-10 
  719       2.668354552737e-10 
  720       2.678662958831e-10 
  721       2.689100651789e-10 
  722       2.699662666799e-10 
  723       2.710344201677e-10 
  724       2.721140450445e-10 
  725       2.732046547298e-10 
  726       2.743057566390e-10 
  727       2.754168521625e-10 
  728       2.765374366438e-10 
  729       2.776669993584e-10 
  730       2.788050234926e-10 
  731       2.799509861217e-10 
  732       2.811043581890e-10 
  733       2.822646044845e-10 
  734       2.834311836231e-10 
  735       2.846035480239e-10 
  736       2.857811438882e-10 
  737       2.869634111785e-10 
  738       2.881497835970e-10 
  739       2.893396885645e-10 
  740       2.905325471986e-10 
  741       2.917277742927e-10 
  742       2.929247782947e-10 
  743       2.941229612852e-10 
  744       2.953217189566e-10 
  745       2.965204405915e-10 
  746       2.977185090414e-10 
  747       2.989153007054e-10 
  748       3.001101855088e-10 
  749       3.013025268817e-10 
  750       3.024916817376e-10 
  751       3.036770004523e-10 
  752       3.048578268423e-10 
  753       3.060334981434e-10 
  754       3.072033449895e-10 
  755       3.083666913915e-10 
  756       3.095228547151e-10 
  757       3.106711456603e-10 
  758       3.118108682399e-10 
  759       3.129413197575e-10 
  760       3.140617907869e-10 
  761       3.151716247436e-10 
  762       3.162703978949e-10 
  763       3.173577427584e-10 
  764       3.184332888119e-10 
  765       3.194966624852e-10 
  766       3.205474871504e-10 
  767       3.215853831129e-10 
  768       3.226099676029e-10 
  769       3.236208547659e-10 
  770       3.246176556538e-10 
  771       3.255999782160e-10 
  772       3.265674272901e-10 
  773       3.275196045933e-10 
  774       3.284561087129e-10 
  775       3.293765350976e-10 
  776       3.302804760483e-10 
  777       3.311675207093e-10 
  778       3.320372550589e-10 
  779       3.328892619009e-10 
  780       3.337231208549e-10 
  781       3.345384083480e-10 
  782       3.353346976053e-10 
  783       3.361115586408e-10 
  784       3.368685582489e-10 
  785       3.376052599949e-10 
  786       3.383212242061e-10 
  787       3.390160079628e-10 
  788       3.396891650893e-10 
  789       3.403402461449e-10 
  790       3.409687984148e-10 
  791       3.415743659011e-10 
  792       3.421564893137e-10 
  793       3.427147060615e-10 
  794       3.432485502430e-10 
  795       3.437575526378e-10 
  796       3.442412406971e-10 
  797       3.446991385348e-10 
  798       3.451307669186e-10 
  799       3.455356432610e-10 
  800       3.459133562912e-10 
  801       3.462637915835e-10 
  802       3.465869101245e-10 
  803       3.468826740101e-10 
  804       3.471510464500e-10 
  805       3.473919917732e-10 
  806       3.476054754323e-10 
  807       3.477914640090e-10 
  808       3.479499252187e-10 
  809       3.480808279157e-10 
  810       3.481841420982e-10 
  811       3.482598389129e-10 
  812       3.483078906603e-10 
  813       3.483282707996e-10 
  814       3.483209539535e-10 
  815       3.482859159136e-10 
  816       3.482231336446e-10 
  817       3.481325852899e-10 
  818       3.480142501765e-10 
  819       3.478681088195e-10 
  820       3.476941429278e-10 
  821       3.474923354082e-10 
  822       3.472626703710e-10 
  823       3.470051331350e-10 
  824       3.467197102318e-10 
  825       3.464063894113e-10 
  826       3.460651596469e-10 
  827       3.456960111395e-10 
  828       3.452989353237e-10 
  829       3.448739248716e-10 
  830       3.444209736985e-10 
  831       3.439400769677e-10 
  832       3.434312310954e-10 
  833       3.428944337555e-10 
  834       3.423296838849e-10 
  835       3.417369816883e-10 
  836       3.411163286429e-10 
  837       3.404677275040e-10 
  838       3.397911823091e-10 
  839       3.390867448423e-10 
  840       3.383546548995e-10 
  841       3.375952024730e-10 
  842       3.368086815263e-10 
  843       3.359953900076e-10 
  844       3.351556298621e-10 
  845       3.342897070452e-10 
  846       3.333979315353e-10 
  847       3.324806173468e-10 
  848       3.315380825427e-10 
  849       3.305706492476e-10 
  850       3.295786436607e-10 
  851       3.285623960684e-10 
  852       3.275222408576e-10 
  853       3.264585165279e-10 
  854       3.253715657052e-10 
  855       3.242617351541e-10 
  856       3.231293757910e-10 
  857       3.219748426967e-10 
  858       3.207984951297e-10 
  859       3.196006965385e-10 
  860       3.183818145752e-10 
  861       3.171422211076e-10 
  862       3.158822922327e-10 
  863       3.146024082891e-10 
  864       3.133029538701e-10 
  865       3.119843178369e-10 
  866       3.106468933305e-10 
  867       3.092910777858e-10 
  868       3.079172729434e-10 
  869       3.065258848633e-10 
  870       3.051173239370e-10 
  871       3.036920049012e-10 
  872       3.022503468500e-10 
  873       3.007927732481e-10 
  874       2.993197119434e-10 
  875       2.978315951803e-10 
  876       2.963288596123e-10 
  877       2.948119463147e-10 
  878       2.932812964214e-10 
  879       2.917373379276e-10 
  880       2.901804986930e-10 
  881       2.886112108108e-10 
  882       2.870299106193e-10 
  883       2.854370387145e-10 
  884       2.838330399626e-10 
  885       2.822183635113e-10 
  886       2.805934628029e-10 
  887       2.789587955860e-10 
  888       2.773148239278e-10 
  889       2.756620142261e-10 
  890       2.740008372220e-10 
  891       2.723317680115e-10 
  892       2.706552860582e-10 
  893       2.689718752051e-10 
  894       2.672820236868e-10 
  895       2.655862241422e-10 
  896       2.638849736260e-10 
  897       2.621787736213e-10 
  898       2.604681300518e-10 
  899       2.587535532938e-10 
  900       2.570355581885e-10 
  901       2.553146640541e-10 
  902       2.535913946982e-10 
  903       2.518662784298e-10 
  904       2.501398480715e-10 
  905       2.484126409718e-10 
  906       2.466851990172e-10 
  907       2.449580686443e-10 
  908       2.432318008523e-10 
  909       2.415069512149e-10 
  910       2.397840798926e-10 
  911       2.380637516449e-10 
  912       2.363465358425e-10 
  913       2.346330064792e-10 
  914       2.329237421847e-10 
  915       2.312193262362e-10 
  916       2.295203465710e-10 
  917       2.278273485653e-10 
  918       2.261406925232e-10 
  919       2.244606939427e-10 
  920       2.227876705488e-10 
  921       2.211219422987e-10 
  922       2.194638313875e-10 
  923       2.178136622534e-10 
  924       2.161717615834e-10 
  925       2.145384583187e-10 
  926       2.129140836600e-10 
  927       2.112989710731e-10 
  928       2.096934562944e-10 
  929       2.080978773361e-10 
  930       2.065125744921e-10 
  931       2.049378903429e-10 
  932       2.033741697616e-10 
  933       2.018217599191e-10 
  934       2.002810102894e-10 
  935       1.987522726553e-10 
  936       1.972359011139e-10 
  937       1.957322520818e-10 
  938       1.942416843007e-10 
  939       1.927645588430e-10 
  940       1.913012391170e-10 
  941       1.898520908724e-10 
  942       1.884174822060e-10 
  943       1.869977835669e-10 
  944       1.855933677621e-10 
  945       1.842046099617e-10 
  946       1.828318877048e-10 
  947       1.814755809046e-10 
  948       1.801360718540e-10 
  949       1.788137452311e-10 
  950       1.775089881044e-10 
  951       1.762221899386e-10 
  952       1.749537425998e-10 
  953       1.737040403612e-10 
  954       1.724734799082e-10 
  955       1.712624603444e-10 
  956       1.700713240049e-10 
  957       1.689001778973e-10 
  958       1.677490695442e-10 
  959       1.666180459250e-10 
  960       1.655071534736e-10 
  961       1.644164380764e-10 
  962       1.633459450694e-10 
  963       1.622957192367e-10 
  964       1.612658048073e-10 
  965       1.602562454536e-10 
  966       1.592670842885e-10 
  967       1.582983638635e-10 
  968       1.573501261660e-10 
  969       1.564224126174e-10 
  970       1.555152640706e-10 
  971       1.546287208075e-10 
  972       1.537628225372e-10 
  973       1.529176083931e-10 
  974       1.520931169311e-10 
  975       1.512893861269e-10 
  976       1.505064533740e-10 
  977       1.497443554813e-10 
  978       1.490031286705e-10 
  979       1.482828085744e-10 
  980       1.475834302339e-10 
  981       1.469050280962e-10 
  982       1.462476360125e-10 
  983       1.456112872352e-10 
  984       1.449960144161e-10 
  985       1.444018496039e-10 
  986       1.438288242419e-10 
  987       1.432769691656e-10 
  988       1.427463146007e-10 
  989       1.422368901603e-10 
  990       1.417487248432e-10 
  991       1.412818470310e-10 
  992       1.408362844862e-10 
  993       1.404120643498e-10 
  994       1.400092131388e-10 
  995       1.396277188190e-10 
  996       1.392674164178e-10 
  997       1.389281007273e-10 
  998       1.386095640708e-10 
  999       1.383115962955e-10 
 1000       1.380339847657e-10 
 1001       1.377765143560e-10 
 1002       1.375389674446e-10 
 1003       1.373211239057e-10 
 1004       1.371227611034e-10 
 1005       1.369436538844e-10 
 1006       1.367835745710e-10 
 1007       1.366422929545e-10 
 1008       1.365195762882e-10 
 1009       1.364151892803e-10 
 1010       1.363288940872e-10 
 1011       1.362604503067e-10 
 1012       1.362096149709e-10 
 1013       1.361761425393e-10 
 1014       1.361597848920e-10 
 1015       1.361602913228e-10 
 1016       1.361774085323e-10 
 1017       1.362108806208e-10 
 1018       1.362604490819e-10 
 1019       1.363258527949e-10 
 1020       1.364068280185e-10 
 1021       1.365031083836e-10 
 1022       1.366144248867e-10 
 1023       1.367405058823e-10 
 1024       1.368810770769e-10 
 1025       1.370358615217e-10 
 1026       1.372045796053e-10 
 1027       1.373869490475e-10 
 1028       1.375826848921e-10 
 1029       1.377914994998e-10 
 1030       1.380131025417e-10 
 1031       1.382472009919e-10 
 1032       1.384934991213e-10 
 1033       1.387516984898e-10 
 1034       1.390214985293e-10 
 1035       1.393025983118e-10 
 1036       1.395946947921e-10 
 1037       1.398974822145e-10 
 1038       1.402106521056e-10 
 1039       1.405338932677e-10 
 1040       1.408668917722e-10 
 1041       1.412093309520e-10 
 1042       1.415608913957e-10 
 1043       1.419212509399e-10 
 1044       1.422900846627e-10 
 1045       1.426670648771e-10 
 1046       1.430518611236e-10 
 1047       1.434441401641e-10 
 1048       1.438435659743e-10 
 1049       1.442497997375e-10 
 1050       1.446624998373e-10 
 1051       1.450813218512e-10 
 1052       1.455059185434e-10 
 1053       1.459359398580e-10 
 1054       1.463710329126e-10 
 1055       1.468108419908e-10 
 1056       1.472550085358e-10 
 1057       1.477031711437e-10 
 1058       1.481549655562e-10 
 1059       1.486100246541e-10 
 1060       1.490679784503e-10 
 1061       1.495284540831e-10 
 1062       1.499910758094e-10 
 1063       1.504554649978e-10 
 1064       1.509212401214e-10 
 1065       1.513880167518e-10 
 1066       1.518554075514e-10 
 1067       1.523230222672e-10 
 1068       1.527904677236e-10 
 1069       1.532573478157e-10 
 1070       1.537232635024e-10 
 1071       1.541878127998e-10 
 1072       1.546505907741e-10 
 1073       1.551112222664e-10 
 1074       1.555694605699e-10 
 1075       1.560250900827e-10 
 1076       1.564778936951e-10 
 1077       1.569276527855e-10 
 1078       1.573741472176e-10 
 1079       1.578171553364e-10 
 1080       1.582564539653e-10 
 1081       1.586918184025e-10 
 1082       1.591230224172e-10 
 1083       1.595498382467e-10 
 1084       1.599720365929e-10 
 1085       1.603893866186e-10 
 1086       1.608016559441e-10 
 1087       1.612086106440e-10 
 1088       1.616100152439e-10 
 1089       1.620056327164e-10 
 1090       1.623952244782e-10 
 1091       1.627785503865e-10 
 1092       1.631553687356e-10 
 1093       1.635254362533e-10 
 1094       1.638885080978e-10 
 1095       1.642443378540e-10 
 1096       1.645926775302e-10 
 1097       1.649332775548e-10 
 1098       1.652658867725e-10 
 1099       1.655902524413e-10 
 1100       1.659061202287e-10 
 1101       1.662132342086e-10 
 1102       1.665113368577e-10 
 1103       1.668001690521e-10 
 1104       1.670794700638e-10 
 1105       1.673489775576e-10 
 1106       1.676084275872e-10 
 1107       1.678575545921e-10 
 1108       1.680960913941e-10 
 1109       1.683237691939e-10 
 1110       1.685403175675e-10 
 1111       1.687454644631e-10 
 1112       1.689389785994e-10 
 1113       1.691207972788e-10 
 1114       1.692909002470e-10 
 1115       1.694492674441e-10 
 1116       1.695958790054e-10 
 1117       1.697307152618e-10 
 1118       1.698537567408e-10 
 1119       1.699649841669e-10 
 1120       1.700643784624e-10 
 1121       1.701519207481e-10 
 1122       1.702275923442e-10 
 1123       1.702913747705e-10 
 1124       1.703432497475e-10 
 1125       1.703831991969e-10 
 1126       1.704112052424e-10 
 1127       1.704272502103e-10 
 1128       1.704313166302e-10 
 1129       1.704233872356e-10 
 1130       1.704034449649e-10 
 1131       1.703714729617e-10 
 1132       1.703274545758e-10 
 1133       1.702713733634e-10 
 1134       1.702032130887e-10 
 1135       1.701229577234e-10 
 1136       1.700305914486e-10 
 1137       1.699260986544e-10 
 1138       1.698094639413e-10 
 1139       1.696806721208e-10 
 1140       1.695397082156e-10 
 1141       1.693865574611e-10 
 1142       1.692212053051e-10 
 1143       1.690436374094e-10 
 1144       1.688538396501e-10 
 1145       1.686517981180e-10 
 1146       1.684374991198e-10 
 1147       1.682109291786e-10 
 1148       1.679720750344e-10 
 1149       1.677209236450e-10 
 1150       1.674574621866e-10 
 1151       1.671817054545e-10 
 1152       1.668937784445e-10 
 1153       1.665938348213e-10 
 1154       1.662820296170e-10 
 1155       1.659585192340e-10 
 1156       1.656234614485e-10 
 1157       1.652770154135e-10 
 1158       1.649193416618e-10 
 1159       1.645506021095e-10 
 1160       1.641709600590e-10 
 1161       1.637805802019e-10 
 1162       1.633796286228e-10 
 1163       1.629682728019e-10 
 1164       1.625466816184e-10 
 1165       1.621150253535e-10 
 1166       1.616734756941e-10 
 1167       1.612222057351e-10 
 1168       1.607613899832e-10 
 1169       1.602912043601e-10 
 1170       1.598118262051e-10 
 1171       1.593234342790e-10 
 1172       1.588262087666e-10 
 1173       1.583203312804e-10 
 1174       1.578059848633e-10 
 1175       1.572833539922e-10 
 1176       1.567526245809e-10 
 1177       1.562139839832e-10 
 1178       1.556676209965e-10 
 1179       1.551137258643e-10 
 1180       1.545524902801e-10 
 1181       1.539841073899e-10 
 1182       1.534087717958e-10 
 1183       1.528266795590e-10 
 1184       1.522380282031e-10 
 1185       1.516430167170e-10 
 1186       1.510418455583e-10 
 1187       1.504347166565e-10 
 1188       1.498218334159e-10 
 1189       1.492034007191e-10 
 1190       1.485796251166e-10 
 1191       1.479507153934e-10 
 1192       1.473168820159e-10 
 1193       1.466783369487e-10 
 1194       1.460352936582e-10 
 1195       1.453879671151e-10 
 1196       1.447365737984e-10 
 1197       1.440813316981e-10 
 1198       1.434224603183e-10 
 1199       1.427601806808e-10 
 1200       1.420947153277e-10 
 1201       1.414262883253e-10 
 1202       1.407551252666e-10 
 1203       1.400814532750e-10 
 1204       1.394055010071e-10 
 1205       1.387274986562e-10 
 1206       1.380476779551e-10 
 1207       1.373662721797e-10 
 1208       1.366835161520e-10 
 1209       1.359996462433e-10 
 1210       1.353149003771e-10 
 1211       1.346295180328e-10 
 1212       1.339437402486e-10 
 1213       1.332578096247e-10 
 1214       1.325719703263e-10 
 1215       1.318864680873e-10 
 1216       1.312015502128e-10 
 1217       1.305174655830e-10 
 1218       1.298344646556e-10 
 1219       1.291527994699e-10 
 1220       1.284727236490e-10 
 1221       1.277944924038e-10 
 1222       1.271183625357e-10 
 1223       1.264445924401e-10 
 1224       1.257734421091e-10 
 1225       1.251051731352e-10 
 1226       1.244400487143e-10 
 1227       1.237783336489e-10 
 1228       1.231202943511e-10 
 1229       1.224661763617e-10 
 1230       1.218161366078e-10 
 1231       1.211703103458e-10 
 1232       1.205288335737e-10 
 1233       1.198918430329e-10 
 1234       1.192594762095e-10 
 1235       1.186318713354e-10 
 1236       1.180091673901e-10 
 1237       1.173915041018e-10 
 1238       1.167790219490e-10 
 1239       1.161718621617e-10 
 1240       1.155701667231e-10 
 1241       1.149740783706e-10 
 1242       1.143837405974e-10 
 1243       1.137992976541e-10 
 1244       1.132208945498e-10 
 1245       1.126486770534e-10 
 1246       1.120827916956e-10 
 1247       1.115233857695e-10 
 1248       1.109706073326e-10 
 1249       1.104246052079e-10 
 1250       1.098855289855e-10 
 1251       1.093535290237e-10 
 1252       1.088287564507e-10 
 1253       1.083113631659e-10 
 1254       1.078015018413e-10 
 1255       1.072993259226e-10 
 1256       1.068049896312e-10 
 1257       1.063186479651e-10 
 1258       1.058404567006e-10 
 1259       1.053705723933e-10 
 1260       1.049091523801e-10 
 1261       1.044563547799e-10 
 1262       1.040123384957e-10 
 1263       1.035772632154e-10 
 1264       1.031512894136e-10 
 1265       1.027345783527e-10 
 1266       1.023272920846e-10 
 1267       1.019295934519e-10 
 1268       1.015416172848e-10 
 1269       1.011633836250e-10 
 1270       1.007948835043e-10 
 1271       1.004361076575e-10 
 1272       1.000870465214e-10 
 1273       9.974769023423e-11 
 1274       9.941802863505e-11 
 1275       9.909805126274e-11 
 1276       9.878774735538e-11 
 1277       9.848710584948e-11 
 1278       9.819611537924e-11 
 1279       9.791476427579e-11 
 1280       9.764304056641e-11 
 1281       9.738093197384e-11 
 1282       9.712842591549e-11 
 1283       9.688550950267e-11 
 1284       9.665216953990e-11 
 1285       9.642839252411e-11 
 1286       9.621416464391e-11 
 1287       9.600947177882e-11 
 1288       9.581429949855e-11 
 1289       9.562863306222e-11 
 1290       9.545245741765e-11 
 1291       9.528575720054e-11 
 1292       9.512851673380e-11 
 1293       9.498072002673e-11 
 1294       9.484235077434e-11 
 1295       9.471339235651e-11 
 1296       9.459382783734e-11 
 1297       9.448363996431e-11 
 1298       9.438281116759e-11 
 1299       9.429132355927e-11 
 1300       9.420915893259e-11 
 1301       9.413629876122e-11 
 1302       9.407272419849e-11 
 1303       9.401841607667e-11 
 1304       9.397335490615e-11 
 1305       9.393752087478e-11 
 1306       9.391089384706e-11 
 1307       9.389343546173e-11 
 1308       9.388503520701e-11 
 1309       9.388556374060e-11 
 1310       9.389489073472e-11 
 1311       9.391288487400e-11 
 1312       9.393941385352e-11 
 1313       9.397434437683e-11 
 1314       9.401754215388e-11 
 1315       9.406887189905e-11 
 1316       9.412819732914e-11 
 1317       9.419538116137e-11 
 1318       9.427028511135e-11 
 1319       9.435276989108e-11 
 1320       9.444269520698e-11 
 1321       9.453991975781e-11 
 1322       9.464430123273e-11 
 1323       9.475569630927e-11 
 1324       9.487396065130e-11 
 1325       9.499894890707e-11 
 1326       9.513051470715e-11 
 1327       9.526851066248e-11 
 1328       9.541278836229e-11 
 1329       9.556319837218e-11 
 1330       9.571959023203e-11 
 1331       9.588181245406e-11 
 1332       9.604971252077e-11 
 1333       9.622313688298e-11 
 1334       9.640193095778e-11 
 1335       9.658593912655e-11 
 1336       9.677500473295e-11 
 1337       9.696897008090e-11 
 1338       9.716767643259e-11 
 1339       9.737096400645e-11 
 1340       9.757867197518e-11 
 1341       9.779063846369e-11 
 1342       9.800670054715e-11 
 1343       9.822669424894e-11 
 1344       9.845045453867e-11 
 1345       9.867781533014e-11 
 1346       9.890861095055e-11 
 1347       9.914268056937e-11 
 1348       9.937986381359e-11 
 1349       9.961999929897e-11 
 1350       9.986292462813e-11 
 1351       1.001084763887e-10 
 1352       1.003564901513e-10 
 1353       1.006068004676e-10 
 1354       1.008592408689e-10 
 1355       1.011136438633e-10 
 1356       1.013698409348e-10 
 1357       1.016276625404e-10 
 1358       1.018869381092e-10 
 1359       1.021474960396e-10 
 1360       1.024091636980e-10 
 1361       1.026717674166e-10 
 1362       1.029351324916e-10 
 1363       1.031990831810e-10 
 1364       1.034634427034e-10 
 1365       1.037280332352e-10 
 1366       1.039926759093e-10 
 1367       1.042571908129e-10 
 1368       1.045213969860e-10 
 1369       1.047851124189e-10 
 1370       1.050481540505e-10 
 1371       1.053103377668e-10 
 1372       1.055714783984e-10 
 1373       1.058313897190e-10 
 1374       1.060898844432e-10 
 1375       1.063467742249e-10 
 1376       1.066018696550e-10 
 1377       1.068549802599e-10 
 1378       1.071059144993e-10 
 1379       1.073544797644e-10 
 1380       1.076004823762e-10 
 1381       1.078437275829e-10 
 1382       1.080840195590e-10 
 1383       1.083211614024e-10 
 1384       1.085549551332e-10 
 1385       1.087852189348e-10 
 1386       1.090118390815e-10 
 1387       1.092347185552e-10 
 1388       1.094537598512e-10 
 1389       1.096688649778e-10 
 1390       1.098799354545e-10 
 1391       1.100868723122e-10 
 1392       1.102895760915e-10 
 1393       1.104879468425e-10 
 1394       1.106818841237e-10 
 1395       1.108712870012e-10 
 1396       1.110560540476e-10 
 1397       1.112360833419e-10 
 1398       1.114112724678e-10 
 1399       1.115815185135e-10 
 1400       1.117467180704e-10 
 1401       1.119067672328e-10 
 1402       1.120615615966e-10 
 1403       1.122109962586e-10 
 1404       1.123549658158e-10 
 1405       1.124933643645e-10 
 1406       1.126260854993e-10 
 1407       1.127530223125e-10 
 1408       1.128740673933e-10 
 1409       1.129891128267e-10 
 1410       1.130980501927e-10 
 1411       1.132007705659e-10 
 1412       1.132971645142e-10 
 1413       1.133871220980e-10 
 1414       1.134705328697e-10 
 1415       1.135472858724e-10 
 1416       1.136172696397e-10 
 1417       1.136803721942e-10 
 1418       1.137364810470e-10 
 1419       1.137854831969e-10 
 1420       1.138272651295e-10 
 1421       1.138617128163e-10 
 1422       1.138887117140e-10 
 1423       1.139081467635e-10 
 1424       1.139199236640e-10 
 1425       1.139240329340e-10 
 1426       1.139204865067e-10 
 1427       1.139092965149e-10 
 1428       1.138904752918e-10 
 1429       1.138640353712e-10 
 1430       1.138299894881e-10 
 1431       1.137883505791e-10 
 1432       1.137391317827e-10 
 1433       1.136823464400e-10 
 1434       1.136180080946e-10 
 1435       1.135461304938e-10 
 1436       1.134667275882e-10 
 1437       1.133798135327e-10 
 1438       1.132854026869e-10 
 1439       1.131835096150e-10 
 1440       1.130741490869e-10 
 1441       1.129573360783e-10 
 1442       1.128330857710e-10 
 1443       1.127014135536e-10 
 1444       1.125623350217e-10 
 1445       1.124158659785e-10 
 1446       1.122620224353e-10 
 1447       1.121008206115e-10 
 1448       1.119322769355e-10 
 1449       1.117564080449e-10 
 1450       1.115732307868e-10 
 1451       1.113827622188e-10 
 1452       1.111850196085e-10 
 1453       1.109800204348e-10 
 1454       1.107677823879e-10 
 1455       1.105483233696e-10 
 1456       1.103216614943e-10 
 1457       1.100878150886e-10 
 1458       1.098468026925e-10 
 1459       1.095986430594e-10 
 1460       1.093433551566e-10 
 1461       1.090809581657e-10 
 1462       1.088114714832e-10 
 1463       1.085349278224e-10 
 1464       1.082514126615e-10 
 1465       1.079610251910e-10 
 1466       1.076638652486e-10 
 1467       1.073600333206e-10 
 1468       1.070496305429e-10 
 1469       1.067327587023e-10 
 1470       1.064095202375e-10 
 1471       1.060800182406e-10 
 1472       1.057443564579e-10 
 1473       1.054026392910e-10 
 1474       1.050549717985e-10 
 1475       1.047014596965e-10 
 1476       1.043422093602e-10 
 1477       1.039773278250e-10 
 1478       1.036069227875e-10 
 1479       1.032311026067e-10 
 1480       1.028499763053e-10 
 1481       1.024636535708e-10 
 1482       1.020722447564e-10 
 1483       1.016758608827e-10 
 1484       1.012746136384e-10 
 1485       1.008686153815e-10 
 1486       1.004579791408e-10 
 1487       1.000428186167e-10 
 1488       9.962324818256e-11 
 1489       9.919938288564e-11 
 1490       9.877133844857e-11 
 1491       9.833923127029e-11 
 1492       9.790317842729e-11 
 1493       9.746329767474e-11 
 1494       9.701970744768e-11 
 1495       9.657252686215e-11 
 1496       9.612187571636e-11 
 1497       9.566787449188e-11 
 1498       9.521064435476e-11 
 1499       9.475030715669e-11 
 1500       9.428698543621e-11 
 1501       9.382080241980e-11 
 1502       9.335188124094e-11 
 1503       9.288034258638e-11 
 1504       9.240630702924e-11 
 1505       9.192989581020e-11 
 1506       9.145123083861e-11 
 1507       9.097043469365e-11 
 1508       9.048763062538e-11 
 1509       9.000294255593e-11 
 1510       8.951649508057e-11 
 1511       8.902841346887e-11 
 1512       8.853882366577e-11 
 1513       8.804785229274e-11 
 1514       8.755562664886e-11 
 1515       8.706227471198e-11 
 1516       8.656792513983e-11 
 1517       8.607270727110e-11 
 1518       8.557675112662e-11 
 1519       8.508018741042e-11 
 1520       8.458314751088e-11 
 1521       8.408576350185e-11 
 1522       8.358816814378e-11 
 1523       8.309049488478e-11 
 1524       8.259287786181e-11 
 1525       8.209545190178e-11 
 1526       8.159835252261e-11 
 1527       8.110171593446e-11 
 1528       8.060567904073e-11 
 1529       8.011037943927e-11 
 1530       7.961595542344e-11 
 1531       7.912254598326e-11 
 1532       7.863029080654e-11 
 1533       7.813933027995e-11 
 1534       7.764980549017e-11 
 1535       7.716185822504e-11 
 1536       7.667563097460e-11 
 1537       7.619126693229e-11 
 1538       7.570890999602e-11 
 1539       7.522870476930e-11 
 1540       7.475079656236e-11 
 1541       7.427531926998e-11 
 1542       7.380235887689e-11 
 1543       7.333198960815e-11 
 1544       7.286428602156e-11 
 1545       7.239932300812e-11 
 1546       7.193717579258e-11 
 1547       7.147791993391e-11 
 1548       7.102163132582e-11 
 1549       7.056838619728e-11 
 1550       7.011826111300e-11 
 1551       6.967133297397e-11 
 1552       6.922767901794e-11 
 1553       6.878737681992e-11 
 1554       6.835050429271e-11 
 1555       6.791713968741e-11 
 1556       6.748736159389e-11 
 1557       6.706124894135e-11 
 1558       6.663888099876e-11 
 1559       6.622033737544e-11 
 1560       6.580569802151e-11 
 1561       6.539504322841e-11 
 1562       6.498845362944e-11 
 1563       6.458601020020e-11 
 1564       6.418779425918e-11 
 1565       6.379388746820e-11 
 1566       6.340437183293e-11 
 1567       6.301932970342e-11 
 1568       6.263884377460e-11 
 1569       6.226299708675e-11 
 1570       6.189187302607e-11 
 1571       6.152555532512e-11 
 1572       6.116412806339e-11 
 1573       6.080767566775e-11 
 1574       6.045628291300e-11 
 1575       6.011003492233e-11 
 1576       5.976901716790e-11 
 1577       5.943331547125e-11 
 1578       5.910301600390e-11 
 1579       5.877820528779e-11 
 1580       5.845895511316e-11 
 1581       5.814527713827e-11 
 1582       5.783716787035e-11 
 1583       5.753462370987e-11 
 1584       5.723764095032e-11 
 1585       5.694621577803e-11 
 1586       5.666034427189e-11 
 1587       5.638002240320e-11 
 1588       5.610524603539e-11 
 1589       5.583601092384e-11 
 1590       5.557231271567e-11 
 1591       5.531414694948e-11 
 1592       5.506150905517e-11 
 1593       5.481439435370e-11 
 1594       5.457279805689e-11 
 1595       5.433671526718e-11 
 1596       5.410614097744e-11 
 1597       5.388107007073e-11 
 1598       5.366149732008e-11 
 1599       5.344741738829e-11 
 1600       5.323882482770e-11 
 1601       5.303571407997e-11 
 1602       5.283807947588e-11 
 1603       5.264591523508e-11 
 1604       5.245921546591e-11 
 1605       5.227797416514e-11 
 1606       5.210218521779e-11 
 1607       5.193184239690e-11 
 1608       5.176693936330e-11 
 1609       5.160746966539e-11 
 1610       5.145342673895e-11 
 1611       5.130480390690e-11 
 1612       5.116159437908e-11 
 1613       5.102379125205e-11 
 1614       5.089138750885e-11 
 1615       5.076437601880e-11 
 1616       5.064274953726e-11 
 1617       5.052650070544e-11 
 1618       5.041562205017e-11 
 1619       5.031009646897e-11 
 1620       5.020986859175e-11 
 1621       5.011487315990e-11 
 1622       5.002504451685e-11 
 1623       4.994031660743e-11 
 1624       4.986062297722e-11 
 1625       4.978589677186e-11 
 1626       4.971607073644e-11 
 1627       4.965107721483e-11 
 1628       4.959084814902e-11 
 1629       4.953531507848e-11 
 1630       4.948440913948e-11 
 1631       4.943806106448e-11 
 1632       4.939620118143e-11 
 1633       4.935875941316e-11 
 1634       4.932566527670e-11 
 1635       4.929684788262e-11 
 1636       4.927223593440e-11 
 1637       4.925175772777e-11 
 1638       4.923534115004e-11 
 1639       4.922291367947e-11 
 1640       4.921440238460e-11 
 1641       4.920973392360e-11 
 1642       4.920883454362e-11 
 1643       4.921163008015e-11 
 1644       4.921804595634e-11 
 1645       4.922800718235e-11 
 1646       4.924143835473e-11 
 1647       4.925826365572e-11 
 1648       4.927840685264e-11 
 1649       4.930179129718e-11 
 1650       4.932833992483e-11 
 1651       4.935797525414e-11 
 1652       4.939061938614e-11 
 1653       4.942619400361e-11 
 1654       4.946462037051e-11 
 1655       4.950581933127e-11 
 1656       4.954971131014e-11 
 1657       4.959621631057e-11 
 1658       4.964525398740e-11 
 1659       4.969674386561e-11 
 1660       4.975060512221e-11 
 1661       4.980675651288e-11 
 1662       4.986511637135e-11 
 1663       4.992560260870e-11 
 1664       4.998813271278e-11 
 1665       5.005262374748e-11 
 1666       5.011899235216e-11 
 1667       5.018715474091e-11 
 1668       5.025702670200e-11 
 1669       5.032852359714e-11 
 1670       5.040156036090e-11 
 1671       5.047605150001e-11 
 1672       5.055191109272e-11 
 1673       5.062905278819e-11 
 1674       5.070738980577e-11 
 1675       5.078683493442e-11 
 1676       5.086730053202e-11 
 1677       5.094869852471e-11 
 1678       5.103094040629e-11 
 1679       5.111393723750e-11 
 1680       5.119759964543e-11 
 1681       5.128183782286e-11 
 1682       5.136656152756e-11 
 1683       5.145168008172e-11 
 1684       5.153710237121e-11 
 1685       5.162273684502e-11 
 1686       5.170849151455e-11 
 1687       5.179427395296e-11 
 1688       5.187999129457e-11 
 1689       5.196555023413e-11 
 1690       5.205085702627e-11 
 1691       5.213581748476e-11 
 1692       5.222033698190e-11 
 1693       5.230432044787e-11 
 1694       5.238767237008e-11 
 1695       5.247029679250e-11 
 1696       5.255209731506e-11 
 1697       5.263298504261e-11 
 1698       5.271290250839e-11 
 1699       5.279179995559e-11 
 1700       5.286962740602e-11 
 1701       5.294633465983e-11 
 1702       5.302187129517e-11 
 1703       5.309618666791e-11 
 1704       5.316922991125e-11 
 1705       5.324094993546e-11 
 1706       5.331129542755e-11 
 1707       5.338021485093e-11 
 1708       5.344765644510e-11 
 1709       5.351356822536e-11 
 1710       5.357789798243e-11 
 1711       5.364059328220e-11 
 1712       5.370160146536e-11 
 1713       5.376086964710e-11 
 1714       5.381834471680e-11 
 1715       5.387397333768e-11 
 1716       5.392770194651e-11 
 1717       5.397947675330e-11 
 1718       5.402924374094e-11 
 1719       5.407694866491e-11 
 1720       5.412253705297e-11 
 1721       5.416595420480e-11 
 1722       5.420714519173e-11 
 1723       5.424605485638e-11 
 1724       5.428262781236e-11 
 1725       5.431680844398e-11 
 1726       5.434854090585e-11 
 1727       5.437776912266e-11 
 1728       5.440443678877e-11 
 1729       5.442848736797e-11 
 1730       5.444986409310e-11 
 1731       5.446850996575e-11 
 1732       5.448436775598e-11 
 1733       5.449738000193e-11 
 1734       5.450748900956e-11 
 1735       5.451463685230e-11 
 1736       5.451877545986e-11 
 1737       5.451989697833e-11 
 1738       5.451800366531e-11 
 1739       5.451309782416e-11 
 1740       5.450518180403e-11 
 1741       5.449425799996e-11 
 1742       5.448032885297e-11 
 1743       5.446339685014e-11 
 1744       5.444346452468e-11 
 1745       5.442053445602e-11 
 1746       5.439460926992e-11 
 1747       5.436569163848e-11 
 1748       5.433378428030e-11 
 1749       5.429888996052e-11 
 1750       5.426101149092e-11 
 1751       5.422015173000e-11 
 1752       5.417631358303e-11 
 1753       5.412950000219e-11 
 1754       5.407971398662e-11 
 1755       5.402695858248e-11 
 1756       5.397123688309e-11 
 1757       5.391255202895e-11 
 1758       5.385090720788e-11 
 1759       5.378630565505e-11 
 1760       5.371875065311e-11 
 1761       5.364824553223e-11 
 1762       5.357479367022e-11 
 1763       5.349839849257e-11 
 1764       5.341906347259e-11 
 1765       5.333679213142e-11 
 1766       5.325158803819e-11 
 1767       5.316345481004e-11 
 1768       5.307239611223e-11 
 1769       5.297841565822e-11 
 1770       5.288151720976e-11 
 1771       5.278170457695e-11 
 1772       5.267898161835e-11 
 1773       5.257335224103e-11 
 1774       5.246482040069e-11 
 1775       5.235339655422e-11 
 1776       5.223911707539e-11 
 1777       5.212202499941e-11 
 1778       5.200216358526e-11 
 1779       5.187957631602e-11 
 1780       5.175430689920e-11 
 1781       5.162639926707e-11 
 1782       5.149589757698e-11 
 1783       5.136284621170e-11 
 1784       5.122728977975e-11 
 1785       5.108927311571e-11 
 1786       5.094884128056e-11 
 1787       5.080603956200e-11 
 1788       5.066091347481e-11 
 1789       5.051350876112e-11 
 1790       5.036387139079e-11 
 1791       5.021204756173e-11 
 1792       5.005808370018e-11 
 1793       4.990202646111e-11 
 1794       4.974392272850e-11 
 1795       4.958381961568e-11 
 1796       4.942176446566e-11 
 1797       4.925780485146e-11 
 1798       4.909198857642e-11 
 1799       4.892436367457e-11 
 1800       4.875497841091e-11 
 1801       4.858388128176e-11 
 1802       4.841112101510e-11 
 1803       4.823674657088e-11 
 1804       4.806080714134e-11 
 1805       4.788335215138e-11 
 1806       4.770443125882e-11 
 1807       4.752409435481e-11 
 1808       4.734239156409e-11 
 1809       4.715937324533e-11 
 1810       4.697508999152e-11 
 1811       4.678959263019e-11 
 1812       4.660293222384e-11 
 1813       4.641516007022e-11 
 1814       4.622632772322e-11 
 1815       4.603648705514e-11 
 1816       4.584569019562e-11 
 1817       4.565398951139e-11 
 1818       4.546143760662e-11 
 1819       4.526808732326e-11 
 1820       4.507399174135e-11 
 1821       4.487920417938e-11 
 1822       4.468377819458e-11 
 1823       4.448776758326e-11 
 1824       4.429122638116e-11 
 1825       4.409420886375e-11 
 1826       4.389676954659e-11 
 1827       4.369896318562e-11 
 1828       4.350084477753e-11 
 1829       4.330246956006e-11 
 1830       4.310389301232e-11 
 1831       4.290517085517e-11 
 1832       4.270635905149e-11 
 1833       4.250751380654e-11 
 1834       4.230869156829e-11 
 1835       4.210994902773e-11 
 1836       4.191134311922e-11 
 1837       4.171293102080e-11 
 1838       4.151477015453e-11 
 1839       4.131691818682e-11 
 1840       4.111943302876e-11 
 1841       4.092237283643e-11 
 1842       4.072579601126e-11 
 1843       4.052976120032e-11 
 1844       4.033432729670e-11 
 1845       4.013955343977e-11 
 1846       3.994549901559e-11 
 1847       3.975222365717e-11 
 1848       3.955978724482e-11 
 1849       3.936824990652e-11 
 1850       3.917767201817e-11 
 1851       3.898811420399e-11 
 1852       3.879963733680e-11 
 1853       3.861229732338e-11 
 1854       3.842612941460e-11 
 1855       3.824116377204e-11 
 1856       3.805743067185e-11 
 1857       3.787496050491e-11 
 1858       3.769378377700e-11 
 1859       3.751393110893e-11 
 1860       3.733543323668e-11 
 1861       3.715832101155e-11 
 1862       3.698262540033e-11 
 1863       3.680837748541e-11 
 1864       3.663560846496e-11 
 1865       3.646434965303e-11 
 1866       3.629463247976e-11 
 1867       3.612648849149e-11 
 1868       3.595994935088e-11 
 1869       3.579504683713e-11 
 1870       3.563181284605e-11 
 1871       3.547027939025e-11 
 1872       3.531047859930e-11 
 1873       3.515244271982e-11 
 1874       3.499620411567e-11 
 1875       3.484179526811e-11 
 1876       3.468924877588e-11 
 1877       3.453859735544e-11 
 1878       3.438987384102e-11 
 1879       3.424311118485e-11 
 1880       3.409834245724e-11 
 1881       3.395560084679e-11 
 1882       3.381491966048e-11 
 1883       3.367633232383e-11 
 1884       3.353987238109e-11 
 1885       3.340557349533e-11 
 1886       3.327346944861e-11 
 1887       3.314359414213e-11 
 1888       3.301598159637e-11 
 1889       3.289066595126e-11 
 1890       3.276768146628e-11 
 1891       3.264706252064e-11 
 1892       3.252883698456e-11 
 1893       3.241300627681e-11 
 1894       3.229956515316e-11 
 1895       3.218850832125e-11 
 1896       3.207983044045e-11 
 1897       3.197352612179e-11 
 1898       3.186958992792e-11 
 1899       3.176801637300e-11 
 1900       3.166879992265e-11 
 1901       3.157193499384e-11 
 1902       3.147741595486e-11 
 1903       3.138523712520e-11 
 1904       3.129539277551e-11 
 1905       3.120787712751e-11 
 1906       3.112268435389e-11 
 1907       3.103980857829e-11 
 1908       3.095924387518e-11 
 1909       3.088098426980e-11 
 1910       3.080502373807e-11 
 1911       3.073135620655e-11 
 1912       3.065997555233e-11 
 1913       3.059087560295e-11 
 1914       3.052405013636e-11 
 1915       3.045949288083e-11 
 1916       3.039719751485e-11 
 1917       3.033715766709e-11 
 1918       3.027936691629e-11 
 1919       3.022381879123e-11 
 1920       3.017050677060e-11 
 1921       3.011942428297e-11 
 1922       3.007056470670e-11 
 1923       3.002392136984e-11 
 1924       2.997948755009e-11 
 1925       2.993725647471e-11 
 1926       2.989722132044e-11 
 1927       2.985937521344e-11 
 1928       2.982371122919e-11 
 1929       2.979022239243e-11 
 1930       2.975890167710e-11 
 1931       2.972973787398e-11 
 1932       2.970270315968e-11 
 1933       2.967776543330e-11 
 1934       2.965489243993e-11 
 1935       2.963405177041e-11 
 1936       2.961521086116e-11 
 1937       2.959833699393e-11 
 1938       2.958339729563e-11 
 1939       2.957035873810e-11 
 1940       2.955918813790e-11 
 1941       2.954985215613e-11 
 1942       2.954231729818e-11 
 1943       2.953654991355e-11 
 1944       2.953251619562e-11 
 1945       2.953018218148e-11 
 1946       2.952951375167e-11 
 1947       2.953047663002e-11 
 1948       2.953303638340e-11 
 1949       2.953715842155e-11 
 1950       2.954280799684e-11 
 1951       2.954995020409e-11 
 1952       2.955854998031e-11 
 1953       2.956857210458e-11 
 1954       2.957998119775e-11 
 1955       2.959274172228e-11 
 1956       2.960681798202e-11 
 1957       2.962217412203e-11 
 1958       2.963877412831e-11 
 1959       2.965658182765e-11 
 1960       2.967556088739e-11 
 1961       2.969567481522e-11 
 1962       2.971688695898e-11 
 1963       2.973916050643e-11 
 1964       2.976245848508e-11 
 1965       2.978674376192e-11 
 1966       2.981197904329e-11 
 1967       2.983812687459e-11 
 1968       2.986514964015e-11 
 1969       2.989300956296e-11 
 1970       2.992166889794e-11 
 1971       2.995109051360e-11 
 1972       2.998123731430e-11 
 1973       3.001207204695e-11 
 1974       3.004355730086e-11 
 1975       3.007565550748e-11 
 1976       3.010832894023e-11 
 1977       3.014153971429e-11 
 1978       3.017524978641e-11 
 1979       3.020942095469e-11 
 1980       3.024401485838e-11 
 1981       3.027899297769e-11 
 1982       3.031431663358e-11 
 1983       3.034994698756e-11 
 1984       3.038584504147e-11 
 1985       3.042197163731e-11 
 1986       3.045828745701e-11 
 1987       3.049475302225e-11 
 1988       3.053132869422e-11 
 1989       3.056797467347e-11 
 1990       3.060465099966e-11 
 1991       3.064131755140e-11 
 1992       3.067793404601e-11 
 1993       3.071446003934e-11 
 1994       3.075085492555e-11 
 1995       3.078707793694e-11 
 1996       3.082308814370e-11 
 1997       3.085884445375e-11 
 1998       3.089430561252e-11 
 1999       3.092943020274e-11 
 2000       3.096417664427e-11 
 2001       3.099850319384e-11 
 2002       3.103236794490e-11 
 2003       3.106572882741e-11 
 2004       3.109854360760e-11 
 2005       3.113076988782e-11 
 2006       3.116236510630e-11 
 2007       3.119328653696e-11 
 2008       3.122349128921e-11 
 2009       3.125294001377e-11 
 2010       3.128160805013e-11 
 2011       3.130947435990e-11 
 2012       3.133651782808e-11 
 2013       3.136271726294e-11 
 2014       3.138805139596e-11 
 2015       3.141249888171e-11 
 2016       3.143603829777e-11 
 2017       3.145864814465e-11 
 2018       3.148030684566e-11 
 2019       3.150099274687e-11 
 2020       3.152068411697e-11 
 2021       3.153935914720e-11 
 2022       3.155699595127e-11 
 2023       3.157357256523e-11 
 2024       3.158906694741e-11 
 2025       3.160345697834e-11 
 2026       3.161672046060e-11 
 2027       3.162883511879e-11 
 2028       3.163977859939e-11 
 2029       3.164952847073e-11 
 2030       3.165806222280e-11 
 2031       3.166535726726e-11 
 2032       3.167139093728e-11 
 2033       3.167614048748e-11 
 2034       3.167958309382e-11 
 2035       3.168169585353e-11 
 2036       3.168245578499e-11 
 2037       3.168183982765e-11 
 2038       3.167982484195e-11 
 2039       3.167638760921e-11 
 2040       3.167150483154e-11 
 2041       3.166515313176e-11 
 2042       3.165730905329e-11 
 2043       3.164794906008e-11 
 2044       3.163704953650e-11 
 2045       3.162458678724e-11 
 2046       3.161053703726e-11 
 2047       3.159487643164e-11 
 2048       3.157758565496e-11 
 2049       3.155866382558e-11 
 2050       3.153811470047e-11 
 2051       3.151594206485e-11 
 2052       3.149214973217e-11 
 2053       3.146674154424e-11 
 2054       3.143972137119e-11 
 2055       3.141109311154e-11 
 2056       3.138086069227e-11 
 2057       3.134902806880e-11 
 2058       3.131559922508e-11 
 2059       3.128057817360e-11 
 2060       3.124396895544e-11 
 2061       3.120577564032e-11 
 2062       3.116600232662e-11 
 2063       3.112465314143e-11 
 2064       3.108173224061e-11 
 2065       3.103724380877e-11 
 2066       3.099119205940e-11 
 2067       3.094358123481e-11 
 2068       3.089441560624e-11 
 2069       3.084369947390e-11 
 2070       3.079143716695e-11 
 2071       3.073763304359e-11 
 2072       3.068229149112e-11 
 2073       3.062541692590e-11 
 2074       3.056701379347e-11 
 2075       3.050708656854e-11 
 2076       3.044563975507e-11 
 2077       3.038267788626e-11 
 2078       3.031820552464e-11 
 2079       3.025222726206e-11 
 2080       3.018474771979e-11 
 2081       3.011577154850e-11 
 2082       3.004530342835e-11 
 2083       2.997334806898e-11 
 2084       2.989991020959e-11 
 2085       2.982499461896e-11 
 2086       2.974860609552e-11 
 2087       2.967075239153e-11 
 2088       2.959145300821e-11 
 2089       2.951073046243e-11 
 2090       2.942860736820e-11 
 2091       2.934510643678e-11 
 2092       2.926025047687e-11 
 2093       2.917406239465e-11 
 2094       2.908656519394e-11 
 2095       2.899778197633e-11 
 2096       2.890773594127e-11 
 2097       2.881645038621e-11 
 2098       2.872394870671e-11 
 2099       2.863025439658e-11 
 2100       2.853539104797e-11 
 2101       2.843938235151e-11 
 2102       2.834225209645e-11 
 2103       2.824402417072e-11 
 2104       2.814472256111e-11 
 2105       2.804437135338e-11 
 2106       2.794299473233e-11 
 2107       2.784061698200e-11 
 2108       2.773726248573e-11 
 2109       2.763295572628e-11 
 2110       2.752772128602e-11 
 2111       2.742158384695e-11 
 2112       2.731456819089e-11 
 2113       2.720669919959e-11 
 2114       2.709800185484e-11 
 2115       2.698850123857e-11 
 2116       2.687822253301e-11 
 2117       2.676719102080e-11 
 2118       2.665543208507e-11 
 2119       2.654297120963e-11 
 2120       2.642983397904e-11 
 2121       2.631604607873e-11 
 2122       2.620163329514e-11 
 2123       2.608662151586e-11 
 2124       2.597103672968e-11 
 2125       2.585490502680e-11 
 2126       2.573825256417e-11 
 2127       2.562110546130e-11 
 2128       2.550348990401e-11 
 2129       2.538543217916e-11 
 2130       2.526695867483e-11 
 2131       2.514809588036e-11 
 2132       2.502887038653e-11 
 2133       2.490930888565e-11 
 2134       2.478943817171e-11 
 2135       2.466928514046e-11 
 2136       2.454887678954e-11 
 2137       2.442824021863e-11 
 2138       2.430740262953e-11 
 2139       2.418639132629e-11 
 2140       2.406523371536e-11 
 2141       2.394395730566e-11 
 2142       2.382258970874e-11 
 2143       2.370115863887e-11 
 2144       2.357969191319e-11 
 2145       2.345821745180e-11 
 2146       2.333676327789e-11 
 2147       2.321535751786e-11 
 2148       2.309402840146e-11 
 2149       2.297280426187e-11 
 2150       2.285171353584e-11 
 2151       2.273078476383e-11 
 2152       2.261004659008e-11 
 2153       2.248952776277e-11 
 2154       2.236925713413e-11 
 2155       2.224926366056e-11 
 2156       2.212957640274e-11 
 2157       2.201022452575e-11 
 2158       2.189123729920e-11 
 2159       2.177264409735e-11 
 2160       2.165447439922e-11 
 2161       2.153675778870e-11 
 2162       2.141952395471e-11 
 2163       2.130280269126e-11 
 2164       2.118662389763e-11 
 2165       2.107101514279e-11 
 2166       2.095599434053e-11 
 2167       2.084157702508e-11 
 2168       2.072777878228e-11 
 2169       2.061461524966e-11 
 2170       2.050210211652e-11 
 2171       2.039025512392e-11 
 2172       2.027909006480e-11 
 2173       2.016862278404e-11 
 2174       2.005886917846e-11 
 2175       1.994984519692e-11 
 2176       1.984156684037e-11 
 2177       1.973405016190e-11 
 2178       1.962731126683e-11 
 2179       1.952136631269e-11 
 2180       1.941623150936e-11 
 2181       1.931192311909e-11 
 2182       1.920845745656e-11 
 2183       1.910585088892e-11 
 2184       1.900411983588e-11 
 2185       1.890328076976e-11 
 2186       1.880335021552e-11 
 2187       1.870434475085e-11 
 2188       1.860628100620e-11 
 2189       1.850917566485e-11 
 2190       1.841304546299e-11 
 2191       1.831790718974e-11 
 2192       1.822377768720e-11 
 2193       1.813067385056e-11 
 2194       1.803861262811e-11 
 2195       1.794761102132e-11 
 2196       1.785768608488e-11 
 2197       1.776885492677e-11 
 2198       1.768113470833e-11 
 2199       1.759454264427e-11 
 2200       1.750909600279e-11 
 2201       1.742481210558e-11 
 2202       1.734170832791e-11 
 2203       1.725980209869e-11 
 2204       1.717910777372e-11 
 2205       1.709962723265e-11 
 2206       1.702135921970e-11 
 2207       1.694430246475e-11 
 2208       1.686845568329e-11 
 2209       1.679381757644e-11 
 2210       1.672038683090e-11 
 2211       1.664816211895e-11 
 2212       1.657714209841e-11 
 2213       1.650732541266e-11 
 2214       1.643871069056e-11 
 2215       1.637129654648e-11 
 2216       1.630508158025e-11 
 2217       1.624006437715e-11 
 2218       1.617624350792e-11 
 2219       1.611361752867e-11 
 2220       1.605218498094e-11 
 2221       1.599194439160e-11 
 2222       1.593289427290e-11 
 2223       1.587503312242e-11 
 2224       1.581835942304e-11 
 2225       1.576287164292e-11 
 2226       1.570856823553e-11 
 2227       1.565544763954e-11 
 2228       1.560350827889e-11 
 2229       1.555274856271e-11 
 2230       1.550316688532e-11 
 2231       1.545476162623e-11 
 2232       1.540753115006e-11 
 2233       1.536147380660e-11 
 2234       1.531658793073e-11 
 2235       1.527287184241e-11 
 2236       1.523032384670e-11 
 2237       1.518894223368e-11 
 2238       1.514872527848e-11 
 2239       1.510967124121e-11 
 2240       1.507177836700e-11 
 2241       1.503504488593e-11 
 2242       1.499946901304e-11 
 2243       1.496504690445e-11 
 2244       1.493176651128e-11 
 2245       1.489961368558e-11 
 2246       1.486857422048e-11 
 2247       1.483863385007e-11 
 2248       1.480977824940e-11 
 2249       1.478199303435e-11 
 2250       1.475526376160e-11 
 2251       1.472957592854e-11 
 2252       1.470491497321e-11 
 2253       1.468126627424e-11 
 2254       1.465861515075e-11 
 2255       1.463694686234e-11 
 2256       1.461624660893e-11 
 2257       1.459649953080e-11 
 2258       1.457769070842e-11 
 2259       1.455980516246e-11 
 2260       1.454282785368e-11 
 2261       1.452674368285e-11 
 2262       1.451153749072e-11 
 2263       1.449719405793e-11 
 2264       1.448369810493e-11 
 2265       1.447103429195e-11 
 2266       1.445918721888e-11 
 2267       1.444814142524e-11 
 2268       1.443788139008e-11 
 2269       1.442839153196e-11 
 2270       1.441965620881e-11 
 2271       1.441165971794e-11 
 2272       1.440438629591e-11 
 2273       1.439782011848e-11 
 2274       1.439194530055e-11 
 2275       1.438674589610e-11 
 2276       1.438220589809e-11 
 2277       1.437830923841e-11 
 2278       1.437503978781e-11 
 2279       1.437238135583e-11 
 2280       1.437031769073e-11 
 2281       1.436883247944e-11 
 2282       1.436790924816e-11 
 2283       1.436753106382e-11 
 2284       1.436768083058e-11 
 2285       1.436834138888e-11 
 2286       1.436949551540e-11 
 2287       1.437112592294e-11 
 2288       1.437321526038e-11 
 2289       1.437574611261e-11 
 2290       1.437870100044e-11 
 2291       1.438206238053e-11 
 2292       1.438581264535e-11 
 2293       1.438993412308e-11 
 2294       1.439440907753e-11 
 2295       1.439921970809e-11 
 2296       1.440434814968e-11 
 2297       1.440977647262e-11 
 2298       1.441548668259e-11 
 2299       1.442146072059e-11 
 2300       1.442768046281e-11 
 2301       1.443412772061e-11 
 2302       1.444078424040e-11 
 2303       1.444763170361e-11 
 2304       1.445465172662e-11 
 2305       1.446182586065e-11 
 2306       1.446913559171e-11 
 2307       1.447656234056e-11 
 2308       1.448408746257e-11 
 2309       1.449169224772e-11 
 2310       1.449935792049e-11 
 2311       1.450706563978e-11 
 2312       1.451479649888e-11 
 2313       1.452253152536e-11 
 2314       1.453025168101e-11 
 2315       1.453793786177e-11 
 2316       1.454557089769e-11 
 2317       1.455313155279e-11 
 2318       1.456060052505e-11 
 2319       1.456795844631e-11 
 2320       1.457518588222e-11 
 2321       1.458226483798e-11 
 2322       1.458918328617e-11 
 2323       1.459593066739e-11 
 2324       1.460249638691e-11 
 2325       1.460886981467e-11 
 2326       1.461504028524e-11 
 2327       1.462099709777e-11 
 2328       1.462672951598e-11 
 2329       1.463222676808e-11 
 2330       1.463747804676e-11 
 2331       1.464247250915e-11 
 2332       1.464719927679e-11 
 2333       1.465164743556e-11 
 2334       1.465580603569e-11 
 2335       1.465966409167e-11 
 2336       1.466321058227e-11 
 2337       1.466643445043e-11 
 2338       1.466932460331e-11 
 2339       1.467186991218e-11 
 2340       1.467405921242e-11 
 2341       1.467588130345e-11 
 2342       1.467732494875e-11 
 2343       1.467837887575e-11 
 2344       1.467903177585e-11 
 2345       1.467927230435e-11 
 2346       1.467908908044e-11 
 2347       1.467847068713e-11 
 2348       1.467740567123e-11 
 2349       1.467588254331e-11 
 2350       1.467388977768e-11 
 2351       1.467141581230e-11 
 2352       1.466844904882e-11 
 2353       1.466497785248e-11 
 2354       1.466099055207e-11 
 2355       1.465647543996e-11 
 2356       1.465142077198e-11 
 2357       1.464581476744e-11 
 2358       1.463964560907e-11 
 2359       1.463290144298e-11 
 2360       1.462557243066e-11 
 2361       1.461765691895e-11 
 2362       1.460915530828e-11 
 2363       1.460006800413e-11 
 2364       1.459039541697e-11 
 2365       1.458013796238e-11 
 2366       1.456929606093e-11 
 2367       1.455787013830e-11 
 2368       1.454586062519e-11 
 2369       1.453326795741e-11 
 2370       1.452009257583e-11 
 2371       1.450633492640e-11 
 2372       1.449199546018e-11 
 2373       1.447707463332e-11 
 2374       1.446157290706e-11 
 2375       1.444549074777e-11 
 2376       1.442882862693e-11 
 2377       1.441158702116e-11 
 2378       1.439376641218e-11 
 2379       1.437536728688e-11 
 2380       1.435639013727e-11 
 2381       1.433683546053e-11 
 2382       1.431670375898e-11 
 2383       1.429599554013e-11 
 2384       1.427471131662e-11 
 2385       1.425285160632e-11 
 2386       1.423041693223e-11 
 2387       1.420740782258e-11 
 2388       1.418382481079e-11 
 2389       1.415966843546e-11 
 2390       1.413493924043e-11 
 2391       1.410963777474e-11 
 2392       1.408376459266e-11 
 2393       1.405732025369e-11 
 2394       1.403030532256e-11 
 2395       1.400272036926e-11 
 2396       1.397456596900e-11 
 2397       1.394584270229e-11 
 2398       1.391655115486e-11 
 2399       1.388669317005e-11 
 2400       1.385627561407e-11 
 2401       1.382530663372e-11 
 2402       1.379379440618e-11 
 2403       1.376174713903e-11 
 2404       1.372917307031e-11 
 2405       1.369608046856e-11 
 2406       1.366247763279e-11 
 2407       1.362837289260e-11 
 2408       1.359377460814e-11 
 2409       1.355869117019e-11 
 2410       1.352313100015e-11 
 2411       1.348710255013e-11 
 2412       1.345061430292e-11 
 2413       1.341367477208e-11 
 2414       1.337629250191e-11 
 2415       1.333847606756e-11 
 2416       1.330023407498e-11 
 2417       1.326157516102e-11 
 2418       1.322250799343e-11 
 2419       1.318304127089e-11 
 2420       1.314318372307e-11 
 2421       1.310294411062e-11 
 2422       1.306233122525e-11 
 2423       1.302135388971e-11 
 2424       1.298002095789e-11 
 2425       1.293834131479e-11 
 2426       1.289632387657e-11 
 2427       1.285397759061e-11 
 2428       1.281131143552e-11 
 2429       1.276833442117e-11 
 2430       1.272505558873e-11 
 2431       1.268148401070e-11 
 2432       1.263762879094e-11 
 2433       1.259349906471e-11 
 2434       1.254910399871e-11 
 2435       1.250445279108e-11 
 2436       1.245955467147e-11 
 2437       1.241441890106e-11 
 2438       1.236905524131e-11 
 2439       1.232347536332e-11 
 2440       1.227769144702e-11 
 2441       1.223171571325e-11 
 2442       1.218556042376e-11 
 2443       1.213923788131e-11 
 2444       1.209276042968e-11 
 2445       1.204614045371e-11 
 2446       1.199939037937e-11 
 2447       1.195252267377e-11 
 2448       1.190554984521e-11 
 2449       1.185848444324e-11 
 2450       1.181133905867e-11 
 2451       1.176412632366e-11 
 2452       1.171685891171e-11 
 2453       1.166954953773e-11 
 2454       1.162221095809e-11 
 2455       1.157485597063e-11 
 2456       1.152749741474e-11 
 2457       1.148014817137e-11 
 2458       1.143282116311e-11 
 2459       1.138552935418e-11 
 2460       1.133828575052e-11 
 2461       1.129110339980e-11 
 2462       1.124399539149e-11 
 2463       1.119697485687e-11 
 2464       1.115005496911e-11 
 2465       1.110324894326e-11 
 2466       1.105657003637e-11 
 2467       1.101003154744e-11 
 2468       1.096364681753e-11 
 2469       1.091742922979e-11 
 2470       1.087139220946e-11 
 2471       1.082554922399e-11 
 2472       1.077991378299e-11 
 2473       1.073449943835e-11 
 2474       1.068931978424e-11 
 2475       1.064438845717e-11 
 2476       1.059971913601e-11 
 2477       1.055532204608e-11 
 2478       1.051119344868e-11 
 2479       1.046732608950e-11 
 2480       1.042371268893e-11 
 2481       1.038034594203e-11 
 2482       1.033721851852e-11 
 2483       1.029432306273e-11 
 2484       1.025165219362e-11 
 2485       1.020919850467e-11 
 2486       1.016695456396e-11 
 2487       1.012491291405e-11 
 2488       1.008306607200e-11 
 2489       1.004140652936e-11 
 2490       9.999926752076e-12 
 2491       9.958619180553e-12 
 2492       9.917476229559e-12 
 2493       9.876490288231e-12 
 2494       9.835653720039e-12 
 2495       9.794958862764e-12 
 2496       9.754398028470e-12 
 2497       9.713963503477e-12 
 2498       9.673647548337e-12 
 2499       9.633442397806e-12 
 2500       9.593340260819e-12 
