# dimensionless total [l(l+1)/2pi] C_l's
# for l=2 to 2500, i.e. number of multipoles equal to 2499
#
# -> if you prefer output in CAMB/HealPix/LensPix units/order, set 'format' to 'camb' in input file
# -> if you don't want to see such a header, set 'headers' to 'no' in input file
#
# 1:l     2:TT                 
    2       1.373569737987e-10 
    3       1.300281827341e-10 
    4       1.230887481326e-10 
    5       1.178845828480e-10 
    6       1.143069834995e-10 
    7       1.120243622658e-10 
    8       1.106851111785e-10 
    9       1.100561161547e-10 
   10       1.099484188330e-10 
   11       1.102465162957e-10 
   12       1.108924462643e-10 
   13       1.117688651059e-10 
   14       1.127974543608e-10 
   15       1.140037534443e-10 
   16       1.153944577625e-10 
   17       1.168430178654e-10 
   18       1.183930268483e-10 
   19       1.200598694729e-10 
   20       1.217762354735e-10 
   21       1.235559419893e-10 
   22       1.254060326532e-10 
   23       1.273166369825e-10 
   24       1.292541059709e-10 
   25       1.312294281737e-10 
   26       1.332532757397e-10 
   27       1.353333892857e-10 
   28       1.374584213654e-10 
   29       1.396030696031e-10 
   30       1.417745270730e-10 
   31       1.439808859603e-10 
   32       1.462210728753e-10 
   33       1.484970438428e-10 
   34       1.508037224909e-10 
   35       1.531302844682e-10 
   36       1.554800159010e-10 
   37       1.578557673985e-10 
   38       1.602537538371e-10 
   39       1.626672555486e-10 
   40       1.651010320094e-10 
   41       1.675605896417e-10 
   42       1.700477745503e-10 
   43       1.725621172489e-10 
   44       1.751063195317e-10 
   45       1.776818013041e-10 
   46       1.802868205635e-10 
   47       1.829161826799e-10 
   48       1.855637182171e-10 
   49       1.882312206830e-10 
   50       1.909215287328e-10 
   51       1.936358318095e-10 
   52       1.963735206764e-10 
   53       1.991333790532e-10 
   54       2.019178623195e-10 
   55       2.047296585487e-10 
   56       2.075703525717e-10 
   57       2.104403327400e-10 
   58       2.133386976889e-10 
   59       2.162640699989e-10 
   60       2.192174695933e-10 
   61       2.221999440318e-10 
   62       2.252116590660e-10 
   63       2.282518361444e-10 
   64       2.313186899180e-10 
   65       2.344103998056e-10 
   66       2.375284042147e-10 
   67       2.406746943266e-10 
   68       2.438508086548e-10 
   69       2.470577994754e-10 
   70       2.502961992578e-10 
   71       2.535659870944e-10 
   72       2.568669651722e-10 
   73       2.602000464477e-10 
   74       2.635661546258e-10 
   75       2.669658122231e-10 
   76       2.703991163594e-10 
   77       2.738657145500e-10 
   78       2.773647804974e-10 
   79       2.808949898834e-10 
   80       2.844550615112e-10 
   81       2.880455422189e-10 
   82       2.916672892039e-10 
   83       2.953209186780e-10 
   84       2.990067921289e-10 
   85       3.027250025815e-10 
   86       3.064753608592e-10 
   87       3.102573818455e-10 
   88       3.140702707452e-10 
   89       3.179132449428e-10 
   90       3.217865873866e-10 
   91       3.256907339027e-10 
   92       3.296259437191e-10 
   93       3.335922907546e-10 
   94       3.375896549077e-10 
   95       3.416177133460e-10 
   96       3.456759317951e-10 
   97       3.497635558273e-10 
   98       3.538796021514e-10 
   99       3.580231055784e-10 
  100       3.621939186642e-10 
  101       3.663920096744e-10 
  102       3.706172114702e-10 
  103       3.748692158969e-10 
  104       3.791475681720e-10 
  105       3.834516612734e-10 
  106       3.877807303274e-10 
  107       3.921338469971e-10 
  108       3.965099138704e-10 
  109       4.009076588485e-10 
  110       4.053258571778e-10 
  111       4.097640418839e-10 
  112       4.142218741786e-10 
  113       4.186989206074e-10 
  114       4.231946496751e-10 
  115       4.277084284711e-10 
  116       4.322395192948e-10 
  117       4.367870762813e-10 
  118       4.413501420266e-10 
  119       4.459276442133e-10 
  120       4.505183922359e-10 
  121       4.551210738263e-10 
  122       4.597342516795e-10 
  123       4.643565308666e-10 
  124       4.689870900412e-10 
  125       4.736252051840e-10 
  126       4.782700822703e-10 
  127       4.829208552400e-10 
  128       4.875765839660e-10 
  129       4.922362522240e-10 
  130       4.968987656614e-10 
  131       5.015629497667e-10 
  132       5.062275478382e-10 
  133       5.108912189541e-10 
  134       5.155525359405e-10 
  135       5.202099833419e-10 
  136       5.248619553894e-10 
  137       5.295068980133e-10 
  138       5.341437557645e-10 
  139       5.387715675049e-10 
  140       5.433893254076e-10 
  141       5.479959738409e-10 
  142       5.525904082511e-10 
  143       5.571714740464e-10 
  144       5.617379654802e-10 
  145       5.662886245347e-10 
  146       5.708221398042e-10 
  147       5.753371453785e-10 
  148       5.798322197268e-10 
  149       5.843058845807e-10 
  150       5.887566038178e-10 
  151       5.931827823452e-10 
  152       5.975827649831e-10 
  153       6.019549564222e-10 
  154       6.062981959911e-10 
  155       6.106114157523e-10 
  156       6.148935220622e-10 
  157       6.191433950716e-10 
  158       6.233598882256e-10 
  159       6.275418277639e-10 
  160       6.316880122203e-10 
  161       6.357972119237e-10 
  162       6.398681684974e-10 
  163       6.438995943595e-10 
  164       6.478901722232e-10 
  165       6.518385545964e-10 
  166       6.557433632821e-10 
  167       6.596031888788e-10 
  168       6.634165902797e-10 
  169       6.671820941738e-10 
  170       6.708981945452e-10 
  171       6.745634509907e-10 
  172       6.781767939165e-10 
  173       6.817372439493e-10 
  174       6.852438153144e-10 
  175       6.886955157384e-10 
  176       6.920913463530e-10 
  177       6.954303015978e-10 
  178       6.987113691238e-10 
  179       7.019335296967e-10 
  180       7.050957571001e-10 
  181       7.081970180385e-10 
  182       7.112362720410e-10 
  183       7.142124713644e-10 
  184       7.171245608962e-10 
  185       7.199714780583e-10 
  186       7.227521527099e-10 
  187       7.254655070510e-10 
  188       7.281104555254e-10 
  189       7.306859047244e-10 
  190       7.331907532895e-10 
  191       7.356239659517e-10 
  192       7.379848020514e-10 
  193       7.402726040126e-10 
  194       7.424867248932e-10 
  195       7.446265285312e-10 
  196       7.466913896902e-10 
  197       7.486806942056e-10 
  198       7.505938391301e-10 
  199       7.524302328798e-10 
  200       7.541892953800e-10 
  201       7.558704582112e-10 
  202       7.574731647544e-10 
  203       7.589968703376e-10 
  204       7.604410423813e-10 
  205       7.618051605446e-10 
  206       7.630887168706e-10 
  207       7.642912159327e-10 
  208       7.654121749803e-10 
  209       7.664511240845e-10 
  210       7.674076062843e-10 
  211       7.682811777320e-10 
  212       7.690714078395e-10 
  213       7.697779182213e-10 
  214       7.704005021479e-10 
  215       7.709390134447e-10 
  216       7.713933286658e-10 
  217       7.717633473425e-10 
  218       7.720489922309e-10 
  219       7.722502095597e-10 
  220       7.723669692789e-10 
  221       7.723992653070e-10 
  222       7.723471157795e-10 
  223       7.722105632967e-10 
  224       7.719896751716e-10 
  225       7.716845436783e-10 
  226       7.712952862993e-10 
  227       7.708220459741e-10 
  228       7.702649913471e-10 
  229       7.696243170153e-10 
  230       7.689002437764e-10 
  231       7.680930188770e-10 
  232       7.672029162603e-10 
  233       7.662302368143e-10 
  234       7.651753086198e-10 
  235       7.640384871980e-10 
  236       7.628201557592e-10 
  237       7.615207254501e-10 
  238       7.601406316905e-10 
  239       7.586803224236e-10 
  240       7.571402696346e-10 
  241       7.555209734371e-10 
  242       7.538229623124e-10 
  243       7.520467933496e-10 
  244       7.501930524852e-10 
  245       7.482623547428e-10 
  246       7.462553444730e-10 
  247       7.441726955929e-10 
  248       7.420151118260e-10 
  249       7.397833269418e-10 
  250       7.374781049958e-10 
  251       7.351002405690e-10 
  252       7.326505590076e-10 
  253       7.301299166630e-10 
  254       7.275392011313e-10 
  255       7.248793314931e-10 
  256       7.221512585534e-10 
  257       7.193559650810e-10 
  258       7.164944660486e-10 
  259       7.135678088722e-10 
  260       7.105770736511e-10 
  261       7.075233734077e-10 
  262       7.044078543268e-10 
  263       7.012316959958e-10 
  264       6.979961116443e-10 
  265       6.947023483835e-10 
  266       6.913516297513e-10 
  267       6.879449793952e-10 
  268       6.844833882810e-10 
  269       6.809678716677e-10 
  270       6.773994692499e-10 
  271       6.737792452997e-10 
  272       6.701082888093e-10 
  273       6.663877136330e-10 
  274       6.626186586296e-10 
  275       6.588022878047e-10 
  276       6.549397904527e-10 
  277       6.510323812993e-10 
  278       6.470813006438e-10 
  279       6.430878145011e-10 
  280       6.390532147440e-10 
  281       6.349788192459e-10 
  282       6.308659720222e-10 
  283       6.267160433736e-10 
  284       6.225304300273e-10 
  285       6.183105552801e-10 
  286       6.140578691401e-10 
  287       6.097738484695e-10 
  288       6.054599971261e-10 
  289       6.011178461063e-10 
  290       5.967489536868e-10 
  291       5.923549055674e-10 
  292       5.879373150126e-10 
  293       5.834978229945e-10 
  294       5.790380983345e-10 
  295       5.745598378460e-10 
  296       5.700647664763e-10 
  297       5.655545328216e-10 
  298       5.610303897491e-10 
  299       5.564934984952e-10 
  300       5.519450318912e-10 
  301       5.473861743637e-10 
  302       5.428181219350e-10 
  303       5.382420822236e-10 
  304       5.336592744447e-10 
  305       5.290709294101e-10 
  306       5.244782895293e-10 
  307       5.198826088092e-10 
  308       5.152851528551e-10 
  309       5.106871988707e-10 
  310       5.060900356587e-10 
  311       5.014949636208e-10 
  312       4.969032947589e-10 
  313       4.923163526747e-10 
  314       4.877354725705e-10 
  315       4.831620012493e-10 
  316       4.785972971158e-10 
  317       4.740427301760e-10 
  318       4.694996820383e-10 
  319       4.649695459133e-10 
  320       4.604537266148e-10 
  321       4.559536405595e-10 
  322       4.514707157681e-10 
  323       4.470063918652e-10 
  324       4.425621200799e-10 
  325       4.381393632462e-10 
  326       4.337395958034e-10 
  327       4.293643037964e-10 
  328       4.250149848760e-10 
  329       4.206931482997e-10 
  330       4.164003149317e-10 
  331       4.121380172436e-10 
  332       4.079076816578e-10 
  333       4.037102699083e-10 
  334       3.995466220305e-10 
  335       3.954175724792e-10 
  336       3.913239500012e-10 
  337       3.872665775084e-10 
  338       3.832462719500e-10 
  339       3.792638441853e-10 
  340       3.753200988568e-10 
  341       3.714158342624e-10 
  342       3.675518422283e-10 
  343       3.637289079815e-10 
  344       3.599478100230e-10 
  345       3.562093199999e-10 
  346       3.525142025782e-10 
  347       3.488632153158e-10 
  348       3.452571085351e-10 
  349       3.416966251954e-10 
  350       3.381825007659e-10 
  351       3.347154630981e-10 
  352       3.312962322988e-10 
  353       3.279255206027e-10 
  354       3.246040322449e-10 
  355       3.213324633338e-10 
  356       3.181115017237e-10 
  357       3.149418268875e-10 
  358       3.118241097895e-10 
  359       3.087590127577e-10 
  360       3.057471893572e-10 
  361       3.027892842620e-10 
  362       2.998859331284e-10 
  363       2.970377624676e-10 
  364       2.942453895178e-10 
  365       2.915094221177e-10 
  366       2.888304585786e-10 
  367       2.862090875574e-10 
  368       2.836458879292e-10 
  369       2.811414286598e-10 
  370       2.786962686787e-10 
  371       2.763108951757e-10 
  372       2.739855360892e-10 
  373       2.717203400365e-10 
  374       2.695154370476e-10 
  375       2.673709383841e-10 
  376       2.652869363586e-10 
  377       2.632635041539e-10 
  378       2.613006956419e-10 
  379       2.593985452029e-10 
  380       2.575570675449e-10 
  381       2.557762575224e-10 
  382       2.540560899559e-10 
  383       2.523965194508e-10 
  384       2.507974802166e-10 
  385       2.492588858862e-10 
  386       2.477806293348e-10 
  387       2.463625824994e-10 
  388       2.450045961974e-10 
  389       2.437064999465e-10 
  390       2.424681017831e-10 
  391       2.412891880819e-10 
  392       2.401695233751e-10 
  393       2.391088501710e-10 
  394       2.381068887738e-10 
  395       2.371633371025e-10 
  396       2.362778705100e-10 
  397       2.354501416022e-10 
  398       2.346797800573e-10 
  399       2.339663924447e-10 
  400       2.333095620447e-10 
  401       2.327088486670e-10 
  402       2.321637884701e-10 
  403       2.316738937806e-10 
  404       2.312386529122e-10 
  405       2.308575299849e-10 
  406       2.305299647440e-10 
  407       2.302553723795e-10 
  408       2.300331433451e-10 
  409       2.298626431774e-10 
  410       2.297432530224e-10 
  411       2.296744931665e-10 
  412       2.296559035252e-10 
  413       2.296870031803e-10 
  414       2.297672902271e-10 
  415       2.298962416233e-10 
  416       2.300733130368e-10 
  417       2.302979386937e-10 
  418       2.305695312268e-10 
  419       2.308874815235e-10 
  420       2.312511585739e-10 
  421       2.316599093190e-10 
  422       2.321130584991e-10 
  423       2.326099085015e-10 
  424       2.331497392087e-10 
  425       2.337318078471e-10 
  426       2.343553488343e-10 
  427       2.350195736280e-10 
  428       2.357236705734e-10 
  429       2.364668047520e-10 
  430       2.372481178294e-10 
  431       2.380667279036e-10 
  432       2.389217293529e-10 
  433       2.398121926842e-10 
  434       2.407371643812e-10 
  435       2.416956667524e-10 
  436       2.426866977793e-10 
  437       2.437092309645e-10 
  438       2.447622151799e-10 
  439       2.458445745150e-10 
  440       2.469552081245e-10 
  441       2.480929900770e-10 
  442       2.492567692029e-10 
  443       2.504453689425e-10 
  444       2.516575871944e-10 
  445       2.528921961630e-10 
  446       2.541479422077e-10 
  447       2.554235456898e-10 
  448       2.567177008217e-10 
  449       2.580291970880e-10 
  450       2.593572881471e-10 
  451       2.607013345724e-10 
  452       2.620606832782e-10 
  453       2.634346674401e-10 
  454       2.648226064157e-10 
  455       2.662238056643e-10 
  456       2.676375566679e-10 
  457       2.690631368511e-10 
  458       2.704998095016e-10 
  459       2.719468236904e-10 
  460       2.734034141926e-10 
  461       2.748688014070e-10 
  462       2.763421912771e-10 
  463       2.778227752112e-10 
  464       2.793097300027e-10 
  465       2.808022177504e-10 
  466       2.822993857790e-10 
  467       2.838003665594e-10 
  468       2.853042776288e-10 
  469       2.868102215116e-10 
  470       2.883172856390e-10 
  471       2.898245422700e-10 
  472       2.913310484114e-10 
  473       2.928358457382e-10 
  474       2.943379605139e-10 
  475       2.958364035111e-10 
  476       2.973301699315e-10 
  477       2.988182393263e-10 
  478       3.002995755167e-10 
  479       3.017731265144e-10 
  480       3.032378244413e-10 
  481       3.046925854505e-10 
  482       3.061363096465e-10 
  483       3.075678810051e-10 
  484       3.089861672945e-10 
  485       3.103900199948e-10 
  486       3.117782742191e-10 
  487       3.131497486333e-10 
  488       3.145033888628e-10 
  489       3.158387025751e-10 
  490       3.171553372074e-10 
  491       3.184529376458e-10 
  492       3.197311462176e-10 
  493       3.209896026838e-10 
  494       3.222279442319e-10 
  495       3.234458054679e-10 
  496       3.246428184091e-10 
  497       3.258186124766e-10 
  498       3.269728144878e-10 
  499       3.281050486488e-10 
  500       3.292149365469e-10 
  501       3.303020971431e-10 
  502       3.313661467647e-10 
  503       3.324066990978e-10 
  504       3.334233651796e-10 
  505       3.344157533911e-10 
  506       3.353834694494e-10 
  507       3.363261164005e-10 
  508       3.372432946115e-10 
  509       3.381346017632e-10 
  510       3.389996328426e-10 
  511       3.398379801355e-10 
  512       3.406492332187e-10 
  513       3.414329789530e-10 
  514       3.421888014751e-10 
  515       3.429162821905e-10 
  516       3.436149997659e-10 
  517       3.442845301217e-10 
  518       3.449244464244e-10 
  519       3.455343190792e-10 
  520       3.461137157225e-10 
  521       3.466622012145e-10 
  522       3.471793376312e-10 
  523       3.476646842575e-10 
  524       3.481177975796e-10 
  525       3.485382312771e-10 
  526       3.489255362158e-10 
  527       3.492793579620e-10 
  528       3.495997323015e-10 
  529       3.498867978665e-10 
  530       3.501406993870e-10 
  531       3.503615877247e-10 
  532       3.505496199079e-10 
  533       3.507049591663e-10 
  534       3.508277749650e-10 
  535       3.509182430394e-10 
  536       3.509765454297e-10 
  537       3.510028705154e-10 
  538       3.509974130500e-10 
  539       3.509603741954e-10 
  540       3.508919615563e-10 
  541       3.507923892152e-10 
  542       3.506618777666e-10 
  543       3.505006543518e-10 
  544       3.503089526930e-10 
  545       3.500870131285e-10 
  546       3.498350826466e-10 
  547       3.495534149208e-10 
  548       3.492422703438e-10 
  549       3.489019160623e-10 
  550       3.485326260117e-10 
  551       3.481346809502e-10 
  552       3.477083684940e-10 
  553       3.472539831511e-10 
  554       3.467718263566e-10 
  555       3.462622065066e-10 
  556       3.457254389933e-10 
  557       3.451618462391e-10 
  558       3.445717577316e-10 
  559       3.439555100577e-10 
  560       3.433134469385e-10 
  561       3.426459192636e-10 
  562       3.419532851259e-10 
  563       3.412359098559e-10 
  564       3.404941660566e-10 
  565       3.397284336375e-10 
  566       3.389391124418e-10 
  567       3.381266604116e-10 
  568       3.372915564729e-10 
  569       3.364342880707e-10 
  570       3.355553512093e-10 
  571       3.346552504905e-10 
  572       3.337344991538e-10 
  573       3.327936191150e-10 
  574       3.318331410058e-10 
  575       3.308536042130e-10 
  576       3.298555569178e-10 
  577       3.288395561348e-10 
  578       3.278061677516e-10 
  579       3.267559665679e-10 
  580       3.256895363349e-10 
  581       3.246074697942e-10 
  582       3.235103687176e-10 
  583       3.223988439457e-10 
  584       3.212735154280e-10 
  585       3.201350122613e-10 
  586       3.189839727295e-10 
  587       3.178210443429e-10 
  588       3.166468838769e-10 
  589       3.154621574119e-10 
  590       3.142675403724e-10 
  591       3.130637175659e-10 
  592       3.118513832226e-10 
  593       3.106312410345e-10 
  594       3.094040041945e-10 
  595       3.081703954359e-10 
  596       3.069311470718e-10 
  597       3.056870010338e-10 
  598       3.044387089117e-10 
  599       3.031870319927e-10 
  600       3.019327413007e-10 
  601       3.006766176355e-10 
  602       2.994194516117e-10 
  603       2.981620436988e-10 
  604       2.969052042597e-10 
  605       2.956496914726e-10 
  606       2.943960233739e-10 
  607       2.931446613672e-10 
  608       2.918960719500e-10 
  609       2.906507267324e-10 
  610       2.894091024564e-10 
  611       2.881716810149e-10 
  612       2.869389494700e-10 
  613       2.857114000728e-10 
  614       2.844895302815e-10 
  615       2.832738427811e-10 
  616       2.820648455016e-10 
  617       2.808630516375e-10 
  618       2.796689796665e-10 
  619       2.784831533684e-10 
  620       2.773061018439e-10 
  621       2.761383595341e-10 
  622       2.749804662386e-10 
  623       2.738329671353e-10 
  624       2.726964127984e-10 
  625       2.715713592183e-10 
  626       2.704583678198e-10 
  627       2.693580054813e-10 
  628       2.682708445538e-10 
  629       2.671974628796e-10 
  630       2.661384438116e-10 
  631       2.650943762318e-10 
  632       2.640658545705e-10 
  633       2.630534788253e-10 
  634       2.620578545797e-10 
  635       2.610795930223e-10 
  636       2.601193109658e-10 
  637       2.591776308656e-10 
  638       2.582551808391e-10 
  639       2.573525946841e-10 
  640       2.564705118986e-10 
  641       2.556095776988e-10 
  642       2.547704430387e-10 
  643       2.539537646285e-10 
  644       2.531601162436e-10 
  645       2.523897204077e-10 
  646       2.516427106747e-10 
  647       2.509192197831e-10 
  648       2.502193796488e-10 
  649       2.495433213588e-10 
  650       2.488911751643e-10 
  651       2.482630704741e-10 
  652       2.476591358479e-10 
  653       2.470794989896e-10 
  654       2.465242867403e-10 
  655       2.459936250723e-10 
  656       2.454876390817e-10 
  657       2.450064529821e-10 
  658       2.445501900977e-10 
  659       2.441189728567e-10 
  660       2.437129227847e-10 
  661       2.433321604977e-10 
  662       2.429768056958e-10 
  663       2.426469771562e-10 
  664       2.423427927266e-10 
  665       2.420643693186e-10 
  666       2.418118229007e-10 
  667       2.415852684920e-10 
  668       2.413848201552e-10 
  669       2.412105909901e-10 
  670       2.410626931269e-10 
  671       2.409412377191e-10 
  672       2.408463349374e-10 
  673       2.407780939628e-10 
  674       2.407366229795e-10 
  675       2.407220291688e-10 
  676       2.407344187021e-10 
  677       2.407738967341e-10 
  678       2.408405673964e-10 
  679       2.409345337905e-10 
  680       2.410558979813e-10 
  681       2.412047609906e-10 
  682       2.413812227896e-10 
  683       2.415853228231e-10 
  684       2.418168601982e-10 
  685       2.420755696436e-10 
  686       2.423611806105e-10 
  687       2.426734172502e-10 
  688       2.430119983925e-10 
  689       2.433766375237e-10 
  690       2.437670427644e-10 
  691       2.441829168477e-10 
  692       2.446239570970e-10 
  693       2.450898554045e-10 
  694       2.455802982088e-10 
  695       2.460949664730e-10 
  696       2.466335356629e-10 
  697       2.471956757247e-10 
  698       2.477810510637e-10 
  699       2.483893205213e-10 
  700       2.490201373540e-10 
  701       2.496731492108e-10 
  702       2.503479981116e-10 
  703       2.510443204249e-10 
  704       2.517617468463e-10 
  705       2.524999023759e-10 
  706       2.532584062969e-10 
  707       2.540368721532e-10 
  708       2.548349077277e-10 
  709       2.556521150202e-10 
  710       2.564880902256e-10 
  711       2.573424237116e-10 
  712       2.582146999971e-10 
  713       2.591044977298e-10 
  714       2.600113896648e-10 
  715       2.609349426420e-10 
  716       2.618747175645e-10 
  717       2.628302693768e-10 
  718       2.638011470422e-10 
  719       2.647868935214e-10 
  720       2.657870457504e-10 
  721       2.668011346184e-10 
  722       2.678286870865e-10 
  723       2.688692326359e-10 
  724       2.699222969063e-10 
  725       2.709873995459e-10 
  726       2.720640541899e-10 
  727       2.731517684387e-10 
  728       2.742500438368e-10 
  729       2.753583758512e-10 
  730       2.764762538496e-10 
  731       2.776031610796e-10 
  732       2.787385746464e-10 
  733       2.798819654921e-10 
  734       2.810327983735e-10 
  735       2.821905318413e-10 
  736       2.833546182180e-10 
  737       2.845245035769e-10 
  738       2.856996277203e-10 
  739       2.868794241584e-10 
  740       2.880633200872e-10 
  741       2.892507363677e-10 
  742       2.904410875039e-10 
  743       2.916337816215e-10 
  744       2.928282204467e-10 
  745       2.940237992842e-10 
  746       2.952199069961e-10 
  747       2.964159259802e-10 
  748       2.976112321488e-10 
  749       2.988051949069e-10 
  750       2.999971771309e-10 
  751       3.011865351469e-10 
  752       3.023726187098e-10 
  753       3.035547709809e-10 
  754       3.047323285074e-10 
  755       3.059046212002e-10 
  756       3.070709723127e-10 
  757       3.082306984192e-10 
  758       3.093831093938e-10 
  759       3.105275083884e-10 
  760       3.116631918114e-10 
  761       3.127895061958e-10 
  762       3.139060200420e-10 
  763       3.150123552267e-10 
  764       3.161081304017e-10 
  765       3.171929609846e-10 
  766       3.182664591490e-10 
  767       3.193282338149e-10 
  768       3.203778906386e-10 
  769       3.214150320035e-10 
  770       3.224392570100e-10 
  771       3.234501614660e-10 
  772       3.244473378771e-10 
  773       3.254303754370e-10 
  774       3.263988600177e-10 
  775       3.273523741597e-10 
  776       3.282904970626e-10 
  777       3.292128045749e-10 
  778       3.301188691848e-10 
  779       3.310082600104e-10 
  780       3.318805427895e-10 
  781       3.327352798705e-10 
  782       3.335720302024e-10 
  783       3.343903493251e-10 
  784       3.351897893600e-10 
  785       3.359698989995e-10 
  786       3.367302234983e-10 
  787       3.374703046631e-10 
  788       3.381896808427e-10 
  789       3.388878869190e-10 
  790       3.395644542966e-10 
  791       3.402189108935e-10 
  792       3.408507811313e-10 
  793       3.414595859254e-10 
  794       3.420448426754e-10 
  795       3.426060652551e-10 
  796       3.431427640034e-10 
  797       3.436544457140e-10 
  798       3.441406136260e-10 
  799       3.446007674141e-10 
  800       3.450344774029e-10 
  801       3.454416087140e-10 
  802       3.458221011881e-10 
  803       3.461758955356e-10 
  804       3.465029333407e-10 
  805       3.468031570658e-10 
  806       3.470765100554e-10 
  807       3.473229365406e-10 
  808       3.475423816430e-10 
  809       3.477347913791e-10 
  810       3.479001126644e-10 
  811       3.480382933176e-10 
  812       3.481492820648e-10 
  813       3.482330285436e-10 
  814       3.482894833076e-10 
  815       3.483185978303e-10 
  816       3.483203245092e-10 
  817       3.482946166703e-10 
  818       3.482414285722e-10 
  819       3.481607154101e-10 
  820       3.480524333203e-10 
  821       3.479165393839e-10 
  822       3.477529916318e-10 
  823       3.475617490479e-10 
  824       3.473427715742e-10 
  825       3.470960201143e-10 
  826       3.468214565382e-10 
  827       3.465190436857e-10 
  828       3.461887453716e-10 
  829       3.458305263889e-10 
  830       3.454443525137e-10 
  831       3.450301905090e-10 
  832       3.445880081292e-10 
  833       3.441177741240e-10 
  834       3.436194582427e-10 
  835       3.430930312383e-10 
  836       3.425384648721e-10 
  837       3.419557319173e-10 
  838       3.413448061635e-10 
  839       3.407057109932e-10 
  840       3.400386660276e-10 
  841       3.393439430404e-10 
  842       3.386218176285e-10 
  843       3.378725692249e-10 
  844       3.370964811113e-10 
  845       3.362938404301e-10 
  846       3.354649381974e-10 
  847       3.346100693148e-10 
  848       3.337295325826e-10 
  849       3.328236307116e-10 
  850       3.318926703363e-10 
  851       3.309369620264e-10 
  852       3.299568203001e-10 
  853       3.289525636363e-10 
  854       3.279245144868e-10 
  855       3.268729992891e-10 
  856       3.257983484787e-10 
  857       3.247008965016e-10 
  858       3.235809818268e-10 
  859       3.224389469587e-10 
  860       3.212751384496e-10 
  861       3.200899069120e-10 
  862       3.188836070314e-10 
  863       3.176565975786e-10 
  864       3.164092414218e-10 
  865       3.151419055398e-10 
  866       3.138549610337e-10 
  867       3.125487831400e-10 
  868       3.112237512426e-10 
  869       3.098802488856e-10 
  870       3.085186637853e-10 
  871       3.071393878433e-10 
  872       3.057428171584e-10 
  873       3.043293520394e-10 
  874       3.028993970174e-10 
  875       3.014533608584e-10 
  876       2.999916565754e-10 
  877       2.985147014415e-10 
  878       2.970229158902e-10 
  879       2.955167201732e-10 
  880       2.939965376723e-10 
  881       2.924627960176e-10 
  882       2.909159271001e-10 
  883       2.893563670841e-10 
  884       2.877845564190e-10 
  885       2.862009398524e-10 
  886       2.846059664414e-10 
  887       2.830000895659e-10 
  888       2.813837669399e-10 
  889       2.797574606248e-10 
  890       2.781216370407e-10 
  891       2.764767669794e-10 
  892       2.748233256164e-10 
  893       2.731617925233e-10 
  894       2.714926516799e-10 
  895       2.698163914867e-10 
  896       2.681335047770e-10 
  897       2.664444888295e-10 
  898       2.647498453802e-10 
  899       2.630500806349e-10 
  900       2.613457052815e-10 
  901       2.596372345021e-10 
  902       2.579251879858e-10 
  903       2.562100899401e-10 
  904       2.544924691042e-10 
  905       2.527728587606e-10 
  906       2.510517967474e-10 
  907       2.493298254712e-10 
  908       2.476074919185e-10 
  909       2.458853476689e-10 
  910       2.441639489067e-10 
  911       2.424438564333e-10 
  912       2.407256356801e-10 
  913       2.390098567197e-10 
  914       2.372970942793e-10 
  915       2.355879277523e-10 
  916       2.338829412107e-10 
  917       2.321826786837e-10 
  918       2.304875091866e-10 
  919       2.287977595673e-10 
  920       2.271137590509e-10 
  921       2.254358392457e-10 
  922       2.237643341490e-10 
  923       2.220995801535e-10 
  924       2.204419160526e-10 
  925       2.187916830467e-10 
  926       2.171492247489e-10 
  927       2.155148871911e-10 
  928       2.138890188298e-10 
  929       2.122719705519e-10 
  930       2.106640956810e-10 
  931       2.090657499828e-10 
  932       2.074772916714e-10 
  933       2.058990814152e-10 
  934       2.043314823423e-10 
  935       2.027748600472e-10 
  936       2.012295825961e-10 
  937       1.996960205330e-10 
  938       1.981745468860e-10 
  939       1.966655371723e-10 
  940       1.951693694050e-10 
  941       1.936864240987e-10 
  942       1.922170842752e-10 
  943       1.907617354697e-10 
  944       1.893207657367e-10 
  945       1.878945656556e-10 
  946       1.864835283371e-10 
  947       1.850880494286e-10 
  948       1.837085271204e-10 
  949       1.823453621519e-10 
  950       1.809989578166e-10 
  951       1.796697199692e-10 
  952       1.783580570304e-10 
  953       1.770643799936e-10 
  954       1.757891024306e-10 
  955       1.745326404971e-10 
  956       1.732953541528e-10 
  957       1.720773698231e-10 
  958       1.708787550398e-10 
  959       1.696995769804e-10 
  960       1.685399024656e-10 
  961       1.673997979584e-10 
  962       1.662793295616e-10 
  963       1.651785630165e-10 
  964       1.640975637007e-10 
  965       1.630363966266e-10 
  966       1.619951264393e-10 
  967       1.609738174152e-10 
  968       1.599725334598e-10 
  969       1.589913381063e-10 
  970       1.580302945133e-10 
  971       1.570894654636e-10 
  972       1.561689133617e-10 
  973       1.552687002329e-10 
  974       1.543888877205e-10 
  975       1.535295370847e-10 
  976       1.526907092007e-10 
  977       1.518724645566e-10 
  978       1.510748632519e-10 
  979       1.502979649957e-10 
  980       1.495418291045e-10 
  981       1.488065145010e-10 
  982       1.480920797118e-10 
  983       1.473985828659e-10 
  984       1.467260816928e-10 
  985       1.460746335208e-10 
  986       1.454442952748e-10 
  987       1.448351234752e-10 
  988       1.442471742355e-10 
  989       1.436805032606e-10 
  990       1.431351658453e-10 
  991       1.426112168723e-10 
  992       1.421087108104e-10 
  993       1.416277017127e-10 
  994       1.411682432147e-10 
  995       1.407303486170e-10 
  996       1.403138704941e-10 
  997       1.399186193143e-10 
  998       1.395444031891e-10 
  999       1.391910278663e-10 
 1000       1.388582967232e-10 
 1001       1.385460107606e-10 
 1002       1.382539685953e-10 
 1003       1.379819664542e-10 
 1004       1.377297981672e-10 
 1005       1.374972551608e-10 
 1006       1.372841264516e-10 
 1007       1.370901986392e-10 
 1008       1.369152559000e-10 
 1009       1.367590799804e-10 
 1010       1.366214501902e-10 
 1011       1.365021433959e-10 
 1012       1.364009340143e-10 
 1013       1.363175940054e-10 
 1014       1.362518928663e-10 
 1015       1.362035976243e-10 
 1016       1.361724728302e-10 
 1017       1.361582805518e-10 
 1018       1.361607803672e-10 
 1019       1.361797293584e-10 
 1020       1.362148821042e-10 
 1021       1.362659906740e-10 
 1022       1.363328046210e-10 
 1023       1.364150709754e-10 
 1024       1.365125342382e-10 
 1025       1.366249363742e-10 
 1026       1.367520168054e-10 
 1027       1.368935124045e-10 
 1028       1.370491574882e-10 
 1029       1.372186838107e-10 
 1030       1.374018205569e-10 
 1031       1.375982943356e-10 
 1032       1.378078291734e-10 
 1033       1.380301465076e-10 
 1034       1.382649629003e-10 
 1035       1.385119831589e-10 
 1036       1.387709071051e-10 
 1037       1.390414318388e-10 
 1038       1.393232517311e-10 
 1039       1.396160584176e-10 
 1040       1.399195407915e-10 
 1041       1.402333849964e-10 
 1042       1.405572744196e-10 
 1043       1.408908896854e-10 
 1044       1.412339086480e-10 
 1045       1.415860063846e-10 
 1046       1.419468551886e-10 
 1047       1.423161245628e-10 
 1048       1.426934812121e-10 
 1049       1.430785890373e-10 
 1050       1.434711091275e-10 
 1051       1.438706997536e-10 
 1052       1.442770163615e-10 
 1053       1.446897115649e-10 
 1054       1.451084351387e-10 
 1055       1.455328340119e-10 
 1056       1.459625522608e-10 
 1057       1.463972311021e-10 
 1058       1.468365088860e-10 
 1059       1.472800210894e-10 
 1060       1.477274003091e-10 
 1061       1.481782762543e-10 
 1062       1.486322757407e-10 
 1063       1.490890226827e-10 
 1064       1.495481380870e-10 
 1065       1.500092400458e-10 
 1066       1.504719437295e-10 
 1067       1.509358613801e-10 
 1068       1.514006023042e-10 
 1069       1.518657728662e-10 
 1070       1.523309764815e-10 
 1071       1.527958136093e-10 
 1072       1.532598817460e-10 
 1073       1.537228060560e-10 
 1074       1.541843317356e-10 
 1075       1.546442328930e-10 
 1076       1.551022820213e-10 
 1077       1.555582499942e-10 
 1078       1.560119060628e-10 
 1079       1.564630178515e-10 
 1080       1.569113513546e-10 
 1081       1.573566709325e-10 
 1082       1.577987393080e-10 
 1083       1.582373175625e-10 
 1084       1.586721651324e-10 
 1085       1.591030398057e-10 
 1086       1.595296977177e-10 
 1087       1.599518933477e-10 
 1088       1.603693795152e-10 
 1089       1.607819073762e-10 
 1090       1.611892264197e-10 
 1091       1.615910844636e-10 
 1092       1.619872276513e-10 
 1093       1.623774004479e-10 
 1094       1.627613456367e-10 
 1095       1.631388043152e-10 
 1096       1.635095158914e-10 
 1097       1.638732180805e-10 
 1098       1.642296469008e-10 
 1099       1.645785366702e-10 
 1100       1.649196200024e-10 
 1101       1.652526278033e-10 
 1102       1.655772892672e-10 
 1103       1.658933318733e-10 
 1104       1.662004813816e-10 
 1105       1.664984618297e-10 
 1106       1.667869955288e-10 
 1107       1.670658030600e-10 
 1108       1.673346032708e-10 
 1109       1.675931132711e-10 
 1110       1.678410484299e-10 
 1111       1.680781223711e-10 
 1112       1.683040890586e-10 
 1113       1.685188696623e-10 
 1114       1.687224273514e-10 
 1115       1.689147253583e-10 
 1116       1.690957269785e-10 
 1117       1.692653955710e-10 
 1118       1.694236945591e-10 
 1119       1.695705874302e-10 
 1120       1.697060377367e-10 
 1121       1.698300090960e-10 
 1122       1.699424651911e-10 
 1123       1.700433697711e-10 
 1124       1.701326866511e-10 
 1125       1.702103797131e-10 
 1126       1.702764129063e-10 
 1127       1.703307502470e-10 
 1128       1.703733558197e-10 
 1129       1.704041937769e-10 
 1130       1.704232283399e-10 
 1131       1.704304237988e-10 
 1132       1.704257445133e-10 
 1133       1.704091549128e-10 
 1134       1.703806194966e-10 
 1135       1.703401028349e-10 
 1136       1.702875695687e-10 
 1137       1.702229844101e-10 
 1138       1.701463121432e-10 
 1139       1.700575176239e-10 
 1140       1.699565657808e-10 
 1141       1.698434216151e-10 
 1142       1.697180502014e-10 
 1143       1.695804166877e-10 
 1144       1.694304862963e-10 
 1145       1.692682243235e-10 
 1146       1.690935961406e-10 
 1147       1.689065671941e-10 
 1148       1.687071030057e-10 
 1149       1.684951691734e-10 
 1150       1.682707313711e-10 
 1151       1.680337843738e-10 
 1152       1.677844395336e-10 
 1153       1.675228384147e-10 
 1154       1.672491238733e-10 
 1155       1.669634400607e-10 
 1156       1.666659324257e-10 
 1157       1.663567477184e-10 
 1158       1.660360339927e-10 
 1159       1.657039406093e-10 
 1160       1.653606182390e-10 
 1161       1.650062188656e-10 
 1162       1.646408957888e-10 
 1163       1.642648036273e-10 
 1164       1.638780983217e-10 
 1165       1.634809371378e-10 
 1166       1.630734786692e-10 
 1167       1.626558828408e-10 
 1168       1.622283109111e-10 
 1169       1.617909254762e-10 
 1170       1.613438904718e-10 
 1171       1.608873711768e-10 
 1172       1.604215342163e-10 
 1173       1.599465475644e-10 
 1174       1.594625805473e-10 
 1175       1.589698038462e-10 
 1176       1.584683895006e-10 
 1177       1.579585109110e-10 
 1178       1.574403428422e-10 
 1179       1.569140614259e-10 
 1180       1.563798441641e-10 
 1181       1.558378699320e-10 
 1182       1.552883189810e-10 
 1183       1.547313729415e-10 
 1184       1.541672148264e-10 
 1185       1.535960290334e-10 
 1186       1.530180013489e-10 
 1187       1.524333189502e-10 
 1188       1.518421704089e-10 
 1189       1.512447456940e-10 
 1190       1.506412387111e-10 
 1191       1.500318549497e-10 
 1192       1.494168039362e-10 
 1193       1.487962967085e-10 
 1194       1.481705458202e-10 
 1195       1.475397653427e-10 
 1196       1.469041708694e-10 
 1197       1.462639795182e-10 
 1198       1.456194099353e-10 
 1199       1.449706822981e-10 
 1200       1.443180183182e-10 
 1201       1.436616412454e-10 
 1202       1.430017758700e-10 
 1203       1.423386485267e-10 
 1204       1.416724870975e-10 
 1205       1.410035210151e-10 
 1206       1.403319812659e-10 
 1207       1.396581003935e-10 
 1208       1.389821125016e-10 
 1209       1.383042532577e-10 
 1210       1.376247598958e-10 
 1211       1.369438712199e-10 
 1212       1.362618276073e-10 
 1213       1.355788710115e-10 
 1214       1.348952449658e-10 
 1215       1.342111945865e-10 
 1216       1.335269665756e-10 
 1217       1.328428092247e-10 
 1218       1.321589724180e-10 
 1219       1.314757076351e-10 
 1220       1.307932679550e-10 
 1221       1.301119080587e-10 
 1222       1.294318842326e-10 
 1223       1.287534543718e-10 
 1224       1.280768779835e-10 
 1225       1.274024161897e-10 
 1226       1.267303317309e-10 
 1227       1.260608889691e-10 
 1228       1.253943538912e-10 
 1229       1.247309732879e-10 
 1230       1.240709120132e-10 
 1231       1.234143149854e-10 
 1232       1.227613279446e-10 
 1233       1.221120974548e-10 
 1234       1.214667709049e-10 
 1235       1.208254965110e-10 
 1236       1.201884233171e-10 
 1237       1.195557011973e-10 
 1238       1.189274808574e-10 
 1239       1.183039138359e-10 
 1240       1.176851525063e-10 
 1241       1.170713500780e-10 
 1242       1.164626605983e-10 
 1243       1.158592389540e-10 
 1244       1.152612408727e-10 
 1245       1.146688229243e-10 
 1246       1.140821425232e-10 
 1247       1.135013579292e-10 
 1248       1.129266282492e-10 
 1249       1.123581134391e-10 
 1250       1.117959743050e-10 
 1251       1.112403725051e-10 
 1252       1.106914705510e-10 
 1253       1.101494318094e-10 
 1254       1.096144205036e-10 
 1255       1.090866017152e-10 
 1256       1.085661413856e-10 
 1257       1.080532063173e-10 
 1258       1.075479641762e-10 
 1259       1.070505834923e-10 
 1260       1.065612336618e-10 
 1261       1.060800849488e-10 
 1262       1.056073084862e-10 
 1263       1.051430762780e-10 
 1264       1.046875612005e-10 
 1265       1.042409370039e-10 
 1266       1.038033783138e-10 
 1267       1.033750606332e-10 
 1268       1.029561316641e-10 
 1269       1.025466249094e-10 
 1270       1.021465450781e-10 
 1271       1.017558966742e-10 
 1272       1.013746839957e-10 
 1273       1.010029111341e-10 
 1274       1.006405819740e-10 
 1275       1.002877001926e-10 
 1276       9.994426925884e-11 
 1277       9.961029243293e-11 
 1278       9.928577276595e-11 
 1279       9.897071309912e-11 
 1280       9.866511606331e-11 
 1281       9.836898407841e-11 
 1282       9.808231935281e-11 
 1283       9.780512388283e-11 
 1284       9.753739945214e-11 
 1285       9.727914763120e-11 
 1286       9.703036977668e-11 
 1287       9.679106703092e-11 
 1288       9.656124032134e-11 
 1289       9.634089035987e-11 
 1290       9.613001764241e-11 
 1291       9.592862244824e-11 
 1292       9.573670483947e-11 
 1293       9.555426466044e-11 
 1294       9.538130153721e-11 
 1295       9.521781487692e-11 
 1296       9.506380386731e-11 
 1297       9.491926747606e-11 
 1298       9.478420445031e-11 
 1299       9.465861331602e-11 
 1300       9.454249237746e-11 
 1301       9.443583971661e-11 
 1302       9.433865319259e-11 
 1303       9.425093044113e-11 
 1304       9.417266887396e-11 
 1305       9.410386567828e-11 
 1306       9.404451781616e-11 
 1307       9.399460276354e-11 
 1308       9.395402049252e-11 
 1309       9.392265083893e-11 
 1310       9.390037270198e-11 
 1311       9.388706404233e-11 
 1312       9.388260188020e-11 
 1313       9.388686229341e-11 
 1314       9.389972041550e-11 
 1315       9.392105043379e-11 
 1316       9.395072558747e-11 
 1317       9.398861816568e-11 
 1318       9.403459950558e-11 
 1319       9.408853999045e-11 
 1320       9.415030904775e-11 
 1321       9.421977514724e-11 
 1322       9.429680579900e-11 
 1323       9.438126755156e-11 
 1324       9.447302598998e-11 
 1325       9.457194573391e-11 
 1326       9.467789043566e-11 
 1327       9.479072277833e-11 
 1328       9.491030447384e-11 
 1329       9.503649626105e-11 
 1330       9.516915790381e-11 
 1331       9.530814818907e-11 
 1332       9.545332492494e-11 
 1333       9.560454493877e-11 
 1334       9.576166407526e-11 
 1335       9.592453719449e-11 
 1336       9.609301817007e-11 
 1337       9.626695988715e-11 
 1338       9.644621424056e-11 
 1339       9.663063213285e-11 
 1340       9.682006347238e-11 
 1341       9.701435717144e-11 
 1342       9.721336114426e-11 
 1343       9.741692230517e-11 
 1344       9.762488656661e-11 
 1345       9.783709883726e-11 
 1346       9.805340260705e-11 
 1347       9.827363870115e-11 
 1348       9.849764650864e-11 
 1349       9.872526439238e-11 
 1350       9.895632968705e-11 
 1351       9.919067869723e-11 
 1352       9.942814669544e-11 
 1353       9.966856792020e-11 
 1354       9.991177557407e-11 
 1355       1.001576018217e-10 
 1356       1.004058777880e-10 
 1357       1.006564335559e-10 
 1358       1.009090981647e-10 
 1359       1.011636996082e-10 
 1360       1.014200648322e-10 
 1361       1.016780197332e-10 
 1362       1.019373891560e-10 
 1363       1.021979968923e-10 
 1364       1.024596656778e-10 
 1365       1.027222171915e-10 
 1366       1.029854720525e-10 
 1367       1.032492498191e-10 
 1368       1.035133689861e-10 
 1369       1.037776469833e-10 
 1370       1.040419001735e-10 
 1371       1.043059438502e-10 
 1372       1.045695922363e-10 
 1373       1.048326584813e-10 
 1374       1.050949546603e-10 
 1375       1.053562917713e-10 
 1376       1.056164797335e-10 
 1377       1.058753273856e-10 
 1378       1.061326424836e-10 
 1379       1.063882316987e-10 
 1380       1.066419006157e-10 
 1381       1.068934537310e-10 
 1382       1.071426944503e-10 
 1383       1.073894250872e-10 
 1384       1.076334468608e-10 
 1385       1.078745758378e-10 
 1386       1.081126909464e-10 
 1387       1.083476864653e-10 
 1388       1.085794561253e-10 
 1389       1.088078931079e-10 
 1390       1.090328900445e-10 
 1391       1.092543390158e-10 
 1392       1.094721315502e-10 
 1393       1.096861586234e-10 
 1394       1.098963106572e-10 
 1395       1.101024775186e-10 
 1396       1.103045485189e-10 
 1397       1.105024124125e-10 
 1398       1.106959573965e-10 
 1399       1.108850711090e-10 
 1400       1.110696406290e-10 
 1401       1.112495524745e-10 
 1402       1.114246926026e-10 
 1403       1.115949464074e-10 
 1404       1.117601987203e-10 
 1405       1.119203338078e-10 
 1406       1.120752353717e-10 
 1407       1.122247865471e-10 
 1408       1.123688699024e-10 
 1409       1.125073674377e-10 
 1410       1.126401605839e-10 
 1411       1.127671302023e-10 
 1412       1.128881565829e-10 
 1413       1.130031194440e-10 
 1414       1.131118979311e-10 
 1415       1.132143706157e-10 
 1416       1.133104154948e-10 
 1417       1.133999099895e-10 
 1418       1.134827309444e-10 
 1419       1.135587546266e-10 
 1420       1.136278567245e-10 
 1421       1.136899123470e-10 
 1422       1.137447960227e-10 
 1423       1.137923816987e-10 
 1424       1.138325639984e-10 
 1425       1.138653222352e-10 
 1426       1.138906570542e-10 
 1427       1.139085692335e-10 
 1428       1.139190596849e-10 
 1429       1.139221294540e-10 
 1430       1.139177797202e-10 
 1431       1.139060117976e-10 
 1432       1.138868271348e-10 
 1433       1.138602273156e-10 
 1434       1.138262140589e-10 
 1435       1.137847892193e-10 
 1436       1.137359547874e-10 
 1437       1.136797128900e-10 
 1438       1.136160657904e-10 
 1439       1.135450158889e-10 
 1440       1.134665657227e-10 
 1441       1.133807179668e-10 
 1442       1.132874754336e-10 
 1443       1.131868410740e-10 
 1444       1.130788179770e-10 
 1445       1.129634093703e-10 
 1446       1.128406186208e-10 
 1447       1.127104492346e-10 
 1448       1.125729048574e-10 
 1449       1.124279892749e-10 
 1450       1.122757064130e-10 
 1451       1.121160603381e-10 
 1452       1.119490552576e-10 
 1453       1.117746955200e-10 
 1454       1.115929856151e-10 
 1455       1.114039301748e-10 
 1456       1.112075339727e-10 
 1457       1.110038019253e-10 
 1458       1.107927390913e-10 
 1459       1.105743506726e-10 
 1460       1.103486420146e-10 
 1461       1.101156186060e-10 
 1462       1.098752860797e-10 
 1463       1.096276643936e-10 
 1464       1.093728305288e-10 
 1465       1.091108762189e-10 
 1466       1.088418938091e-10 
 1467       1.085659762573e-10 
 1468       1.082832171350e-10 
 1469       1.079937106287e-10 
 1470       1.076975515407e-10 
 1471       1.073948352905e-10 
 1472       1.070856579158e-10 
 1473       1.067701160733e-10 
 1474       1.064483070402e-10 
 1475       1.061203287153e-10 
 1476       1.057862796197e-10 
 1477       1.054462588985e-10 
 1478       1.051003663211e-10 
 1479       1.047487022833e-10 
 1480       1.043913678075e-10 
 1481       1.040284645443e-10 
 1482       1.036600947735e-10 
 1483       1.032863614051e-10 
 1484       1.029073679806e-10 
 1485       1.025232186739e-10 
 1486       1.021340182925e-10 
 1487       1.017398722786e-10 
 1488       1.013408867102e-10 
 1489       1.009371683022e-10 
 1490       1.005288244075e-10 
 1491       1.001159630180e-10 
 1492       9.969869276590e-11 
 1493       9.927712292474e-11 
 1494       9.885136341039e-11 
 1495       9.842152478224e-11 
 1496       9.798771824431e-11 
 1497       9.755005564630e-11 
 1498       9.710864948477e-11 
 1499       9.666361290416e-11 
 1500       9.621505969795e-11 
 1501       9.576310430973e-11 
 1502       9.530786259783e-11 
 1503       9.484945413504e-11 
 1504       9.438799993350e-11 
 1505       9.392362168431e-11 
 1506       9.345644175871e-11 
 1507       9.298658320922e-11 
 1508       9.251416977076e-11 
 1509       9.203932586182e-11 
 1510       9.156217658559e-11 
 1511       9.108284773111e-11 
 1512       9.060146577440e-11 
 1513       9.011815787960e-11 
 1514       8.963305190015e-11 
 1515       8.914627637987e-11 
 1516       8.865796055419e-11 
 1517       8.816823435118e-11 
 1518       8.767722839281e-11 
 1519       8.718507399600e-11 
 1520       8.669190317382e-11 
 1521       8.619784863661e-11 
 1522       8.570304379312e-11 
 1523       8.520762275166e-11 
 1524       8.471172032124e-11 
 1525       8.421547201273e-11 
 1526       8.371901403998e-11 
 1527       8.322248332095e-11 
 1528       8.272601747890e-11 
 1529       8.222975484350e-11 
 1530       8.173383445197e-11 
 1531       8.123839605025e-11 
 1532       8.074358009410e-11 
 1533       8.024952775028e-11 
 1534       7.975638089769e-11 
 1535       7.926428212849e-11 
 1536       7.877337474926e-11 
 1537       7.828380278214e-11 
 1538       7.779571096598e-11 
 1539       7.730924475746e-11 
 1540       7.682455033225e-11 
 1541       7.634176345198e-11 
 1542       7.586097594714e-11 
 1543       7.538226891832e-11 
 1544       7.490572384202e-11 
 1545       7.443142257131e-11 
 1546       7.395944733638e-11 
 1547       7.348988074511e-11 
 1548       7.302280578365e-11 
 1549       7.255830581703e-11 
 1550       7.209646458971e-11 
 1551       7.163736622617e-11 
 1552       7.118109523150e-11 
 1553       7.072773649198e-11 
 1554       7.027737527562e-11 
 1555       6.983009723281e-11 
 1556       6.938598839685e-11 
 1557       6.894513518454e-11 
 1558       6.850762439679e-11 
 1559       6.807354321914e-11 
 1560       6.764297922241e-11 
 1561       6.721602036322e-11 
 1562       6.679275498462e-11 
 1563       6.637327181665e-11 
 1564       6.595765997689e-11 
 1565       6.554600897110e-11 
 1566       6.513840869377e-11 
 1567       6.473494942868e-11 
 1568       6.433572184951e-11 
 1569       6.394081702043e-11 
 1570       6.355032639664e-11 
 1571       6.316434182498e-11 
 1572       6.278295554452e-11 
 1573       6.240626018709e-11 
 1574       6.203434877794e-11 
 1575       6.166731473624e-11 
 1576       6.130525187571e-11 
 1577       6.094825440519e-11 
 1578       6.059641692921e-11 
 1579       6.024983444858e-11 
 1580       5.990858733730e-11 
 1581       5.957269611996e-11 
 1582       5.924216627678e-11 
 1583       5.891700322916e-11 
 1584       5.859721233954e-11 
 1585       5.828279891123e-11 
 1586       5.797376818832e-11 
 1587       5.767012535550e-11 
 1588       5.737187553791e-11 
 1589       5.707902380106e-11 
 1590       5.679157515060e-11 
 1591       5.650953453225e-11 
 1592       5.623290683164e-11 
 1593       5.596169687416e-11 
 1594       5.569590942480e-11 
 1595       5.543554918806e-11 
 1596       5.518062080777e-11 
 1597       5.493112886695e-11 
 1598       5.468707788769e-11 
 1599       5.444847233100e-11 
 1600       5.421531659664e-11 
 1601       5.398761502304e-11 
 1602       5.376537188710e-11 
 1603       5.354859140408e-11 
 1604       5.333727772745e-11 
 1605       5.313143494873e-11 
 1606       5.293106709742e-11 
 1607       5.273617814075e-11 
 1608       5.254677198363e-11 
 1609       5.236285246848e-11 
 1610       5.218442337505e-11 
 1611       5.201148842035e-11 
 1612       5.184405125845e-11 
 1613       5.168211548038e-11 
 1614       5.152568461394e-11 
 1615       5.137476212362e-11 
 1616       5.122935141041e-11 
 1617       5.108945581168e-11 
 1618       5.095507860103e-11 
 1619       5.082621259884e-11 
 1620       5.070280890142e-11 
 1621       5.058480786901e-11 
 1622       5.047214948881e-11 
 1623       5.036477337442e-11 
 1624       5.026261876515e-11 
 1625       5.016562452549e-11 
 1626       5.007372914439e-11 
 1627       4.998687073476e-11 
 1628       4.990498703276e-11 
 1629       4.982801539722e-11 
 1630       4.975589280903e-11 
 1631       4.968855587050e-11 
 1632       4.962594080479e-11 
 1633       4.956798345523e-11 
 1634       4.951461928475e-11 
 1635       4.946578337524e-11 
 1636       4.942141042695e-11 
 1637       4.938143475787e-11 
 1638       4.934579030310e-11 
 1639       4.931441061425e-11 
 1640       4.928722885881e-11 
 1641       4.926417781955e-11 
 1642       4.924518989388e-11 
 1643       4.923019709326e-11 
 1644       4.921913104256e-11 
 1645       4.921192297947e-11 
 1646       4.920850375385e-11 
 1647       4.920880382714e-11 
 1648       4.921275327174e-11 
 1649       4.922028177037e-11 
 1650       4.923131861550e-11 
 1651       4.924579270868e-11 
 1652       4.926363255996e-11 
 1653       4.928476628726e-11 
 1654       4.930912161576e-11 
 1655       4.933662587727e-11 
 1656       4.936720600965e-11 
 1657       4.940078855612e-11 
 1658       4.943729860696e-11 
 1659       4.947665661524e-11 
 1660       4.951878155175e-11 
 1661       4.956359195950e-11 
 1662       4.961100595312e-11 
 1663       4.966094121814e-11 
 1664       4.971331501038e-11 
 1665       4.976804415525e-11 
 1666       4.982504504710e-11 
 1667       4.988423364855e-11 
 1668       4.994552548985e-11 
 1669       5.000883566819e-11 
 1670       5.007407884706e-11 
 1671       5.014116925556e-11 
 1672       5.021002068778e-11 
 1673       5.028054650207e-11 
 1674       5.035265962047e-11 
 1675       5.042627252795e-11 
 1676       5.050129727183e-11 
 1677       5.057764546105e-11 
 1678       5.065522826557e-11 
 1679       5.073395641564e-11 
 1680       5.081374020120e-11 
 1681       5.089448947118e-11 
 1682       5.097611363285e-11 
 1683       5.105852165116e-11 
 1684       5.114162204806e-11 
 1685       5.122532290187e-11 
 1686       5.130953184657e-11 
 1687       5.139415607118e-11 
 1688       5.147910231909e-11 
 1689       5.156427688738e-11 
 1690       5.164958562617e-11 
 1691       5.173493393794e-11 
 1692       5.182022677691e-11 
 1693       5.190536864832e-11 
 1694       5.199026360782e-11 
 1695       5.207481526077e-11 
 1696       5.215892676158e-11 
 1697       5.224250798212e-11 
 1698       5.232549708565e-11 
 1699       5.240783913758e-11 
 1700       5.248947895290e-11 
 1701       5.257036109585e-11 
 1702       5.265042987956e-11 
 1703       5.272962936564e-11 
 1704       5.280790336389e-11 
 1705       5.288519543187e-11 
 1706       5.296144887457e-11 
 1707       5.303660674404e-11 
 1708       5.311061183902e-11 
 1709       5.318340670458e-11 
 1710       5.325493363175e-11 
 1711       5.332513465718e-11 
 1712       5.339395156273e-11 
 1713       5.346132587515e-11 
 1714       5.352719886571e-11 
 1715       5.359151154980e-11 
 1716       5.365420468660e-11 
 1717       5.371521877871e-11 
 1718       5.377449407180e-11 
 1719       5.383197055419e-11 
 1720       5.388758795655e-11 
 1721       5.394128575151e-11 
 1722       5.399300315330e-11 
 1723       5.404267911737e-11 
 1724       5.409025234005e-11 
 1725       5.413566125815e-11 
 1726       5.417884404867e-11 
 1727       5.421973862833e-11 
 1728       5.425828265329e-11 
 1729       5.429441351877e-11 
 1730       5.432806835866e-11 
 1731       5.435918404516e-11 
 1732       5.438769718843e-11 
 1733       5.441354413625e-11 
 1734       5.443666097359e-11 
 1735       5.445698352231e-11 
 1736       5.447445740162e-11 
 1737       5.448906830316e-11 
 1738       5.450081197034e-11 
 1739       5.450968416076e-11 
 1740       5.451568064620e-11 
 1741       5.451879721265e-11 
 1742       5.451902966037e-11 
 1743       5.451637380389e-11 
 1744       5.451082547211e-11 
 1745       5.450238050827e-11 
 1746       5.449103477001e-11 
 1747       5.447678412942e-11 
 1748       5.445962447308e-11 
 1749       5.443955170205e-11 
 1750       5.441656173196e-11 
 1751       5.439065049301e-11 
 1752       5.436181393005e-11 
 1753       5.433004800256e-11 
 1754       5.429534868472e-11 
 1755       5.425771196544e-11 
 1756       5.421713384841e-11 
 1757       5.417361035209e-11 
 1758       5.412713750982e-11 
 1759       5.407771136979e-11 
 1760       5.402532799510e-11 
 1761       5.396998346381e-11 
 1762       5.391167386896e-11 
 1763       5.385039531861e-11 
 1764       5.378614393588e-11 
 1765       5.371891585897e-11 
 1766       5.364870724123e-11 
 1767       5.357551425115e-11 
 1768       5.349933307245e-11 
 1769       5.342015990407e-11 
 1770       5.333799096024e-11 
 1771       5.325282247047e-11 
 1772       5.316465067966e-11 
 1773       5.307347184806e-11 
 1774       5.297928225136e-11 
 1775       5.288208526019e-11 
 1776       5.278191264248e-11 
 1777       5.267880343680e-11 
 1778       5.257279688912e-11 
 1779       5.246393245308e-11 
 1780       5.235224979033e-11 
 1781       5.223778877083e-11 
 1782       5.212058947315e-11 
 1783       5.200069218478e-11 
 1784       5.187813740243e-11 
 1785       5.175296583232e-11 
 1786       5.162521839053e-11 
 1787       5.149493620328e-11 
 1788       5.136216060722e-11 
 1789       5.122693314977e-11 
 1790       5.108929558938e-11 
 1791       5.094928989588e-11 
 1792       5.080695825079e-11 
 1793       5.066234304757e-11 
 1794       5.051548689198e-11 
 1795       5.036643260237e-11 
 1796       5.021522320996e-11 
 1797       5.006190195919e-11 
 1798       4.990651230800e-11 
 1799       4.974909792813e-11 
 1800       4.958970270545e-11 
 1801       4.942837074024e-11 
 1802       4.926514634752e-11 
 1803       4.910007405732e-11 
 1804       4.893319861504e-11 
 1805       4.876456498170e-11 
 1806       4.859421833427e-11 
 1807       4.842220406600e-11 
 1808       4.824856778668e-11 
 1809       4.807335532297e-11 
 1810       4.789661271872e-11 
 1811       4.771838623524e-11 
 1812       4.753872235164e-11 
 1813       4.735766776510e-11 
 1814       4.717527023967e-11 
 1815       4.699158115928e-11 
 1816       4.680665299595e-11 
 1817       4.662053846347e-11 
 1818       4.643329051778e-11 
 1819       4.624496235733e-11 
 1820       4.605560742335e-11 
 1821       4.586527940025e-11 
 1822       4.567403221592e-11 
 1823       4.548192004209e-11 
 1824       4.528899729463e-11 
 1825       4.509531863394e-11 
 1826       4.490093896524e-11 
 1827       4.470591343895e-11 
 1828       4.451029745096e-11 
 1829       4.431414664304e-11 
 1830       4.411751690315e-11 
 1831       4.392046436575e-11 
 1832       4.372304541216e-11 
 1833       4.352531667092e-11 
 1834       4.332733501808e-11 
 1835       4.312915757757e-11 
 1836       4.293084172151e-11 
 1837       4.273244507058e-11 
 1838       4.253402549434e-11 
 1839       4.233564111155e-11 
 1840       4.213735029053e-11 
 1841       4.193921164949e-11 
 1842       4.174128405687e-11 
 1843       4.154362663167e-11 
 1844       4.134629874378e-11 
 1845       4.114936001435e-11 
 1846       4.095287031608e-11 
 1847       4.075688977358e-11 
 1848       4.056147876373e-11 
 1849       4.036669791596e-11 
 1850       4.017260811265e-11 
 1851       3.997927048942e-11 
 1852       3.978674643548e-11 
 1853       3.959509294763e-11 
 1854       3.940434865141e-11 
 1855       3.921454767021e-11 
 1856       3.902572426178e-11 
 1857       3.883791281839e-11 
 1858       3.865114786701e-11 
 1859       3.846546406950e-11 
 1860       3.828089622277e-11 
 1861       3.809747925895e-11 
 1862       3.791524824557e-11 
 1863       3.773423838574e-11 
 1864       3.755448501831e-11 
 1865       3.737602361807e-11 
 1866       3.719888979591e-11 
 1867       3.702311929896e-11 
 1868       3.684874801084e-11 
 1869       3.667581195176e-11 
 1870       3.650434727875e-11 
 1871       3.633439028578e-11 
 1872       3.616597740400e-11 
 1873       3.599914520186e-11 
 1874       3.583393038531e-11 
 1875       3.567036979796e-11 
 1876       3.550850042127e-11 
 1877       3.534835937471e-11 
 1878       3.518998391596e-11 
 1879       3.503341144104e-11 
 1880       3.487867948453e-11 
 1881       3.472582571972e-11 
 1882       3.457488795878e-11 
 1883       3.442590415296e-11 
 1884       3.427891239273e-11 
 1885       3.413395090800e-11 
 1886       3.399105806823e-11 
 1887       3.385027238266e-11 
 1888       3.371163250049e-11 
 1889       3.357517721098e-11 
 1890       3.344094544372e-11 
 1891       3.330897626873e-11 
 1892       3.317930227722e-11 
 1893       3.305192966743e-11 
 1894       3.292685800506e-11 
 1895       3.280408682875e-11 
 1896       3.268361564999e-11 
 1897       3.256544395307e-11 
 1898       3.244957119509e-11 
 1899       3.233599680583e-11 
 1900       3.222472018777e-11 
 1901       3.211574071601e-11 
 1902       3.200905773822e-11 
 1903       3.190467057461e-11 
 1904       3.180257851789e-11 
 1905       3.170278083317e-11 
 1906       3.160527675799e-11 
 1907       3.151006550221e-11 
 1908       3.141714624799e-11 
 1909       3.132651814973e-11 
 1910       3.123818033406e-11 
 1911       3.115213189972e-11 
 1912       3.106837191759e-11 
 1913       3.098689943060e-11 
 1914       3.090771345367e-11 
 1915       3.083081297372e-11 
 1916       3.075619694957e-11 
 1917       3.068386431189e-11 
 1918       3.061381396321e-11 
 1919       3.054604477779e-11 
 1920       3.048055560167e-11 
 1921       3.041734525251e-11 
 1922       3.035641251966e-11 
 1923       3.029775616401e-11 
 1924       3.024137491801e-11 
 1925       3.018726748560e-11 
 1926       3.013543254215e-11 
 1927       3.008586873445e-11 
 1928       3.003857468061e-11 
 1929       2.999354897005e-11 
 1930       2.995079016346e-11 
 1931       2.991029219167e-11 
 1932       2.987203051437e-11 
 1933       2.983597585643e-11 
 1934       2.980209879918e-11 
 1935       2.977036978025e-11 
 1936       2.974075909337e-11 
 1937       2.971323688817e-11 
 1938       2.968777316998e-11 
 1939       2.966433779964e-11 
 1940       2.964290049330e-11 
 1941       2.962343082223e-11 
 1942       2.960589821265e-11 
 1943       2.959027194545e-11 
 1944       2.957652115612e-11 
 1945       2.956461483443e-11 
 1946       2.955452182432e-11 
 1947       2.954621082368e-11 
 1948       2.953965038414e-11 
 1949       2.953480891089e-11 
 1950       2.953165466248e-11 
 1951       2.953015575061e-11 
 1952       2.953028013999e-11 
 1953       2.953199564805e-11 
 1954       2.953526994485e-11 
 1955       2.954007055280e-11 
 1956       2.954636484651e-11 
 1957       2.955412005259e-11 
 1958       2.956330324943e-11 
 1959       2.957388136704e-11 
 1960       2.958582118682e-11 
 1961       2.959908934139e-11 
 1962       2.961365231440e-11 
 1963       2.962947644029e-11 
 1964       2.964652790416e-11 
 1965       2.966477274151e-11 
 1966       2.968417683810e-11 
 1967       2.970470592970e-11 
 1968       2.972632560196e-11 
 1969       2.974900129014e-11 
 1970       2.977269786262e-11 
 1971       2.979737836812e-11 
 1972       2.982300527877e-11 
 1973       2.984954090539e-11 
 1974       2.987694739730e-11 
 1975       2.990518674211e-11 
 1976       2.993422076550e-11 
 1977       2.996401113103e-11 
 1978       2.999451933993e-11 
 1979       3.002570673087e-11 
 1980       3.005753447977e-11 
 1981       3.008996359960e-11 
 1982       3.012295494014e-11 
 1983       3.015646918781e-11 
 1984       3.019046686544e-11 
 1985       3.022490833205e-11 
 1986       3.025975378267e-11 
 1987       3.029496324814e-11 
 1988       3.033049659484e-11 
 1989       3.036631352454e-11 
 1990       3.040237357419e-11 
 1991       3.043863611567e-11 
 1992       3.047506035562e-11 
 1993       3.051160533524e-11 
 1994       3.054822993002e-11 
 1995       3.058489284960e-11 
 1996       3.062155263753e-11 
 1997       3.065816767107e-11 
 1998       3.069469616098e-11 
 1999       3.073109615130e-11 
 2000       3.076732551915e-11 
 2001       3.080334197455e-11 
 2002       3.083910306015e-11 
 2003       3.087456615109e-11 
 2004       3.090968845473e-11 
 2005       3.094442701050e-11 
 2006       3.097873868964e-11 
 2007       3.101258019502e-11 
 2008       3.104590806094e-11 
 2009       3.107868194878e-11 
 2010       3.111087456077e-11 
 2011       3.114246179803e-11 
 2012       3.117341947117e-11 
 2013       3.120372330015e-11 
 2014       3.123334891416e-11 
 2015       3.126227185156e-11 
 2016       3.129046755971e-11 
 2017       3.131791139490e-11 
 2018       3.134457862222e-11 
 2019       3.137044441545e-11 
 2020       3.139548385697e-11 
 2021       3.141967193762e-11 
 2022       3.144298355662e-11 
 2023       3.146539352144e-11 
 2024       3.148687654769e-11 
 2025       3.150740725901e-11 
 2026       3.152696018698e-11 
 2027       3.154550977098e-11 
 2028       3.156303035809e-11 
 2029       3.157949620300e-11 
 2030       3.159488146787e-11 
 2031       3.160916022224e-11 
 2032       3.162230644290e-11 
 2033       3.163429401380e-11 
 2034       3.164509672593e-11 
 2035       3.165468827723e-11 
 2036       3.166304227242e-11 
 2037       3.167013222297e-11 
 2038       3.167593154694e-11 
 2039       3.168041356886e-11 
 2040       3.168355151966e-11 
 2041       3.168531853654e-11 
 2042       3.168568766286e-11 
 2043       3.168463184802e-11 
 2044       3.168212394736e-11 
 2045       3.167813672205e-11 
 2046       3.167264283899e-11 
 2047       3.166561487067e-11 
 2048       3.165702991330e-11 
 2049       3.164688347736e-11 
 2050       3.163517569613e-11 
 2051       3.162190671645e-11 
 2052       3.160707669877e-11 
 2053       3.159068581721e-11 
 2054       3.157273425950e-11 
 2055       3.155322222709e-11 
 2056       3.153214993510e-11 
 2057       3.150951761238e-11 
 2058       3.148532550155e-11 
 2059       3.145957385895e-11 
 2060       3.143226295473e-11 
 2061       3.140339307286e-11 
 2062       3.137296451112e-11 
 2063       3.134097758116e-11 
 2064       3.130743260850e-11 
 2065       3.127232993254e-11 
 2066       3.123566990661e-11 
 2067       3.119745289799e-11 
 2068       3.115767928790e-11 
 2069       3.111634947157e-11 
 2070       3.107346385821e-11 
 2071       3.102902287107e-11 
 2072       3.098302694744e-11 
 2073       3.093547653869e-11 
 2074       3.088637211028e-11 
 2075       3.083571414178e-11 
 2076       3.078350312690e-11 
 2077       3.072973957350e-11 
 2078       3.067442400363e-11 
 2079       3.061755695354e-11 
 2080       3.055913897368e-11 
 2081       3.049917062879e-11 
 2082       3.043765249783e-11 
 2083       3.037458517408e-11 
 2084       3.030996926511e-11 
 2085       3.024380539284e-11 
 2086       3.017609419353e-11 
 2087       3.010683958655e-11 
 2088       3.003605860564e-11 
 2089       2.996377163664e-11 
 2090       2.988999915516e-11 
 2091       2.981476172664e-11 
 2092       2.973808000650e-11 
 2093       2.965997474025e-11 
 2094       2.958046676357e-11 
 2095       2.949957700247e-11 
 2096       2.941732647336e-11 
 2097       2.933373628319e-11 
 2098       2.924882762955e-11 
 2099       2.916262180078e-11 
 2100       2.907514017606e-11 
 2101       2.898640422560e-11 
 2102       2.889643551064e-11 
 2103       2.880525568365e-11 
 2104       2.871288648842e-11 
 2105       2.861934976014e-11 
 2106       2.852466742554e-11 
 2107       2.842886150301e-11 
 2108       2.833195410269e-11 
 2109       2.823396742658e-11 
 2110       2.813492376868e-11 
 2111       2.803484551507e-11 
 2112       2.793375514405e-11 
 2113       2.783167522621e-11 
 2114       2.772862842462e-11 
 2115       2.762463749483e-11 
 2116       2.751972528508e-11 
 2117       2.741391473638e-11 
 2118       2.730722888259e-11 
 2119       2.719969085057e-11 
 2120       2.709132386029e-11 
 2121       2.698215122493e-11 
 2122       2.687219635097e-11 
 2123       2.676148273835e-11 
 2124       2.665003398055e-11 
 2125       2.653787376471e-11 
 2126       2.642502628446e-11 
 2127       2.631151748132e-11 
 2128       2.619737381207e-11 
 2129       2.608262183691e-11 
 2130       2.596728821964e-11 
 2131       2.585139972771e-11 
 2132       2.573498323241e-11 
 2133       2.561806570893e-11 
 2134       2.550067423654e-11 
 2135       2.538283599866e-11 
 2136       2.526457828304e-11 
 2137       2.514592848183e-11 
 2138       2.502691409173e-11 
 2139       2.490756271410e-11 
 2140       2.478790205512e-11 
 2141       2.466795992584e-11 
 2142       2.454776424238e-11 
 2143       2.442734302600e-11 
 2144       2.430672440325e-11 
 2145       2.418593660607e-11 
 2146       2.406500797195e-11 
 2147       2.394396694402e-11 
 2148       2.382284207117e-11 
 2149       2.370166200820e-11 
 2150       2.358045551591e-11 
 2151       2.345925146127e-11 
 2152       2.333807881749e-11 
 2153       2.321696666416e-11 
 2154       2.309594418741e-11 
 2155       2.297504067997e-11 
 2156       2.285428554133e-11 
 2157       2.273370827788e-11 
 2158       2.261333850299e-11 
 2159       2.249320593715e-11 
 2160       2.237334040810e-11 
 2161       2.225377185095e-11 
 2162       2.213453030830e-11 
 2163       2.201564593037e-11 
 2164       2.189714897510e-11 
 2165       2.177906767498e-11 
 2166       2.166142182137e-11 
 2167       2.154422913705e-11 
 2168       2.142750740563e-11 
 2169       2.131127447166e-11 
 2170       2.119554824067e-11 
 2171       2.108034667925e-11 
 2172       2.096568781510e-11 
 2173       2.085158973715e-11 
 2174       2.073807059556e-11 
 2175       2.062514860182e-11 
 2176       2.051284202885e-11 
 2177       2.040116921100e-11 
 2178       2.029014854417e-11 
 2179       2.017979848587e-11 
 2180       2.007013755527e-11 
 2181       1.996118433328e-11 
 2182       1.985295746263e-11 
 2183       1.974547564790e-11 
 2184       1.963875765564e-11 
 2185       1.953282231440e-11 
 2186       1.942768851481e-11 
 2187       1.932337520965e-11 
 2188       1.921990141391e-11 
 2189       1.911728620488e-11 
 2190       1.901554872218e-11 
 2191       1.891470816788e-11 
 2192       1.881478380650e-11 
 2193       1.871579496516e-11 
 2194       1.861776103357e-11 
 2195       1.852070146415e-11 
 2196       1.842463577209e-11 
 2197       1.832958353539e-11 
 2198       1.823556439496e-11 
 2199       1.814259805467e-11 
 2200       1.805070428143e-11 
 2201       1.795990290525e-11 
 2202       1.787021381932e-11 
 2203       1.778165698004e-11 
 2204       1.769424929576e-11 
 2205       1.760799527005e-11 
 2206       1.752289629640e-11 
 2207       1.743895376394e-11 
 2208       1.735616905741e-11 
 2209       1.727454355721e-11 
 2210       1.719407863934e-11 
 2211       1.711477567540e-11 
 2212       1.703663603259e-11 
 2213       1.695966107373e-11 
 2214       1.688385215717e-11 
 2215       1.680921063688e-11 
 2216       1.673573786237e-11 
 2217       1.666343517871e-11 
 2218       1.659230392652e-11 
 2219       1.652234544195e-11 
 2220       1.645356105668e-11 
 2221       1.638595209794e-11 
 2222       1.631951988842e-11 
 2223       1.625426574636e-11 
 2224       1.619019098547e-11 
 2225       1.612729691496e-11 
 2226       1.606558483950e-11 
 2227       1.600505605925e-11 
 2228       1.594571186981e-11 
 2229       1.588755356224e-11 
 2230       1.583058242306e-11 
 2231       1.577479973420e-11 
 2232       1.572020677302e-11 
 2233       1.566680481230e-11 
 2234       1.561459512023e-11 
 2235       1.556357896041e-11 
 2236       1.551375759180e-11 
 2237       1.546513226878e-11 
 2238       1.541770424108e-11 
 2239       1.537147475380e-11 
 2240       1.532644504739e-11 
 2241       1.528261635766e-11 
 2242       1.523998991576e-11 
 2243       1.519856466417e-11 
 2244       1.515833038849e-11 
 2245       1.511927454082e-11 
 2246       1.508138451961e-11 
 2247       1.504464766959e-11 
 2248       1.500905128174e-11 
 2249       1.497458259318e-11 
 2250       1.494122878712e-11 
 2251       1.490897699283e-11 
 2252       1.487781428553e-11 
 2253       1.484772768638e-11 
 2254       1.481870416235e-11 
 2255       1.479073062621e-11 
 2256       1.476379393645e-11 
 2257       1.473788089722e-11 
 2258       1.471297825825e-11 
 2259       1.468907271483e-11 
 2260       1.466615090767e-11 
 2261       1.464419942293e-11 
 2262       1.462320479209e-11 
 2263       1.460315349191e-11 
 2264       1.458403194435e-11 
 2265       1.456582651656e-11 
 2266       1.454852352075e-11 
 2267       1.453210921416e-11 
 2268       1.451656979898e-11 
 2269       1.450189142233e-11 
 2270       1.448806017615e-11 
 2271       1.447506209714e-11 
 2272       1.446288316674e-11 
 2273       1.445150931100e-11 
 2274       1.444092640058e-11 
 2275       1.443112025067e-11 
 2276       1.442207662087e-11 
 2277       1.441378121523e-11 
 2278       1.440621968210e-11 
 2279       1.439937761410e-11 
 2280       1.439324054807e-11 
 2281       1.438779396497e-11 
 2282       1.438302286614e-11 
 2283       1.437891049905e-11 
 2284       1.437543962324e-11 
 2285       1.437259293321e-11 
 2286       1.437035305835e-11 
 2287       1.436870256287e-11 
 2288       1.436762394571e-11 
 2289       1.436709964050e-11 
 2290       1.436711201547e-11 
 2291       1.436764337335e-11 
 2292       1.436867595135e-11 
 2293       1.437019192105e-11 
 2294       1.437217338834e-11 
 2295       1.437460239334e-11 
 2296       1.437746091033e-11 
 2297       1.438073084768e-11 
 2298       1.438439404779e-11 
 2299       1.438843228697e-11 
 2300       1.439282727544e-11 
 2301       1.439756065720e-11 
 2302       1.440261400995e-11 
 2303       1.440796884507e-11 
 2304       1.441360660753e-11 
 2305       1.441950867576e-11 
 2306       1.442565636167e-11 
 2307       1.443203091050e-11 
 2308       1.443861350079e-11 
 2309       1.444538524428e-11 
 2310       1.445232718588e-11 
 2311       1.445942030353e-11 
 2312       1.446664550820e-11 
 2313       1.447398364377e-11 
 2314       1.448141548695e-11 
 2315       1.448892174725e-11 
 2316       1.449648306689e-11 
 2317       1.450408002070e-11 
 2318       1.451169311607e-11 
 2319       1.451930279290e-11 
 2320       1.452688942347e-11 
 2321       1.453443461154e-11 
 2322       1.454192509857e-11 
 2323       1.454934888197e-11 
 2324       1.455669391818e-11 
 2325       1.456394812263e-11 
 2326       1.457109936969e-11 
 2327       1.457813549262e-11 
 2328       1.458504428353e-11 
 2329       1.459181349335e-11 
 2330       1.459843083176e-11 
 2331       1.460488396717e-11 
 2332       1.461116052667e-11 
 2333       1.461724809598e-11 
 2334       1.462313421939e-11 
 2335       1.462880639977e-11 
 2336       1.463425209845e-11 
 2337       1.463945873526e-11 
 2338       1.464441368841e-11 
 2339       1.464910429449e-11 
 2340       1.465351784841e-11 
 2341       1.465764160337e-11 
 2342       1.466146277081e-11 
 2343       1.466496852035e-11 
 2344       1.466814597976e-11 
 2345       1.467098223492e-11 
 2346       1.467346432978e-11 
 2347       1.467557926629e-11 
 2348       1.467731400439e-11 
 2349       1.467865546193e-11 
 2350       1.467959051467e-11 
 2351       1.468010599619e-11 
 2352       1.468018869787e-11 
 2353       1.467982536886e-11 
 2354       1.467900271600e-11 
 2355       1.467770740381e-11 
 2356       1.467592605442e-11 
 2357       1.467364524755e-11 
 2358       1.467085152044e-11 
 2359       1.466753136784e-11 
 2360       1.466367326677e-11 
 2361       1.465927376475e-11 
 2362       1.465433142931e-11 
 2363       1.464884482649e-11 
 2364       1.464281252092e-11 
 2365       1.463623307577e-11 
 2366       1.462910505280e-11 
 2367       1.462142701228e-11 
 2368       1.461319751306e-11 
 2369       1.460441511256e-11 
 2370       1.459507836673e-11 
 2371       1.458518583010e-11 
 2372       1.457473605573e-11 
 2373       1.456372759525e-11 
 2374       1.455215899884e-11 
 2375       1.454002881525e-11 
 2376       1.452733559175e-11 
 2377       1.451407787421e-11 
 2378       1.450025420700e-11 
 2379       1.448586313308e-11 
 2380       1.447090319396e-11 
 2381       1.445537292968e-11 
 2382       1.443927087886e-11 
 2383       1.442259557865e-11 
 2384       1.440534556476e-11 
 2385       1.438751937146e-11 
 2386       1.436911553154e-11 
 2387       1.435013257638e-11 
 2388       1.433056903587e-11 
 2389       1.431042343849e-11 
 2390       1.428969431124e-11 
 2391       1.426838017967e-11 
 2392       1.424647956790e-11 
 2393       1.422399099857e-11 
 2394       1.420091299289e-11 
 2395       1.417724407060e-11 
 2396       1.415298275001e-11 
 2397       1.412812754795e-11 
 2398       1.410267697982e-11 
 2399       1.407663096858e-11 
 2400       1.404999508130e-11 
 2401       1.402277631851e-11 
 2402       1.399498170748e-11 
 2403       1.396661830231e-11 
 2404       1.393769318395e-11 
 2405       1.390821346018e-11 
 2406       1.387818626570e-11 
 2407       1.384761876214e-11 
 2408       1.381651813805e-11 
 2409       1.378489160900e-11 
 2410       1.375274641754e-11 
 2411       1.372008983328e-11 
 2412       1.368692915288e-11 
 2413       1.365327170013e-11 
 2414       1.361912482592e-11 
 2415       1.358449590829e-11 
 2416       1.354939235248e-11 
 2417       1.351382159096e-11 
 2418       1.347779108340e-11 
 2419       1.344130831678e-11 
 2420       1.340438080536e-11 
 2421       1.336701609074e-11 
 2422       1.332922174188e-11 
 2423       1.329100535512e-11 
 2424       1.325237455422e-11 
 2425       1.321333699039e-11 
 2426       1.317390034232e-11 
 2427       1.313407231618e-11 
 2428       1.309386064570e-11 
 2429       1.305327309216e-11 
 2430       1.301231744444e-11 
 2431       1.297100151902e-11 
 2432       1.292933316006e-11 
 2433       1.288732023936e-11 
 2434       1.284497065647e-11 
 2435       1.280229233864e-11 
 2436       1.275929324091e-11 
 2437       1.271598134610e-11 
 2438       1.267236539472e-11 
 2439       1.262845707931e-11 
 2440       1.258426886335e-11 
 2441       1.253981325262e-11 
 2442       1.249510279523e-11 
 2443       1.245015008168e-11 
 2444       1.240496774491e-11 
 2445       1.235956846033e-11 
 2446       1.231396494587e-11 
 2447       1.226816996204e-11 
 2448       1.222219631192e-11 
 2449       1.217605684127e-11 
 2450       1.212976443854e-11 
 2451       1.208333203492e-11 
 2452       1.203677260436e-11 
 2453       1.199009916367e-11 
 2454       1.194332477251e-11 
 2455       1.189646253344e-11 
 2456       1.184952559200e-11 
 2457       1.180252713673e-11 
 2458       1.175548039920e-11 
 2459       1.170839865408e-11 
 2460       1.166129521917e-11 
 2461       1.161418345543e-11 
 2462       1.156707676707e-11 
 2463       1.151998860153e-11 
 2464       1.147293244959e-11 
 2465       1.142592184535e-11 
 2466       1.137897036632e-11 
 2467       1.133209163345e-11 
 2468       1.128529931117e-11 
 2469       1.123860710743e-11 
 2470       1.119202877375e-11 
 2471       1.114557810528e-11 
 2472       1.109926894080e-11 
 2473       1.105311516281e-11 
 2474       1.100713069756e-11 
 2475       1.096132951506e-11 
 2476       1.091572562917e-11 
 2477       1.087032946921e-11 
 2478       1.082513697120e-11 
 2479       1.078014042224e-11 
 2480       1.073533208301e-11 
 2481       1.069070418774e-11 
 2482       1.064624894424e-11 
 2483       1.060195853380e-11 
 2484       1.055782511121e-11 
 2485       1.051384080471e-11 
 2486       1.046999771599e-11 
 2487       1.042628792013e-11 
 2488       1.038270346558e-11 
 2489       1.033923637416e-11 
 2490       1.029587864101e-11 
 2491       1.025262223455e-11 
 2492       1.020945909648e-11 
 2493       1.016638114173e-11 
 2494       1.012338025847e-11 
 2495       1.008044830804e-11 
 2496       1.003757712493e-11 
 2497       9.994758516783e-12 
 2498       9.951984264333e-12 
 2499       9.909246121400e-12 
 2500       9.866535814852e-12 
