# dimensionless total [l(l+1)/2pi] C_l's
# for l=2 to 2500, i.e. number of multipoles equal to 2499
#
# -> if you prefer output in CAMB/HealPix/LensPix units/order, set 'format' to 'camb' in input file
# -> if you don't want to see such a header, set 'headers' to 'no' in input file
#
# 1:l     2:TT                 
    2       1.373570198262e-10 
    3       1.300282410529e-10 
    4       1.230888087806e-10 
    5       1.178846135850e-10 
    6       1.143070028828e-10 
    7       1.120243846532e-10 
    8       1.106851368116e-10 
    9       1.100561336056e-10 
   10       1.099484473354e-10 
   11       1.102465540774e-10 
   12       1.108924979978e-10 
   13       1.117689094519e-10 
   14       1.127975081748e-10 
   15       1.140038117243e-10 
   16       1.153945011113e-10 
   17       1.168430467360e-10 
   18       1.183930623785e-10 
   19       1.200599217606e-10 
   20       1.217762932422e-10 
   21       1.235559949909e-10 
   22       1.254060795569e-10 
   23       1.273166791338e-10 
   24       1.292541454347e-10 
   25       1.312294673486e-10 
   26       1.332533166590e-10 
   27       1.353334311676e-10 
   28       1.374584590784e-10 
   29       1.396030942702e-10 
   30       1.417745330051e-10 
   31       1.439808739143e-10 
   32       1.462210498892e-10 
   33       1.484970162294e-10 
   34       1.508036931188e-10 
   35       1.531302526638e-10 
   36       1.554799805281e-10 
   37       1.578557278250e-10 
   38       1.602537100722e-10 
   39       1.626672080531e-10 
   40       1.651009803715e-10 
   41       1.675605320166e-10 
   42       1.700477073863e-10 
   43       1.725620356140e-10 
   44       1.751062195062e-10 
   45       1.776816809240e-10 
   46       1.802866802256e-10 
   47       1.829160255697e-10 
   48       1.855635501483e-10 
   49       1.882310479243e-10 
   50       1.909213573190e-10 
   51       1.936356674069e-10 
   52       1.963733684395e-10 
   53       1.991332433015e-10 
   54       2.019177456419e-10 
   55       2.047295613189e-10 
   56       2.075702726066e-10 
   57       2.104402649431e-10 
   58       2.133386336780e-10 
   59       2.162639987444e-10 
   60       2.192173813940e-10 
   61       2.221998319030e-10 
   62       2.252115191878e-10 
   63       2.282516683305e-10 
   64       2.313184981033e-10 
   65       2.344101914147e-10 
   66       2.375281858547e-10 
   67       2.406744704090e-10 
   68       2.438505810758e-10 
   69       2.470575672831e-10 
   70       2.502959583065e-10 
   71       2.535657296874e-10 
   72       2.568666808365e-10 
   73       2.601997263853e-10 
   74       2.635657931751e-10 
   75       2.669654072508e-10 
   76       2.703986696668e-10 
   77       2.738652322918e-10 
   78       2.773642736154e-10 
   79       2.808944745527e-10 
   80       2.844545581007e-10 
   81       2.880450694651e-10 
   82       2.916668623609e-10 
   83       2.953205490800e-10 
   84       2.990064867382e-10 
   85       3.027247635225e-10 
   86       3.064751849386e-10 
   87       3.102572600576e-10 
   88       3.140701877640e-10 
   89       3.179131800524e-10 
   90       3.217865200190e-10 
   91       3.256906452689e-10 
   92       3.296258170581e-10 
   93       3.335921115903e-10 
   94       3.375894113139e-10 
   95       3.416173962181e-10 
   96       3.456755351300e-10 
   97       3.497630770114e-10 
   98       3.538790422551e-10 
   99       3.580224689638e-10 
  100       3.621932104024e-10 
  101       3.663912348554e-10 
  102       3.706163751797e-10 
  103       3.748683231923e-10 
  104       3.791466240573e-10 
  105       3.834506706738e-10 
  106       3.877796980627e-10 
  107       3.921327777547e-10 
  108       3.965088121770e-10 
  109       4.009065290413e-10 
  110       4.053247032434e-10 
  111       4.097628668826e-10 
  112       4.142206800285e-10 
  113       4.186977079931e-10 
  114       4.231934179543e-10 
  115       4.277071755794e-10 
  116       4.322382416480e-10 
  117       4.367857686758e-10 
  118       4.413487975379e-10 
  119       4.459262540920e-10 
  120       4.505169458019e-10 
  121       4.551195583610e-10 
  122       4.597326523155e-10 
  123       4.643548313168e-10 
  124       4.689852759583e-10 
  125       4.736232651888e-10 
  126       4.782680081713e-10 
  127       4.829186422563e-10 
  128       4.875742309560e-10 
  129       4.922337619180e-10 
  130       4.968961448985e-10 
  131       5.015602097365e-10 
  132       5.062247043276e-10 
  133       5.108882925972e-10 
  134       5.155495524748e-10 
  135       5.202069738673e-10 
  136       5.248589566331e-10 
  137       5.295039511575e-10 
  138       5.341409007878e-10 
  139       5.387688415522e-10 
  140       5.433867625552e-10 
  141       5.479936048564e-10 
  142       5.525882603491e-10 
  143       5.571695706394e-10 
  144       5.617363259249e-10 
  145       5.662872638736e-10 
  146       5.708210685028e-10 
  147       5.753363690579e-10 
  148       5.798317388912e-10 
  149       5.843056943407e-10 
  150       5.887566936093e-10 
  151       5.931831356430e-10 
  152       5.975833590106e-10 
  153       6.019557630409e-10 
  154       6.062991862654e-10 
  155       6.106125611733e-10 
  156       6.148947946192e-10 
  157       6.191447673245e-10 
  158       6.233613333788e-10 
  159       6.275433197415e-10 
  160       6.316895257435e-10 
  161       6.357987225885e-10 
  162       6.398696528542e-10 
  163       6.439010299947e-10 
  164       6.478915378409e-10 
  165       6.518398301029e-10 
  166       6.557445298710e-10 
  167       6.596042291175e-10 
  168       6.634174881980e-10 
  169       6.671828353529e-10 
  170       6.708987662092e-10 
  171       6.745638420223e-10 
  172       6.781769946397e-10 
  173       6.817372461287e-10 
  174       6.852436122299e-10 
  175       6.886951022612e-10 
  176       6.920907190226e-10 
  177       6.954294587002e-10 
  178       6.987103107708e-10 
  179       7.019322579062e-10 
  180       7.050942758774e-10 
  181       7.081953334593e-10 
  182       7.112343923348e-10 
  183       7.142104069991e-10 
  184       7.171223246645e-10 
  185       7.199690851644e-10 
  186       7.227496208574e-10 
  187       7.254628565325e-10 
  188       7.281077093127e-10 
  189       7.306830885598e-10 
  190       7.331878957783e-10 
  191       7.356210978986e-10 
  192       7.379819534619e-10 
  193       7.402698032554e-10 
  194       7.424839986037e-10 
  195       7.446239015132e-10 
  196       7.466888848160e-10 
  197       7.486783323153e-10 
  198       7.505916389292e-10 
  199       7.524282108355e-10 
  200       7.541874656158e-10 
  201       7.558688324006e-10 
  202       7.574717520132e-10 
  203       7.589956771146e-10 
  204       7.604400723475e-10 
  205       7.618044144812e-10 
  206       7.630881925562e-10 
  207       7.642909080279e-10 
  208       7.654120749120e-10 
  209       7.664512199283e-10 
  210       7.674078826458e-10 
  211       7.682816156265e-10 
  212       7.690719845703e-10 
  213       7.697786080206e-10 
  214       7.704012791637e-10 
  215       7.709398525374e-10 
  216       7.713942054562e-10 
  217       7.717642382601e-10 
  218       7.720498745628e-10 
  219       7.722510615009e-10 
  220       7.723677699819e-10 
  221       7.723999949334e-10 
  222       7.723477555513e-10 
  223       7.722110955487e-10 
  224       7.719900834045e-10 
  225       7.716848126116e-10 
  226       7.712954019264e-10 
  227       7.708219956166e-10 
  228       7.702647637101e-10 
  229       7.696239022438e-10 
  230       7.688996335121e-10 
  231       7.680922063154e-10 
  232       7.672018962090e-10 
  233       7.662290057513e-10 
  234       7.651738647531e-10 
  235       7.640368305256e-10 
  236       7.628182881292e-10 
  237       7.615186506222e-10 
  238       7.601383550701e-10 
  239       7.586778497900e-10 
  240       7.571376068156e-10 
  241       7.555181263054e-10 
  242       7.538199367824e-10 
  243       7.520435953738e-10 
  244       7.501896880508e-10 
  245       7.482588298680e-10 
  246       7.462516652033e-10 
  247       7.441688679976e-10 
  248       7.420111419944e-10 
  249       7.397792209794e-10 
  250       7.374738690205e-10 
  251       7.350958807070e-10 
  252       7.326460813897e-10 
  253       7.301253274206e-10 
  254       7.275345063920e-10 
  255       7.248745373771e-10 
  256       7.221463711688e-10 
  257       7.193509905199e-10 
  258       7.164894103828e-10 
  259       7.135626781487e-10 
  260       7.105718738880e-10 
  261       7.075181105893e-10 
  262       7.044025343997e-10 
  263       7.012263248637e-10 
  264       6.979906951639e-10 
  265       6.946968923597e-10 
  266       6.913461398808e-10 
  267       6.879394610518e-10 
  268       6.844778464508e-10 
  269       6.809623109347e-10 
  270       6.773938937813e-10 
  271       6.737736588317e-10 
  272       6.701026946320e-10 
  273       6.663821145757e-10 
  274       6.626130570457e-10 
  275       6.587966855566e-10 
  276       6.549341888964e-10 
  277       6.510267812691e-10 
  278       6.470757024365e-10 
  279       6.430822178603e-10 
  280       6.390476188445e-10 
  281       6.349732226771e-10 
  282       6.308603727727e-10 
  283       6.267104388141e-10 
  284       6.225248168949e-10 
  285       6.183049296612e-10 
  286       6.140522264539e-10 
  287       6.097681834509e-10 
  288       6.054543038091e-10 
  289       6.011121178064e-10 
  290       5.967431829841e-10 
  291       5.923490842887e-10 
  292       5.879314342145e-10 
  293       5.834918729449e-10 
  294       5.790320684953e-10 
  295       5.745537168549e-10 
  296       5.700585421287e-10 
  297       5.655481923061e-10 
  298       5.610239206586e-10 
  299       5.564868890999e-10 
  300       5.519382711612e-10 
  301       5.473792519923e-10 
  302       5.428110283618e-10 
  303       5.382348086580e-10 
  304       5.336518128892e-10 
  305       5.290632726847e-10 
  306       5.244704312950e-10 
  307       5.198745435925e-10 
  308       5.152768760723e-10 
  309       5.106787068525e-10 
  310       5.060813256751e-10 
  311       5.014860339064e-10 
  312       4.968941445377e-10 
  313       4.923069821857e-10 
  314       4.877258830934e-10 
  315       4.831521951306e-10 
  316       4.785872777942e-10 
  317       4.740325022092e-10 
  318       4.694892511293e-10 
  319       4.649589189371e-10 
  320       4.604429116450e-10 
  321       4.559426468958e-10 
  322       4.514595539633e-10 
  323       4.469950737527e-10 
  324       4.425506588013e-10 
  325       4.381277732795e-10 
  326       4.337278929906e-10 
  327       4.293525053720e-10 
  328       4.250031094957e-10 
  329       4.206812160689e-10 
  330       4.163883474343e-10 
  331       4.121260375711e-10 
  332       4.078957140745e-10 
  333       4.036983384064e-10 
  334       3.995347499471e-10 
  335       3.954057824727e-10 
  336       3.913122640283e-10 
  337       3.872550168000e-10 
  338       3.832348569875e-10 
  339       3.792525946766e-10 
  340       3.753090337118e-10 
  341       3.714049715686e-10 
  342       3.675411992263e-10 
  343       3.637185010400e-10 
  344       3.599376546138e-10 
  345       3.561994306725e-10 
  346       3.525045929349e-10 
  347       3.488538979856e-10 
  348       3.452480951478e-10 
  349       3.416879263559e-10 
  350       3.381741260279e-10 
  351       3.347074209378e-10 
  352       3.312885300882e-10 
  353       3.279181645827e-10 
  354       3.245970274987e-10 
  355       3.213258137594e-10 
  356       3.181052100067e-10 
  357       3.149358944735e-10 
  358       3.118185368563e-10 
  359       3.087537981877e-10 
  360       3.057423307087e-10 
  361       3.027847777415e-10 
  362       2.998817735617e-10 
  363       2.970339432711e-10 
  364       2.942419026699e-10 
  365       2.915062581293e-10 
  366       2.888276064642e-10 
  367       2.862065348054e-10 
  368       2.836436204722e-10 
  369       2.811394308450e-10 
  370       2.786945232377e-10 
  371       2.763093835302e-10 
  372       2.739842396807e-10 
  373       2.717192406714e-10 
  374       2.695145169102e-10 
  375       2.673701800502e-10 
  376       2.652863228086e-10 
  377       2.632630187861e-10 
  378       2.613003222860e-10 
  379       2.593982681339e-10 
  380       2.575568714964e-10 
  381       2.557761277006e-10 
  382       2.540560120533e-10 
  383       2.523964796603e-10 
  384       2.507974652459e-10 
  385       2.492588829714e-10 
  386       2.477806262551e-10 
  387       2.463625675913e-10 
  388       2.450045583695e-10 
  389       2.437064286935e-10 
  390       2.424679872010e-10 
  391       2.412890208826e-10 
  392       2.401692949013e-10 
  393       2.391085524112e-10 
  394       2.381065143774e-10 
  395       2.371628793949e-10 
  396       2.362773235080e-10 
  397       2.354495000292e-10 
  398       2.346790393590e-10 
  399       2.339655488047e-10 
  400       2.333086124000e-10 
  401       2.327077907237e-10 
  402       2.321626207198e-10 
  403       2.316726155157e-10 
  404       2.312372642425e-10 
  405       2.308560318536e-10 
  406       2.305283589439e-10 
  407       2.302536615695e-10 
  408       2.300313310666e-10 
  409       2.298607338710e-10 
  410       2.297412518727e-10 
  411       2.296724054250e-10 
  412       2.296537343373e-10 
  413       2.296847575815e-10 
  414       2.297649731401e-10 
  415       2.298938578544e-10 
  416       2.300708672725e-10 
  417       2.302954354975e-10 
  418       2.305669750357e-10 
  419       2.308848766446e-10 
  420       2.312485091808e-10 
  421       2.316572194485e-10 
  422       2.321103320476e-10 
  423       2.326071492214e-10 
  424       2.331469507051e-10 
  425       2.337289935740e-10 
  426       2.343525120910e-10 
  427       2.350167175556e-10 
  428       2.357207981512e-10 
  429       2.364639187937e-10 
  430       2.372452209795e-10 
  431       2.380638226336e-10 
  432       2.389188179576e-10 
  433       2.398092772781e-10 
  434       2.407342468946e-10 
  435       2.416927489275e-10 
  436       2.426837811665e-10 
  437       2.437063169187e-10 
  438       2.447593048564e-10 
  439       2.458416688656e-10 
  440       2.469523078938e-10 
  441       2.480900957983e-10 
  442       2.492538811943e-10 
  443       2.504424873029e-10 
  444       2.516547117995e-10 
  445       2.528893266615e-10 
  446       2.541450780166e-10 
  447       2.554206859912e-10 
  448       2.567148445581e-10 
  449       2.580263430048e-10 
  450       2.593544349762e-10 
  451       2.606984810787e-10 
  452       2.620578282606e-10 
  453       2.634318097324e-10 
  454       2.648197448874e-10 
  455       2.662209392214e-10 
  456       2.676346842536e-10 
  457       2.690602574470e-10 
  458       2.704969221281e-10 
  459       2.719439274082e-10 
  460       2.734005081028e-10 
  461       2.748658846525e-10 
  462       2.763392630435e-10 
  463       2.778198347272e-10 
  464       2.793067765414e-10 
  465       2.807992506301e-10 
  466       2.822964043640e-10 
  467       2.837973702610e-10 
  468       2.853012659063e-10 
  469       2.868071938729e-10 
  470       2.883142416418e-10 
  471       2.898214815226e-10 
  472       2.913279705736e-10 
  473       2.928327505222e-10 
  474       2.943348476856e-10 
  475       2.958332728904e-10 
  476       2.973270213936e-10 
  477       2.988150728029e-10 
  478       3.002963909966e-10 
  479       3.017699240444e-10 
  480       3.032346041274e-10 
  481       3.046893474589e-10 
  482       3.061330542043e-10 
  483       3.075646084015e-10 
  484       3.089828778817e-10 
  485       3.103867141890e-10 
  486       3.117749525016e-10 
  487       3.131464115513e-10 
  488       3.145000370290e-10 
  489       3.158353366625e-10 
  490       3.171519579488e-10 
  491       3.184495458344e-10 
  492       3.197277427081e-10 
  493       3.209861883932e-10 
  494       3.222245201402e-10 
  495       3.234423726193e-10 
  496       3.246393779128e-10 
  497       3.258151655075e-10 
  498       3.269693622876e-10 
  499       3.281015925268e-10 
  500       3.292114778809e-10 
  501       3.302986373805e-10 
  502       3.313626874232e-10 
  503       3.324032417664e-10 
  504       3.334199115194e-10 
  505       3.344123051364e-10 
  506       3.353800284086e-10 
  507       3.363226844570e-10 
  508       3.372398737246e-10 
  509       3.381311939691e-10 
  510       3.389962402554e-10 
  511       3.398346049480e-10 
  512       3.406458777036e-10 
  513       3.414296454635e-10 
  514       3.421854924461e-10 
  515       3.429130001398e-10 
  516       3.436117472946e-10 
  517       3.442813099156e-10 
  518       3.449212612550e-10 
  519       3.455311718045e-10 
  520       3.461106092880e-10 
  521       3.466591386541e-10 
  522       3.471763220687e-10 
  523       3.476617189071e-10 
  524       3.481148857470e-10 
  525       3.485353763605e-10 
  526       3.489227417072e-10 
  527       3.492766273999e-10 
  528       3.495970690784e-10 
  529       3.498842051780e-10 
  530       3.501381802282e-10 
  531       3.503591448871e-10 
  532       3.505472559758e-10 
  533       3.507026765135e-10 
  534       3.508255757512e-10 
  535       3.509161292070e-10 
  536       3.509745187001e-10 
  537       3.510009323856e-10 
  538       3.509955647891e-10 
  539       3.509586168410e-10 
  540       3.508902959112e-10 
  541       3.507908158436e-10 
  542       3.506603969907e-10 
  543       3.504992662480e-10 
  544       3.503076570885e-10 
  545       3.500858095977e-10 
  546       3.498339705073e-10 
  547       3.495523932307e-10 
  548       3.492413378967e-10 
  549       3.489010713846e-10 
  550       3.485318673584e-10 
  551       3.481340063017e-10 
  552       3.477077755516e-10 
  553       3.472534693340e-10 
  554       3.467713887977e-10 
  555       3.462618420490e-10 
  556       3.457251441862e-10 
  557       3.451616173342e-10 
  558       3.445715906792e-10 
  559       3.439554005027e-10 
  560       3.433133902169e-10 
  561       3.426459103983e-10 
  562       3.419533188229e-10 
  563       3.412359805004e-10 
  564       3.404942677091e-10 
  565       3.397285600298e-10 
  566       3.389392570653e-10 
  567       3.381268168854e-10 
  568       3.372917186387e-10 
  569       3.364344499975e-10 
  570       3.355555071964e-10 
  571       3.346553950722e-10 
  572       3.337346271027e-10 
  573       3.327937254462e-10 
  574       3.318332209809e-10 
  575       3.308536533441e-10 
  576       3.298555709711e-10 
  577       3.288395311351e-10 
  578       3.278060999862e-10 
  579       3.267558525905e-10 
  580       3.256893729696e-10 
  581       3.246072541399e-10 
  582       3.235100981518e-10 
  583       3.223985161288e-10 
  584       3.212731283073e-10 
  585       3.201345640752e-10 
  586       3.189834620117e-10 
  587       3.178204699266e-10 
  588       3.166462448989e-10 
  589       3.154614533171e-10 
  590       3.142667709176e-10 
  591       3.130628828244e-10 
  592       3.118504835885e-10 
  593       3.106302772266e-10 
  594       3.094029772611e-10 
  595       3.081693067590e-10 
  596       3.069299983711e-10 
  597       3.056857943715e-10 
  598       3.044374466967e-10 
  599       3.031857169852e-10 
  600       3.019313766163e-10 
  601       3.006752067496e-10 
  602       2.994179983646e-10 
  603       2.981605522994e-10 
  604       2.969036792905e-10 
  605       2.956481378090e-10 
  606       2.943944458476e-10 
  607       2.931430646796e-10 
  608       2.918944606696e-10 
  609       2.906491052934e-10 
  610       2.894074751558e-10 
  611       2.881700520103e-10 
  612       2.869373227778e-10 
  613       2.857097795656e-10 
  614       2.844879196860e-10 
  615       2.832722456756e-10 
  616       2.820632653141e-10 
  617       2.808614916431e-10 
  618       2.796674429850e-10 
  619       2.784816429624e-10 
  620       2.773046205164e-10 
  621       2.761369099257e-10 
  622       2.749790508258e-10 
  623       2.738315882275e-10 
  624       2.726950725363e-10 
  625       2.715700595709e-10 
  626       2.704571105823e-10 
  627       2.693567922726e-10 
  628       2.682696768142e-10 
  629       2.671963418684e-10 
  630       2.661373706047e-10 
  631       2.650933517191e-10 
  632       2.640648794537e-10 
  633       2.630525536152e-10 
  634       2.620569795940e-10 
  635       2.610787683830e-10 
  636       2.601185365967e-10 
  637       2.591769064900e-10 
  638       2.582545059769e-10 
  639       2.573519686499e-10 
  640       2.564699337986e-10 
  641       2.556090464286e-10 
  642       2.547699572807e-10 
  643       2.539533228494e-10 
  644       2.531597167327e-10 
  645       2.523893614382e-10 
  646       2.516423905453e-10 
  647       2.509189368181e-10 
  648       2.502191321985e-10 
  649       2.495431078003e-10 
  650       2.488909939019e-10 
  651       2.482629199396e-10 
  652       2.476590145013e-10 
  653       2.470794053192e-10 
  654       2.465242192640e-10 
  655       2.459935823371e-10 
  656       2.454876196649e-10 
  657       2.450064554915e-10 
  658       2.445502131722e-10 
  659       2.441190151668e-10 
  660       2.437129830328e-10 
  661       2.433322374191e-10 
  662       2.429768980587e-10 
  663       2.426470837623e-10 
  664       2.423429124119e-10 
  665       2.420645009535e-10 
  666       2.418119653910e-10 
  667       2.415854207790e-10 
  668       2.413849812164e-10 
  669       2.412107598398e-10 
  670       2.410628688164e-10 
  671       2.409414193377e-10 
  672       2.408465216126e-10 
  673       2.407782848607e-10 
  674       2.407368173058e-10 
  675       2.407222261691e-10 
  676       2.407346176621e-10 
  677       2.407740969808e-10 
  678       2.408407682981e-10 
  679       2.409347347577e-10 
  680       2.410560984669e-10 
  681       2.412049604907e-10 
  682       2.413814208440e-10 
  683       2.415855190114e-10 
  684       2.418170541224e-10 
  685       2.420757609243e-10 
  686       2.423613688869e-10 
  687       2.426736021803e-10 
  688       2.430121796535e-10 
  689       2.433768148122e-10 
  690       2.437672157965e-10 
  691       2.441830853594e-10 
  692       2.446241208446e-10 
  693       2.450900141645e-10 
  694       2.455804517784e-10 
  695       2.460951146702e-10 
  696       2.466336783270e-10 
  697       2.471958127164e-10 
  698       2.477811822650e-10 
  699       2.483894458365e-10 
  700       2.490202567094e-10 
  701       2.496732625551e-10 
  702       2.503481054162e-10 
  703       2.510444216843e-10 
  704       2.517618420779e-10 
  705       2.524999916208e-10 
  706       2.532584896198e-10 
  707       2.540369496428e-10 
  708       2.548349794971e-10 
  709       2.556521812069e-10 
  710       2.564881509919e-10 
  711       2.573424792448e-10 
  712       2.582147505099e-10 
  713       2.591045434606e-10 
  714       2.600114308776e-10 
  715       2.609349796272e-10 
  716       2.618747506388e-10 
  717       2.628302988835e-10 
  718       2.638011733517e-10 
  719       2.647869170314e-10 
  720       2.657870668859e-10 
  721       2.668011538322e-10 
  722       2.678287048520e-10 
  723       2.688692494164e-10 
  724       2.699223131473e-10 
  725       2.709874156749e-10 
  726       2.720640706160e-10 
  727       2.731517855526e-10 
  728       2.742500620105e-10 
  729       2.753583954375e-10 
  730       2.764762751824e-10 
  731       2.776031844731e-10 
  732       2.787386003953e-10 
  733       2.798819938710e-10 
  734       2.810328296371e-10 
  735       2.821905662237e-10 
  736       2.833546559328e-10 
  737       2.845245448168e-10 
  738       2.856996726570e-10 
  739       2.868794729421e-10 
  740       2.880633728466e-10 
  741       2.892507932095e-10 
  742       2.904411485130e-10 
  743       2.916338468604e-10 
  744       2.928282899553e-10 
  745       2.940238730796e-10 
  746       2.952199850723e-10 
  747       2.964160083081e-10 
  748       2.976113186755e-10 
  749       2.988052855558e-10 
  750       2.999972718013e-10 
  751       3.011866337141e-10 
  752       3.023727210241e-10 
  753       3.035548768682e-10 
  754       3.047324377684e-10 
  755       3.059047336101e-10 
  756       3.070710876214e-10 
  757       3.082308163508e-10 
  758       3.093832296461e-10 
  759       3.105276306329e-10 
  760       3.116633156932e-10 
  761       3.127896313370e-10 
  762       3.139061460568e-10 
  763       3.150124817255e-10 
  764       3.161082569909e-10 
  765       3.171930872667e-10 
  766       3.182665847226e-10 
  767       3.193283582744e-10 
  768       3.203780135747e-10 
  769       3.214151530027e-10 
  770       3.224393756547e-10 
  771       3.234502773348e-10 
  772       3.244474505444e-10 
  773       3.254304844731e-10 
  774       3.263989649888e-10 
  775       3.273524746279e-10 
  776       3.282905925858e-10 
  777       3.292128947070e-10 
  778       3.301189534755e-10 
  779       3.310083380050e-10 
  780       3.318806140293e-10 
  781       3.327353438926e-10 
  782       3.335720865395e-10 
  783       3.343903975059e-10 
  784       3.351898289086e-10 
  785       3.359699294360e-10 
  786       3.367302443384e-10 
  787       3.374703154179e-10 
  788       3.381896810194e-10 
  789       3.388878760202e-10 
  790       3.395644318206e-10 
  791       3.402188763342e-10 
  792       3.408507339781e-10 
  793       3.414595256633e-10 
  794       3.420447687849e-10 
  795       3.426059772124e-10 
  796       3.431426612802e-10 
  797       3.436543277773e-10 
  798       3.441404799384e-10 
  799       3.446006174337e-10 
  800       3.450343105878e-10 
  801       3.454414245413e-10 
  802       3.458218991589e-10 
  803       3.461756751749e-10 
  804       3.465026941980e-10 
  805       3.468028987152e-10 
  806       3.470762320960e-10 
  807       3.473226385966e-10 
  808       3.475420633641e-10 
  809       3.477344524407e-10 
  810       3.478997527678e-10 
  811       3.480379121905e-10 
  812       3.481488794614e-10 
  813       3.482326042450e-10 
  814       3.482890371218e-10 
  815       3.483181295927e-10 
  816       3.483198340829e-10 
  817       3.482941039463e-10 
  818       3.482408934696e-10 
  819       3.481601578766e-10 
  820       3.480518533321e-10 
  821       3.479159369466e-10 
  822       3.477523667799e-10 
  823       3.475611018457e-10 
  824       3.473421021159e-10 
  825       3.470953285241e-10 
  826       3.468207429708e-10 
  827       3.465183083266e-10 
  828       3.461879884370e-10 
  829       3.458297481267e-10 
  830       3.454435532030e-10 
  831       3.450293704611e-10 
  832       3.445871676873e-10 
  833       3.441169136638e-10 
  834       3.436185781726e-10 
  835       3.430921319999e-10 
  836       3.425375469400e-10 
  837       3.419547958000e-10 
  838       3.413438524033e-10 
  839       3.407047401572e-10 
  840       3.400376786710e-10 
  841       3.393429396966e-10 
  842       3.386207988093e-10 
  843       3.378715354199e-10 
  844       3.370954327879e-10 
  845       3.362927780332e-10 
  846       3.354638621489e-10 
  847       3.346089800139e-10 
  848       3.337284304051e-10 
  849       3.328225160099e-10 
  850       3.318915434389e-10 
  851       3.309358232381e-10 
  852       3.299556699013e-10 
  853       3.289514018829e-10 
  854       3.279233416102e-10 
  855       3.268718154955e-10 
  856       3.257971539494e-10 
  857       3.246996913922e-10 
  858       3.235797662674e-10 
  859       3.224377210533e-10 
  860       3.212739022760e-10 
  861       3.200886605218e-10 
  862       3.188823504494e-10 
  863       3.176553308024e-10 
  864       3.164079644222e-10 
  865       3.151406182599e-10 
  866       3.138536633891e-10 
  867       3.125474750182e-10 
  868       3.112224325030e-10 
  869       3.098789193589e-10 
  870       3.085173232738e-10 
  871       3.071380361202e-10 
  872       3.057414539676e-10 
  873       3.043279770953e-10 
  874       3.028980100048e-10 
  875       3.014519614319e-10 
  876       2.999902443595e-10 
  877       2.985132760299e-10 
  878       2.970214768617e-10 
  879       2.955152671541e-10 
  880       2.939950703522e-10 
  881       2.924613141505e-10 
  882       2.909144305047e-10 
  883       2.893548556444e-10 
  884       2.877830300853e-10 
  885       2.861993986412e-10 
  886       2.846044104366e-10 
  887       2.829985189191e-10 
  888       2.813821818713e-10 
  889       2.797558614232e-10 
  890       2.781200240649e-10 
  891       2.764751406582e-10 
  892       2.748216864495e-10 
  893       2.731601410819e-10 
  894       2.714909886072e-10 
  895       2.698147174986e-10 
  896       2.681318206627e-10 
  897       2.664427954521e-10 
  898       2.647481436774e-10 
  899       2.630483716195e-10 
  900       2.613439900422e-10 
  901       2.596355142039e-10 
  902       2.579234638708e-10 
  903       2.562083633282e-10 
  904       2.544907413934e-10 
  905       2.527711314280e-10 
  906       2.510500713497e-10 
  907       2.493281036452e-10 
  908       2.476057753821e-10 
  909       2.458836382212e-10 
  910       2.441622484291e-10 
  911       2.424421668902e-10 
  912       2.407239591189e-10 
  913       2.390081952723e-10 
  914       2.372954501622e-10 
  915       2.355863032673e-10 
  916       2.338813387458e-10 
  917       2.321811006807e-10 
  918       2.304859580109e-10 
  919       2.287962374739e-10 
  920       2.271122681834e-10 
  921       2.254343816355e-10 
  922       2.237629117139e-10 
  923       2.220981946969e-10 
  924       2.204405692622e-10 
  925       2.187903764936e-10 
  926       2.171479598866e-10 
  927       2.155136653541e-10 
  928       2.138878412327e-10 
  929       2.122708382885e-10 
  930       2.106630097230e-10 
  931       2.090647111787e-10 
  932       2.074763007454e-10 
  933       2.058981389662e-10 
  934       2.043305888428e-10 
  935       2.027740158422e-10 
  936       2.012287879018e-10 
  937       1.996952754361e-10 
  938       1.981738513421e-10 
  939       1.966648910051e-10 
  940       1.951687723052e-10 
  941       1.936858756226e-10 
  942       1.922165838439e-10 
  943       1.907612823678e-10 
  944       1.893203591112e-10 
  945       1.878942045149e-10 
  946       1.864832115495e-10 
  947       1.850877757216e-10 
  948       1.837082950794e-10 
  949       1.823451702188e-10 
  950       1.809988042891e-10 
  951       1.796696029993e-10 
  952       1.783579746234e-10 
  953       1.770643300070e-10 
  954       1.757890825727e-10 
  955       1.745326483262e-10 
  956       1.732953871141e-10 
  957       1.720774254022e-10 
  958       1.708788308016e-10 
  959       1.696996705698e-10 
  960       1.685400116085e-10 
  961       1.673999204621e-10 
  962       1.662794633161e-10 
  963       1.651787059947e-10 
  964       1.640977139595e-10 
  965       1.630365523077e-10 
  966       1.619952857698e-10 
  967       1.609739787085e-10 
  968       1.599726951164e-10 
  969       1.589914986145e-10 
  970       1.580304524500e-10 
  971       1.570896194951e-10 
  972       1.561690622447e-10 
  973       1.552688428147e-10 
  974       1.543890229406e-10 
  975       1.535296639751e-10 
  976       1.526908268866e-10 
  977       1.518725722576e-10 
  978       1.510749602825e-10 
  979       1.502980507661e-10 
  980       1.495419031217e-10 
  981       1.488065763693e-10 
  982       1.480921291339e-10 
  983       1.473986196433e-10 
  984       1.467261057271e-10 
  985       1.460746448140e-10 
  986       1.454442939306e-10 
  987       1.448351096996e-10 
  988       1.442471483375e-10 
  989       1.436804656534e-10 
  990       1.431351170468e-10 
  991       1.426111575060e-10 
  992       1.421086416062e-10 
  993       1.416276235079e-10 
  994       1.411681569547e-10 
  995       1.407302553309e-10 
  996       1.403137711933e-10 
  997       1.399185149673e-10 
  998       1.395442947209e-10 
  999       1.391909161580e-10 
 1000       1.388581826117e-10 
 1001       1.385458950380e-10 
 1002       1.382538520088e-10 
 1003       1.379818497056e-10 
 1004       1.377296819124e-10 
 1005       1.374971400096e-10 
 1006       1.372840129671e-10 
 1007       1.370900873376e-10 
 1008       1.369151472502e-10 
 1009       1.367589744034e-10 
 1010       1.366213480589e-10 
 1011       1.365020450347e-10 
 1012       1.364008396984e-10 
 1013       1.363175039610e-10 
 1014       1.362518072697e-10 
 1015       1.362035166015e-10 
 1016       1.361723964568e-10 
 1017       1.361582088524e-10 
 1018       1.361607133152e-10 
 1019       1.361796668752e-10 
 1020       1.362148240592e-10 
 1021       1.362659368839e-10 
 1022       1.363327548495e-10 
 1023       1.364150249330e-10 
 1024       1.365124915815e-10 
 1025       1.366248967055e-10 
 1026       1.367519796725e-10 
 1027       1.368934773002e-10 
 1028       1.370491238498e-10 
 1029       1.372186510197e-10 
 1030       1.374017879383e-10 
 1031       1.375982611581e-10 
 1032       1.378077946483e-10 
 1033       1.380301097887e-10 
 1034       1.382649231014e-10 
 1035       1.385119394243e-10 
 1036       1.387708586281e-10 
 1037       1.390413778618e-10 
 1038       1.393231915463e-10 
 1039       1.396159913673e-10 
 1040       1.399194662682e-10 
 1041       1.402333024436e-10 
 1042       1.405571833321e-10 
 1043       1.408907896098e-10 
 1044       1.412337991828e-10 
 1045       1.415858871809e-10 
 1046       1.419467259505e-10 
 1047       1.423159850476e-10 
 1048       1.426933312311e-10 
 1049       1.430784284556e-10 
 1050       1.434709378651e-10 
 1051       1.438705177856e-10 
 1052       1.442768237182e-10 
 1053       1.446895083326e-10 
 1054       1.451082214599e-10 
 1055       1.455326100858e-10 
 1056       1.459623183438e-10 
 1057       1.463969875081e-10 
 1058       1.468362559870e-10 
 1059       1.472797593158e-10 
 1060       1.477271301499e-10 
 1061       1.481779982581e-10 
 1062       1.486319905156e-10 
 1063       1.490887308969e-10 
 1064       1.495478404695e-10 
 1065       1.500089373864e-10 
 1066       1.504716368794e-10 
 1067       1.509355512525e-10 
 1068       1.514002898745e-10 
 1069       1.518654591727e-10 
 1070       1.523306626255e-10 
 1071       1.527955007559e-10 
 1072       1.532595711241e-10 
 1073       1.537224989418e-10 
 1074       1.541840293825e-10 
 1075       1.546439365143e-10 
 1076       1.551019927894e-10 
 1077       1.555579690406e-10 
 1078       1.560116344775e-10 
 1079       1.564627566829e-10 
 1080       1.569111016091e-10 
 1081       1.573564335740e-10 
 1082       1.577985152577e-10 
 1083       1.582371076985e-10 
 1084       1.586719702896e-10 
 1085       1.591028607749e-10 
 1086       1.595295352458e-10 
 1087       1.599517481370e-10 
 1088       1.603692522233e-10 
 1089       1.607817986155e-10 
 1090       1.611891367571e-10 
 1091       1.615910144201e-10 
 1092       1.619871777016e-10 
 1093       1.623773710204e-10 
 1094       1.627613371126e-10 
 1095       1.631388170285e-10 
 1096       1.635095501286e-10 
 1097       1.638732740799e-10 
 1098       1.642297248525e-10 
 1099       1.645786367156e-10 
 1100       1.649197422337e-10 
 1101       1.652527722634e-10 
 1102       1.655774559493e-10 
 1103       1.658935207202e-10 
 1104       1.662006922858e-10 
 1105       1.664986946328e-10 
 1106       1.667872500211e-10 
 1107       1.670660789803e-10 
 1108       1.673349003058e-10 
 1109       1.675934310553e-10 
 1110       1.678413865450e-10 
 1111       1.680784803459e-10 
 1112       1.683044663772e-10 
 1113       1.685192657991e-10 
 1114       1.687228417805e-10 
 1115       1.689151575530e-10 
 1116       1.690961764112e-10 
 1117       1.692658617137e-10 
 1118       1.694241768830e-10 
 1119       1.695710854060e-10 
 1120       1.697065508344e-10 
 1121       1.698305367850e-10 
 1122       1.699430069403e-10 
 1123       1.700439250486e-10 
 1124       1.701332549247e-10 
 1125       1.702109604499e-10 
 1126       1.702770055727e-10 
 1127       1.703313543092e-10 
 1128       1.703739707431e-10 
 1129       1.704048190265e-10 
 1130       1.704238633802e-10 
 1131       1.704310680939e-10 
 1132       1.704263975266e-10 
 1133       1.704098161073e-10 
 1134       1.703812883351e-10 
 1135       1.703407787795e-10 
 1136       1.702882520811e-10 
 1137       1.702236729518e-10 
 1138       1.701470061750e-10 
 1139       1.700582166064e-10 
 1140       1.699572691742e-10 
 1141       1.698441288792e-10 
 1142       1.697187607957e-10 
 1143       1.695811300713e-10 
 1144       1.694312019280e-10 
 1145       1.692689416619e-10 
 1146       1.690943146439e-10 
 1147       1.689072863201e-10 
 1148       1.687078222121e-10 
 1149       1.684958879175e-10 
 1150       1.682714491102e-10 
 1151       1.680345005674e-10 
 1152       1.677851536541e-10 
 1153       1.675235499502e-10 
 1154       1.672498323279e-10 
 1155       1.669641449541e-10 
 1156       1.666666332939e-10 
 1157       1.663574441133e-10 
 1158       1.660367254827e-10 
 1159       1.657046267792e-10 
 1160       1.653612986900e-10 
 1161       1.650068932157e-10 
 1162       1.646415636728e-10 
 1163       1.642654646967e-10 
 1164       1.638787522453e-10 
 1165       1.634815836013e-10 
 1166       1.630741173759e-10 
 1167       1.626565135111e-10 
 1168       1.622289332833e-10 
 1169       1.617915393059e-10 
 1170       1.613444955326e-10 
 1171       1.608879672602e-10 
 1172       1.604221211319e-10 
 1173       1.599471251398e-10 
 1174       1.594631486285e-10 
 1175       1.589703622978e-10 
 1176       1.584689382056e-10 
 1177       1.579590497711e-10 
 1178       1.574408717779e-10 
 1179       1.569145803768e-10 
 1180       1.563803530888e-10 
 1181       1.558383688083e-10 
 1182       1.552888078059e-10 
 1183       1.547318517318e-10 
 1184       1.541676836183e-10 
 1185       1.535964878830e-10 
 1186       1.530184503319e-10 
 1187       1.524337581625e-10 
 1188       1.518425999665e-10 
 1189       1.512451657331e-10 
 1190       1.506416493842e-10 
 1191       1.500322564092e-10 
 1192       1.494171963298e-10 
 1193       1.487966801798e-10 
 1194       1.481709205080e-10 
 1195       1.475401313814e-10 
 1196       1.469045283887e-10 
 1197       1.462643286435e-10 
 1198       1.456197507872e-10 
 1199       1.449710149925e-10 
 1200       1.443183429665e-10 
 1201       1.436619579540e-10 
 1202       1.430020847407e-10 
 1203       1.423389496565e-10 
 1204       1.416727805786e-10 
 1205       1.410038069348e-10 
 1206       1.403322597065e-10 
 1207       1.396583714325e-10 
 1208       1.389823762116e-10 
 1209       1.383045097060e-10 
 1210       1.376250091449e-10 
 1211       1.369441133271e-10 
 1212       1.362620626248e-10 
 1213       1.355790989865e-10 
 1214       1.348954659402e-10 
 1215       1.342114085969e-10 
 1216       1.335271736534e-10 
 1217       1.328430093962e-10 
 1218       1.321591657038e-10 
 1219       1.314758940508e-10 
 1220       1.307934475106e-10 
 1221       1.301120807587e-10 
 1222       1.294320500762e-10 
 1223       1.287536133527e-10 
 1224       1.280770300897e-10 
 1225       1.274025614038e-10 
 1226       1.267304700297e-10 
 1227       1.260610203238e-10 
 1228       1.253944782674e-10 
 1229       1.247310906480e-10 
 1230       1.240710223275e-10 
 1231       1.234144182348e-10 
 1232       1.227614241205e-10 
 1233       1.221121865592e-10 
 1234       1.214668529507e-10 
 1235       1.208255715217e-10 
 1236       1.201884913272e-10 
 1237       1.195557622524e-10 
 1238       1.189275350138e-10 
 1239       1.183039611612e-10 
 1240       1.176851930791e-10 
 1241       1.170713839883e-10 
 1242       1.164626879474e-10 
 1243       1.158592598543e-10 
 1244       1.152612554483e-10 
 1245       1.146688313108e-10 
 1246       1.140821448676e-10 
 1247       1.135013543901e-10 
 1248       1.129266189972e-10 
 1249       1.123580986565e-10 
 1250       1.117959541859e-10 
 1251       1.112403472555e-10 
 1252       1.106914403890e-10 
 1253       1.101493969651e-10 
 1254       1.096143812192e-10 
 1255       1.090865582453e-10 
 1256       1.085660939968e-10 
 1257       1.080531552890e-10 
 1258       1.075479097998e-10 
 1259       1.070505260719e-10 
 1260       1.065611735142e-10 
 1261       1.060800224032e-10 
 1262       1.056072438848e-10 
 1263       1.051430099755e-10 
 1264       1.046874935647e-10 
 1265       1.042408684154e-10 
 1266       1.038033091665e-10 
 1267       1.033749913337e-10 
 1268       1.029560626275e-10 
 1269       1.025465565388e-10 
 1270       1.021464777601e-10 
 1271       1.017558307783e-10 
 1272       1.013746198744e-10 
 1273       1.010028491228e-10 
 1274       1.006405223909e-10 
 1275       1.002876433383e-10 
 1276       9.994421541666e-11 
 1277       9.961024186850e-11 
 1278       9.928572572719e-11 
 1279       9.897066981612e-11 
 1280       9.866507674817e-11 
 1281       9.836894892519e-11 
 1282       9.808228853737e-11 
 1283       9.780509756271e-11 
 1284       9.753737776646e-11 
 1285       9.727913070053e-11 
 1286       9.703035770294e-11 
 1287       9.679105989723e-11 
 1288       9.656123819192e-11 
 1289       9.634089327994e-11 
 1290       9.613002563804e-11 
 1291       9.592863552624e-11 
 1292       9.573672298727e-11 
 1293       9.555428784598e-11 
 1294       9.538132970880e-11 
 1295       9.521784796315e-11 
 1296       9.506384177689e-11 
 1297       9.491931009773e-11 
 1298       9.478425165271e-11 
 1299       9.465866494756e-11 
 1300       9.454254826622e-11 
 1301       9.443589967018e-11 
 1302       9.433871699801e-11 
 1303       9.425099786470e-11 
 1304       9.417273966117e-11 
 1305       9.410393955363e-11 
 1306       9.404459448311e-11 
 1307       9.399468190960e-11 
 1308       9.395410181032e-11 
 1309       9.392273403153e-11 
 1310       9.390045748295e-11 
 1311       9.388715013582e-11 
 1312       9.388268902100e-11 
 1313       9.388695022704e-11 
 1314       9.389980889826e-11 
 1315       9.392113923285e-11 
 1316       9.395081448092e-11 
 1317       9.398870694263e-11 
 1318       9.403468796619e-11 
 1319       9.408862794605e-11 
 1320       9.415039632089e-11 
 1321       9.421986157173e-11 
 1322       9.429689122004e-11 
 1323       9.438135182578e-11 
 1324       9.447310898552e-11 
 1325       9.457202733046e-11 
 1326       9.467797052459e-11 
 1327       9.479080126273e-11 
 1328       9.491038126860e-11 
 1329       9.503657129291e-11 
 1330       9.516923111148e-11 
 1331       9.530821952326e-11 
 1332       9.545339434845e-11 
 1333       9.560461242656e-11 
 1334       9.576172961454e-11 
 1335       9.592460078478e-11 
 1336       9.609307982325e-11 
 1337       9.626701962760e-11 
 1338       9.644627210515e-11 
 1339       9.663068817108e-11 
 1340       9.682011774645e-11 
 1341       9.701440975627e-11 
 1342       9.721341212762e-11 
 1343       9.741697178774e-11 
 1344       9.762493466204e-11 
 1345       9.783714567226e-11 
 1346       9.805344831906e-11 
 1347       9.827368342879e-11 
 1348       9.849769038927e-11 
 1349       9.872530756213e-11 
 1350       9.895637228079e-11 
 1351       9.919072084857e-11 
 1352       9.942818853670e-11 
 1353       9.966860958241e-11 
 1354       9.991181718698e-11 
 1355       1.001576435138e-10 
 1356       1.004059196863e-10 
 1357       1.006564757862e-10 
 1358       1.009091408515e-10 
 1359       1.011637428745e-10 
 1360       1.014201087998e-10 
 1361       1.016780645224e-10 
 1362       1.019374348859e-10 
 1363       1.021980436804e-10 
 1364       1.024597136404e-10 
 1365       1.027222664433e-10 
 1366       1.029855227068e-10 
 1367       1.032493019879e-10 
 1368       1.035134227799e-10 
 1369       1.037777025111e-10 
 1370       1.040419575429e-10 
 1371       1.043060031673e-10 
 1372       1.045696536056e-10 
 1373       1.048327220060e-10 
 1374       1.050950204419e-10 
 1375       1.053563599099e-10 
 1376       1.056165503278e-10 
 1377       1.058754005325e-10 
 1378       1.061327182785e-10 
 1379       1.063883102356e-10 
 1380       1.066419819870e-10 
 1381       1.068935380273e-10 
 1382       1.071427817609e-10 
 1383       1.073895154996e-10 
 1384       1.076335404609e-10 
 1385       1.078746727101e-10 
 1386       1.081127911746e-10 
 1387       1.083477901325e-10 
 1388       1.085795633139e-10 
 1389       1.088080038997e-10 
 1390       1.090330045207e-10 
 1391       1.092544572570e-10 
 1392       1.094722536362e-10 
 1393       1.096862846335e-10 
 1394       1.098964406699e-10 
 1395       1.101026116119e-10 
 1396       1.103046867699e-10 
 1397       1.105025548980e-10 
 1398       1.106961041922e-10 
 1399       1.108852222902e-10 
 1400       1.110697962701e-10 
 1401       1.112497126495e-10 
 1402       1.114248573845e-10 
 1403       1.115951158687e-10 
 1404       1.117603729326e-10 
 1405       1.119205128422e-10 
 1406       1.120754192984e-10 
 1407       1.122249754358e-10 
 1408       1.123690638218e-10 
 1409       1.125075664558e-10 
 1410       1.126403647682e-10 
 1411       1.127673396193e-10 
 1412       1.128883712985e-10 
 1413       1.130033395233e-10 
 1414       1.131121234384e-10 
 1415       1.132146016145e-10 
 1416       1.133106520480e-10 
 1417       1.134001521590e-10 
 1418       1.134829787916e-10 
 1419       1.135590082118e-10 
 1420       1.136281161073e-10 
 1421       1.136901775863e-10 
 1422       1.137450671765e-10 
 1423       1.137926588243e-10 
 1424       1.138328471491e-10 
 1425       1.138656114480e-10 
 1426       1.138909523465e-10 
 1427       1.139088706034e-10 
 1428       1.139193671106e-10 
 1429       1.139224428938e-10 
 1430       1.139180991127e-10 
 1431       1.139063370612e-10 
 1432       1.138871581677e-10 
 1433       1.138605639958e-10 
 1434       1.138265562441e-10 
 1435       1.137851367467e-10 
 1436       1.137363074735e-10 
 1437       1.136800705306e-10 
 1438       1.136164281606e-10 
 1439       1.135453827427e-10 
 1440       1.134669367933e-10 
 1441       1.133810929659e-10 
 1442       1.132878540520e-10 
 1443       1.131872229808e-10 
 1444       1.130792028199e-10 
 1445       1.129637967756e-10 
 1446       1.128410081928e-10 
 1447       1.127108405559e-10 
 1448       1.125732974886e-10 
 1449       1.124283827545e-10 
 1450       1.122761002574e-10 
 1451       1.121164540415e-10 
 1452       1.119494482915e-10 
 1453       1.117750873336e-10 
 1454       1.115933756350e-10 
 1455       1.114043178047e-10 
 1456       1.112079185935e-10 
 1457       1.110041828948e-10 
 1458       1.107931157444e-10 
 1459       1.105747223210e-10 
 1460       1.103490079464e-10 
 1461       1.101159780861e-10 
 1462       1.098756383493e-10 
 1463       1.096280086809e-10 
 1464       1.093731660915e-10 
 1465       1.091112023551e-10 
 1466       1.088422098575e-10 
 1467       1.085662815974e-10 
 1468       1.082835111875e-10 
 1469       1.079939928554e-10 
 1470       1.076978214451e-10 
 1471       1.073950924178e-10 
 1472       1.070859018531e-10 
 1473       1.067703464501e-10 
 1474       1.064485235284e-10 
 1475       1.061205310296e-10 
 1476       1.057864675176e-10 
 1477       1.054464321807e-10 
 1478       1.051005248320e-10 
 1479       1.047488459106e-10 
 1480       1.043914964829e-10 
 1481       1.040285782438e-10 
 1482       1.036601935173e-10 
 1483       1.032864452581e-10 
 1484       1.029074370525e-10 
 1485       1.025232731196e-10 
 1486       1.021340583121e-10 
 1487       1.017398981179e-10 
 1488       1.013408986607e-10 
 1489       1.009371667016e-10 
 1490       1.005288096396e-10 
 1491       1.001159355134e-10 
 1492       9.969865300189e-11 
 1493       9.927707142559e-11 
 1494       9.885130074768e-11 
 1495       9.842145157507e-11 
 1496       9.798763515954e-11 
 1497       9.754996339884e-11 
 1498       9.710854883774e-11 
 1499       9.666350466921e-11 
 1500       9.621494473547e-11 
 1501       9.576298352911e-11 
 1502       9.530773694301e-11 
 1503       9.484932452580e-11 
 1504       9.438786725059e-11 
 1505       9.392348676921e-11 
 1506       9.345630541343e-11 
 1507       9.298644619606e-11 
 1508       9.251403281209e-11 
 1509       9.203918963987e-11 
 1510       9.156204174220e-11 
 1511       9.108271486753e-11 
 1512       9.060133545103e-11 
 1513       9.011803061583e-11 
 1514       8.963292817406e-11 
 1515       8.914615662805e-11 
 1516       8.865784517149e-11 
 1517       8.816812369051e-11 
 1518       8.767712276488e-11 
 1519       8.718497366912e-11 
 1520       8.669180837366e-11 
 1521       8.619775954595e-11 
 1522       8.570296055166e-11 
 1523       8.520754545578e-11 
 1524       8.471164902376e-11 
 1525       8.421540672267e-11 
 1526       8.371895472235e-11 
 1527       8.322242989652e-11 
 1528       8.272596982396e-11 
 1529       8.222971278963e-11 
 1530       8.173379778581e-11 
 1531       8.123836451325e-11 
 1532       8.074355338232e-11 
 1533       8.024950551414e-11 
 1534       7.975636274173e-11 
 1535       7.926426761115e-11 
 1536       7.877336338264e-11 
 1537       7.828379403176e-11 
 1538       7.779570425054e-11 
 1539       7.730923944863e-11 
 1540       7.682454575443e-11 
 1541       7.634175889583e-11 
 1542       7.586097072484e-11 
 1543       7.538226237744e-11 
 1544       7.490571536583e-11 
 1545       7.443141157888e-11 
 1546       7.395943328281e-11 
 1547       7.348986312172e-11 
 1548       7.302278411820e-11 
 1549       7.255827967389e-11 
 1550       7.209643357005e-11 
 1551       7.163732996817e-11 
 1552       7.118105341056e-11 
 1553       7.072768882088e-11 
 1554       7.027732150476e-11 
 1555       6.983003715038e-11 
 1556       6.938592182904e-11 
 1557       6.894506199573e-11 
 1558       6.850754448973e-11 
 1559       6.807345653521e-11 
 1560       6.764288574175e-11 
 1561       6.721592010499e-11 
 1562       6.679264800714e-11 
 1563       6.637315821763e-11 
 1564       6.595753989366e-11 
 1565       6.554588258077e-11 
 1566       6.513827621342e-11 
 1567       6.473481111561e-11 
 1568       6.433557800142e-11 
 1569       6.394066797559e-11 
 1570       6.355017253415e-11 
 1571       6.316418356494e-11 
 1572       6.278279334821e-11 
 1573       6.240609455724e-11 
 1574       6.203418025887e-11 
 1575       6.166714391409e-11 
 1576       6.130507937865e-11 
 1577       6.094808090361e-11 
 1578       6.059624313593e-11 
 1579       6.024966111908e-11 
 1580       5.990841525746e-11 
 1581       5.957252605641e-11 
 1582       5.924199896437e-11 
 1583       5.891683937076e-11 
 1584       5.859705260587e-11 
 1585       5.828264394070e-11 
 1586       5.797361858684e-11 
 1587       5.766998169631e-11 
 1588       5.737173836143e-11 
 1589       5.707889361467e-11 
 1590       5.679145242852e-11 
 1591       5.650941971534e-11 
 1592       5.623280032721e-11 
 1593       5.596159905582e-11 
 1594       5.569582063229e-11 
 1595       5.543546972704e-11 
 1596       5.518055094968e-11 
 1597       5.493106884882e-11 
 1598       5.468702791196e-11 
 1599       5.444843256534e-11 
 1600       5.421528717381e-11 
 1601       5.398759604067e-11 
 1602       5.376536340751e-11 
 1603       5.354859345414e-11 
 1604       5.333729029838e-11 
 1605       5.313145799594e-11 
 1606       5.293110054028e-11 
 1607       5.273622186248e-11 
 1608       5.254682583109e-11 
 1609       5.236291625196e-11 
 1610       5.218449686815e-11 
 1611       5.201157135977e-11 
 1612       5.184414334380e-11 
 1613       5.168221637402e-11 
 1614       5.152579394079e-11 
 1615       5.137487947097e-11 
 1616       5.122947632777e-11 
 1617       5.108958781056e-11 
 1618       5.095521715479e-11 
 1619       5.082635715172e-11 
 1620       5.070295890540e-11 
 1621       5.058496279308e-11 
 1622       5.047230881910e-11 
 1623       5.036493661426e-11 
 1624       5.026278543520e-11 
 1625       5.016579416377e-11 
 1626       5.007390130645e-11 
 1627       4.998704499370e-11 
 1628       4.990516297937e-11 
 1629       4.982819264006e-11 
 1630       4.975607097452e-11 
 1631       4.968873460302e-11 
 1632       4.962611976675e-11 
 1633       4.956816232718e-11 
 1634       4.951479776549e-11 
 1635       4.946596118190e-11 
 1636       4.942158729506e-11 
 1637       4.938161044149e-11 
 1638       4.934596457489e-11 
 1639       4.931458326558e-11 
 1640       4.928739969985e-11 
 1641       4.926434667935e-11 
 1642       4.924535662048e-11 
 1643       4.923036155379e-11 
 1644       4.921929312333e-11 
 1645       4.921208258604e-11 
 1646       4.920866081116e-11 
 1647       4.920895827959e-11 
 1648       4.921290508328e-11 
 1649       4.922043092461e-11 
 1650       4.923146511580e-11 
 1651       4.924593657824e-11 
 1652       4.926377384193e-11 
 1653       4.928490504481e-11 
 1654       4.930925793221e-11 
 1655       4.933675985616e-11 
 1656       4.936733777484e-11 
 1657       4.940091825191e-11 
 1658       4.943742639301e-11 
 1659       4.947678264617e-11 
 1660       4.951890597189e-11 
 1661       4.956371490291e-11 
 1662       4.961112754348e-11 
 1663       4.966106156874e-11 
 1664       4.971343422405e-11 
 1665       4.976816232430e-11 
 1666       4.982516225330e-11 
 1667       4.988434996304e-11 
 1668       4.994564097312e-11 
 1669       5.000895037000e-11 
 1670       5.007419280640e-11 
 1671       5.014128250061e-11 
 1672       5.021013323583e-11 
 1673       5.028065835951e-11 
 1674       5.035277078269e-11 
 1675       5.042638297932e-11 
 1676       5.050140698562e-11 
 1677       5.057775439942e-11 
 1678       5.065533637946e-11 
 1679       5.073406364477e-11 
 1680       5.081384647399e-11 
 1681       5.089459470471e-11 
 1682       5.097621773278e-11 
 1683       5.105862451171e-11 
 1684       5.114172355194e-11 
 1685       5.122542292021e-11 
 1686       5.130963023892e-11 
 1687       5.139425268540e-11 
 1688       5.147919699133e-11 
 1689       5.156436944200e-11 
 1690       5.164967587571e-11 
 1691       5.173502168306e-11 
 1692       5.182031180632e-11 
 1693       5.190545073876e-11 
 1694       5.199034252397e-11 
 1695       5.207489075521e-11 
 1696       5.215899857475e-11 
 1697       5.224257584526e-11 
 1698       5.232556073289e-11 
 1699       5.240789830893e-11 
 1700       5.248953339432e-11 
 1701       5.257041055929e-11 
 1702       5.265047412296e-11 
 1703       5.272966815298e-11 
 1704       5.280793646522e-11 
 1705       5.288522262334e-11 
 1706       5.296146993846e-11 
 1707       5.303662146878e-11 
 1708       5.311062001924e-11 
 1709       5.318340814114e-11 
 1710       5.325492813176e-11 
 1711       5.332512203403e-11 
 1712       5.339393163614e-11 
 1713       5.346129847119e-11 
 1714       5.352716381683e-11 
 1715       5.359146869485e-11 
 1716       5.365415387091e-11 
 1717       5.371515985406e-11 
 1718       5.377442689648e-11 
 1719       5.383189499304e-11 
 1720       5.388750388100e-11 
 1721       5.394119303957e-11 
 1722       5.399290168962e-11 
 1723       5.404256879328e-11 
 1724       5.409013305358e-11 
 1725       5.413553291407e-11 
 1726       5.417870655850e-11 
 1727       5.421959191040e-11 
 1728       5.425812663278e-11 
 1729       5.429424812769e-11 
 1730       5.432789353593e-11 
 1731       5.435899973664e-11 
 1732       5.438750334694e-11 
 1733       5.441334072159e-11 
 1734       5.443644795259e-11 
 1735       5.445676086887e-11 
 1736       5.447422509823e-11 
 1737       5.448882634694e-11 
 1738       5.450056037464e-11 
 1739       5.450942295521e-11 
 1740       5.451540987679e-11 
 1741       5.451851694181e-11 
 1742       5.451873996703e-11 
 1743       5.451607478359e-11 
 1744       5.451051723703e-11 
 1745       5.450206318733e-11 
 1746       5.449070850896e-11 
 1747       5.447644909088e-11 
 1748       5.445928083662e-11 
 1749       5.443919966431e-11 
 1750       5.441620150667e-11 
 1751       5.439028231111e-11 
 1752       5.436143803972e-11 
 1753       5.432966466934e-11 
 1754       5.429495819156e-11 
 1755       5.425731461279e-11 
 1756       5.421672995428e-11 
 1757       5.417320025215e-11 
 1758       5.412672155745e-11 
 1759       5.407728993617e-11 
 1760       5.402490146930e-11 
 1761       5.396955225285e-11 
 1762       5.391123839788e-11 
 1763       5.384995603056e-11 
 1764       5.378570129220e-11 
 1765       5.371847033925e-11 
 1766       5.364825934341e-11 
 1767       5.357506449159e-11 
 1768       5.349888198600e-11 
 1769       5.341970804415e-11 
 1770       5.333753889891e-11 
 1771       5.325237079854e-11 
 1772       5.316420000672e-11 
 1773       5.307302280260e-11 
 1774       5.297883548083e-11 
 1775       5.288164142267e-11 
 1776       5.278147237302e-11 
 1777       5.267836733889e-11 
 1778       5.257236553452e-11 
 1779       5.246350638171e-11 
 1780       5.235182951009e-11 
 1781       5.223737475746e-11 
 1782       5.212018217007e-11 
 1783       5.200029200293e-11 
 1784       5.187774472016e-11 
 1785       5.175258099521e-11 
 1786       5.162484171124e-11 
 1787       5.149456796139e-11 
 1788       5.136180104911e-11 
 1789       5.122658248844e-11 
 1790       5.108895400431e-11 
 1791       5.094895753289e-11 
 1792       5.080663522185e-11 
 1793       5.066202943068e-11 
 1794       5.051518273100e-11 
 1795       5.036613790688e-11 
 1796       5.021493795512e-11 
 1797       5.006162608554e-11 
 1798       4.990624572136e-11 
 1799       4.974884049940e-11 
 1800       4.958945427049e-11 
 1801       4.942813109971e-11 
 1802       4.926491526669e-11 
 1803       4.909985126598e-11 
 1804       4.893298380728e-11 
 1805       4.876435781579e-11 
 1806       4.859401843252e-11 
 1807       4.842201101456e-11 
 1808       4.824838113542e-11 
 1809       4.807317458531e-11 
 1810       4.789643737147e-11 
 1811       4.771821571845e-11 
 1812       4.753855606844e-11 
 1813       4.735750508157e-11 
 1814       4.717511049470e-11 
 1815       4.699142370484e-11 
 1816       4.680649720722e-11 
 1817       4.662038373897e-11 
 1818       4.643313627948e-11 
 1819       4.624480805072e-11 
 1820       4.605545251761e-11 
 1821       4.586512338831e-11 
 1822       4.567387461460e-11 
 1823       4.548176039220e-11 
 1824       4.528883516108e-11 
 1825       4.509515360584e-11 
 1826       4.490077065605e-11 
 1827       4.470574148653e-11 
 1828       4.451012151774e-11 
 1829       4.431396641610e-11 
 1830       4.411733209433e-11 
 1831       4.392027471177e-11 
 1832       4.372285067475e-11 
 1833       4.352511663688e-11 
 1834       4.332712949944e-11 
 1835       4.312894641169e-11 
 1836       4.293062477119e-11 
 1837       4.273222222417e-11 
 1838       4.253379666584e-11 
 1839       4.233540624076e-11 
 1840       4.213710934312e-11 
 1841       4.193896461715e-11 
 1842       4.174103095739e-11 
 1843       4.154336750909e-11 
 1844       4.134603366847e-11 
 1845       4.114908908313e-11 
 1846       4.095259365234e-11 
 1847       4.075660752742e-11 
 1848       4.056119111203e-11 
 1849       4.036640506252e-11 
 1850       4.017231028829e-11 
 1851       3.997896795210e-11 
 1852       3.978643947043e-11 
 1853       3.959478186178e-11 
 1854       3.940403375074e-11 
 1855       3.921422925407e-11 
 1856       3.902540262284e-11 
 1857       3.883758824265e-11 
 1858       3.865082063373e-11 
 1859       3.846513445117e-11 
 1860       3.828056448510e-11 
 1861       3.809714566081e-11 
 1862       3.791491303898e-11 
 1863       3.773390181582e-11 
 1864       3.755414732329e-11 
 1865       3.737568502919e-11 
 1866       3.719855053743e-11 
 1867       3.702277958814e-11 
 1868       3.684840805787e-11 
 1869       3.667547195975e-11 
 1870       3.650400744369e-11 
 1871       3.633405079654e-11 
 1872       3.616563844223e-11 
 1873       3.599880694201e-11 
 1874       3.583359299458e-11 
 1875       3.567003343628e-11 
 1876       3.550816524125e-11 
 1877       3.534802552163e-11 
 1878       3.518965152770e-11 
 1879       3.503308064808e-11 
 1880       3.487835040990e-11 
 1881       3.472549847899e-11 
 1882       3.457456265999e-11 
 1883       3.442558089662e-11 
 1884       3.427859127177e-11 
 1885       3.413363200774e-11 
 1886       3.399074146635e-11 
 1887       3.384995814917e-11 
 1888       3.371132069766e-11 
 1889       3.357486789339e-11 
 1890       3.344063865813e-11 
 1891       3.330867205411e-11 
 1892       3.317900066543e-11 
 1893       3.305163068606e-11 
 1894       3.292656167818e-11 
 1895       3.280379317686e-11 
 1896       3.268332469003e-11 
 1897       3.256515569840e-11 
 1898       3.244928565544e-11 
 1899       3.233571398735e-11 
 1900       3.222444009296e-11 
 1901       3.211546334371e-11 
 1902       3.200878308364e-11 
 1903       3.190439862927e-11 
 1904       3.180230926959e-11 
 1905       3.170251426605e-11 
 1906       3.160501285243e-11 
 1907       3.150980423486e-11 
 1908       3.141688759175e-11 
 1909       3.132626207373e-11 
 1910       3.123792680364e-11 
 1911       3.115188087642e-11 
 1912       3.106812335914e-11 
 1913       3.098665329088e-11 
 1914       3.090746968274e-11 
 1915       3.083057151776e-11 
 1916       3.075595775087e-11 
 1917       3.068362730887e-11 
 1918       3.061357909036e-11 
 1919       3.054581196570e-11 
 1920       3.048032477695e-11 
 1921       3.041711633785e-11 
 1922       3.035618543375e-11 
 1923       3.029753082156e-11 
 1924       3.024115122974e-11 
 1925       3.018704535819e-11 
 1926       3.013521187825e-11 
 1927       3.008564943266e-11 
 1928       3.003835663546e-11 
 1929       2.999333207200e-11 
 1930       2.995057429884e-11 
 1931       2.991007724414e-11 
 1932       2.987181637058e-11 
 1933       2.983576240741e-11 
 1934       2.980188594042e-11 
 1935       2.977015741170e-11 
 1936       2.974054711945e-11 
 1937       2.971302521779e-11 
 1938       2.968756171656e-11 
 1939       2.966412648114e-11 
 1940       2.964268923225e-11 
 1941       2.962321954572e-11 
 1942       2.960568685234e-11 
 1943       2.959006043765e-11 
 1944       2.957630944174e-11 
 1945       2.956440285905e-11 
 1946       2.955430953819e-11 
 1947       2.954599818174e-11 
 1948       2.953943734603e-11 
 1949       2.953459544099e-11 
 1950       2.953144072991e-11 
 1951       2.952994132928e-11 
 1952       2.953006520858e-11 
 1953       2.953178019007e-11 
 1954       2.953505394862e-11 
 1955       2.953985401150e-11 
 1956       2.954614775818e-11 
 1957       2.955390242017e-11 
 1958       2.956308508076e-11 
 1959       2.957366267490e-11 
 1960       2.958560198893e-11 
 1961       2.959886966045e-11 
 1962       2.961343217809e-11 
 1963       2.962925588131e-11 
 1964       2.964630696022e-11 
 1965       2.966455145540e-11 
 1966       2.968395525765e-11 
 1967       2.970448410785e-11 
 1968       2.972610359675e-11 
 1969       2.974877916475e-11 
 1970       2.977247568348e-11 
 1971       2.979715619735e-11 
 1972       2.982278317225e-11 
 1973       2.984931891273e-11 
 1974       2.987672556184e-11 
 1975       2.990496510086e-11 
 1976       2.993399934915e-11 
 1977       2.996378996390e-11 
 1978       2.999429843993e-11 
 1979       3.002548610951e-11 
 1980       3.005731414212e-11 
 1981       3.008974354425e-11 
 1982       3.012273515920e-11 
 1983       3.015624966685e-11 
 1984       3.019024758348e-11 
 1985       3.022468926156e-11 
 1986       3.025953488952e-11 
 1987       3.029474449153e-11 
 1988       3.033027792736e-11 
 1989       3.036609489210e-11 
 1990       3.040215491596e-11 
 1991       3.043841736412e-11 
 1992       3.047484143646e-11 
 1993       3.051138616737e-11 
 1994       3.054801042555e-11 
 1995       3.058467291379e-11 
 1996       3.062133216879e-11 
 1997       3.065794656091e-11 
 1998       3.069447429398e-11 
 1999       3.073087340510e-11 
 2000       3.076710176443e-11 
 2001       3.080311707498e-11 
 2002       3.083887687238e-11 
 2003       3.087433852471e-11 
 2004       3.090945923227e-11 
 2005       3.094419602736e-11 
 2006       3.097850577410e-11 
 2007       3.101234516820e-11 
 2008       3.104567073676e-11 
 2009       3.107844213666e-11 
 2010       3.111063207637e-11 
 2011       3.114221646600e-11 
 2012       3.117317112518e-11 
 2013       3.120347178293e-11 
 2014       3.123309407753e-11 
 2015       3.126201355647e-11 
 2016       3.129020567628e-11 
 2017       3.131764580246e-11 
 2018       3.134430920934e-11 
 2019       3.137017108000e-11 
 2020       3.139520650612e-11 
 2021       3.141939048792e-11 
 2022       3.144269793399e-11 
 2023       3.146510366125e-11 
 2024       3.148658239478e-11 
 2025       3.150710876773e-11 
 2026       3.152665732122e-11 
 2027       3.154520250422e-11 
 2028       3.156271867345e-11 
 2029       3.157918009324e-11 
 2030       3.159456093545e-11 
 2031       3.160883527937e-11 
 2032       3.162197711156e-11 
 2033       3.163396032580e-11 
 2034       3.164475872292e-11 
 2035       3.165434601075e-11 
 2036       3.166269580395e-11 
 2037       3.166978162394e-11 
 2038       3.167557689881e-11 
 2039       3.168005496312e-11 
 2040       3.168318905791e-11 
 2041       3.168495233047e-11 
 2042       3.168531783434e-11 
 2043       3.168425852912e-11 
 2044       3.168174728039e-11 
 2045       3.167775685960e-11 
 2046       3.167225994396e-11 
 2047       3.166522911632e-11 
 2048       3.165664148157e-11 
 2049       3.164649255199e-11 
 2050       3.163478246094e-11 
 2051       3.162151135533e-11 
 2052       3.160667939571e-11 
 2053       3.159028675626e-11 
 2054       3.157233362480e-11 
 2055       3.155282020284e-11 
 2056       3.153174670559e-11 
 2057       3.150911336198e-11 
 2058       3.148492041466e-11 
 2059       3.145916812008e-11 
 2060       3.143185674846e-11 
 2061       3.140298658381e-11 
 2062       3.137255792400e-11 
 2063       3.134057108073e-11 
 2064       3.130702637958e-11 
 2065       3.127192416003e-11 
 2066       3.123526477546e-11 
 2067       3.119704859322e-11 
 2068       3.115727599458e-11 
 2069       3.111594737482e-11 
 2070       3.107306314322e-11 
 2071       3.102862372307e-11 
 2072       3.098262955173e-11 
 2073       3.093508108061e-11 
 2074       3.088597877522e-11 
 2075       3.083532311519e-11 
 2076       3.078311459426e-11 
 2077       3.072935372035e-11 
 2078       3.067404101555e-11 
 2079       3.061717701615e-11 
 2080       3.055876227267e-11 
 2081       3.049879734984e-11 
 2082       3.043728282671e-11 
 2083       3.037421929656e-11 
 2084       3.030960736703e-11 
 2085       3.024344766005e-11 
 2086       3.017574081192e-11 
 2087       3.010649074034e-11 
 2088       3.003571447053e-11 
 2089       2.996343237806e-11 
 2090       2.988966492822e-11 
 2091       2.981443267612e-11 
 2092       2.973775626678e-11 
 2093       2.965965643527e-11 
 2094       2.958015400682e-11 
 2095       2.949926989692e-11 
 2096       2.941702511142e-11 
 2097       2.933344074668e-11 
 2098       2.924853798964e-11 
 2099       2.916233811798e-11 
 2100       2.907486250016e-11 
 2101       2.898613259562e-11 
 2102       2.889616995482e-11 
 2103       2.880499621937e-11 
 2104       2.871263312218e-11 
 2105       2.861910248751e-11 
 2106       2.852442623113e-11 
 2107       2.842862636043e-11 
 2108       2.833172497448e-11 
 2109       2.823374426421e-11 
 2110       2.813470651247e-11 
 2111       2.803463409418e-11 
 2112       2.793354947640e-11 
 2113       2.783147521850e-11 
 2114       2.772843397221e-11 
 2115       2.762444848176e-11 
 2116       2.751954158401e-11 
 2117       2.741373620852e-11 
 2118       2.730705537770e-11 
 2119       2.719952220690e-11 
 2120       2.709115990453e-11 
 2121       2.698199177217e-11 
 2122       2.687204120468e-11 
 2123       2.676133169030e-11 
 2124       2.664988681081e-11 
 2125       2.653773024157e-11 
 2126       2.642488616745e-11 
 2127       2.631138053339e-11 
 2128       2.619723980264e-11 
 2129       2.608249054192e-11 
 2130       2.596715942155e-11 
 2131       2.585127321555e-11 
 2132       2.573485880178e-11 
 2133       2.561794316206e-11 
 2134       2.550055338228e-11 
 2135       2.538271665255e-11 
 2136       2.526446026729e-11 
 2137       2.514581162536e-11 
 2138       2.502679823023e-11 
 2139       2.490744769003e-11 
 2140       2.478778771770e-11 
 2141       2.466784613116e-11 
 2142       2.454765085335e-11 
 2143       2.442722991242e-11 
 2144       2.430661144183e-11 
 2145       2.418582368045e-11 
 2146       2.406489497271e-11 
 2147       2.394385376874e-11 
 2148       2.382272862444e-11 
 2149       2.370154820165e-11 
 2150       2.358034126823e-11 
 2151       2.345913669825e-11 
 2152       2.333796347203e-11 
 2153       2.321685067632e-11 
 2154       2.309582750441e-11 
 2155       2.297492325624e-11 
 2156       2.285416733853e-11 
 2157       2.273358926491e-11 
 2158       2.261321865604e-11 
 2159       2.249308523972e-11 
 2160       2.237321885103e-11 
 2161       2.225364943245e-11 
 2162       2.213440703397e-11 
 2163       2.201552181321e-11 
 2164       2.189702403557e-11 
 2165       2.177894193984e-11 
 2166       2.166129531902e-11 
 2167       2.154410189634e-11 
 2168       2.142737945590e-11 
 2169       2.131114584271e-11 
 2170       2.119541896277e-11 
 2171       2.108021678313e-11 
 2172       2.096555733199e-11 
 2173       2.085145869873e-11 
 2174       2.073793903400e-11 
 2175       2.062501654978e-11 
 2176       2.051270951944e-11 
 2177       2.040103627783e-11 
 2178       2.029001522134e-11 
 2179       2.017966480795e-11 
 2180       2.007000355732e-11 
 2181       1.996105005085e-11 
 2182       1.985282293176e-11 
 2183       1.974534090512e-11 
 2184       1.963862273797e-11 
 2185       1.953268725935e-11 
 2186       1.942755336039e-11 
 2187       1.932323999436e-11 
 2188       1.921976617677e-11 
 2189       1.911715098538e-11 
 2190       1.901541356034e-11 
 2191       1.891457310419e-11 
 2192       1.881464888198e-11 
 2193       1.871566022133e-11 
 2194       1.861762651246e-11 
 2195       1.852056720829e-11 
 2196       1.842450182452e-11 
 2197       1.832944993967e-11 
 2198       1.823543119516e-11 
 2199       1.814246529538e-11 
 2200       1.805057200776e-11 
 2201       1.795977116281e-11 
 2202       1.787008265424e-11 
 2203       1.778152643900e-11 
 2204       1.769411942541e-11 
 2205       1.760786611494e-11 
 2206       1.752276789843e-11 
 2207       1.743882616236e-11 
 2208       1.735604228880e-11 
 2209       1.727441765548e-11 
 2210       1.719395363570e-11 
 2211       1.711465159839e-11 
 2212       1.703651290803e-11 
 2213       1.695953892471e-11 
 2214       1.688373100408e-11 
 2215       1.680909049736e-11 
 2216       1.673561875132e-11 
 2217       1.666331710827e-11 
 2218       1.659218690607e-11 
 2219       1.652222947809e-11 
 2220       1.645344615324e-11 
 2221       1.638583825593e-11 
 2222       1.631940710607e-11 
 2223       1.625415401906e-11 
 2224       1.619008030579e-11 
 2225       1.612718727264e-11 
 2226       1.606547622144e-11 
 2227       1.600494844948e-11 
 2228       1.594560524950e-11 
 2229       1.588744790969e-11 
 2230       1.583047771367e-11 
 2231       1.577469594048e-11 
 2232       1.572010386457e-11 
 2233       1.566670275581e-11 
 2234       1.561449387946e-11 
 2235       1.556347849617e-11 
 2236       1.551365786197e-11 
 2237       1.546503322827e-11 
 2238       1.541760584183e-11 
 2239       1.537137694478e-11 
 2240       1.532634777458e-11 
 2241       1.528251956403e-11 
 2242       1.523989354128e-11 
 2243       1.519846864648e-11 
 2244       1.515823466567e-11 
 2245       1.511917905208e-11 
 2246       1.508128920531e-11 
 2247       1.504455247124e-11 
 2248       1.500895614198e-11 
 2249       1.497448745580e-11 
 2250       1.494113359709e-11 
 2251       1.490888169627e-11 
 2252       1.487771882974e-11 
 2253       1.484763201981e-11 
 2254       1.481860823463e-11 
 2255       1.479063438817e-11 
 2256       1.476369734010e-11 
 2257       1.473778389574e-11 
 2258       1.471288080604e-11 
 2259       1.468897476746e-11 
 2260       1.466605242194e-11 
 2261       1.464410035684e-11 
 2262       1.462310510484e-11 
 2263       1.460305314393e-11 
 2264       1.458393089730e-11 
 2265       1.456572473331e-11 
 2266       1.454842096540e-11 
 2267       1.453200585205e-11 
 2268       1.451646559671e-11 
 2269       1.450178634772e-11 
 2270       1.448795419827e-11 
 2271       1.447495518633e-11 
 2272       1.446277529457e-11 
 2273       1.445140045034e-11 
 2274       1.444081652555e-11 
 2275       1.443100933665e-11 
 2276       1.442196464454e-11 
 2277       1.441366815454e-11 
 2278       1.440610551629e-11 
 2279       1.439926232370e-11 
 2280       1.439312411490e-11 
 2281       1.438767637216e-11 
 2282       1.438290409839e-11 
 2283       1.437879054378e-11 
 2284       1.437531847085e-11 
 2285       1.437247057710e-11 
 2286       1.437022949492e-11 
 2287       1.436857779155e-11 
 2288       1.436749796897e-11 
 2289       1.436697246385e-11 
 2290       1.436698364745e-11 
 2291       1.436751382559e-11 
 2292       1.436854523854e-11 
 2293       1.437006006097e-11 
 2294       1.437204040185e-11 
 2295       1.437446830443e-11 
 2296       1.437732574609e-11 
 2297       1.438059463834e-11 
 2298       1.438425682670e-11 
 2299       1.438829409066e-11 
 2300       1.439268814356e-11 
 2301       1.439742063258e-11 
 2302       1.440247313863e-11 
 2303       1.440782717626e-11 
 2304       1.441346419362e-11 
 2305       1.441936557240e-11 
 2306       1.442551262770e-11 
 2307       1.443188660800e-11 
 2308       1.443846869509e-11 
 2309       1.444524000398e-11 
 2310       1.445218158282e-11 
 2311       1.445927441285e-11 
 2312       1.446649940832e-11 
 2313       1.447383741640e-11 
 2314       1.448126921713e-11 
 2315       1.448877552333e-11 
 2316       1.449633698055e-11 
 2317       1.450393416698e-11 
 2318       1.451154759335e-11 
 2319       1.451915770291e-11 
 2320       1.452674487135e-11 
 2321       1.453429070460e-11 
 2322       1.454178194154e-11 
 2323       1.454920657579e-11 
 2324       1.455655255998e-11 
 2325       1.456380780572e-11 
 2326       1.457096018355e-11 
 2327       1.457799752286e-11 
 2328       1.458490761193e-11 
 2329       1.459167819779e-11 
 2330       1.459829698624e-11 
 2331       1.460475164179e-11 
 2332       1.461102978761e-11 
 2333       1.461711900548e-11 
 2334       1.462300683576e-11 
 2335       1.462868077735e-11 
 2336       1.463412828762e-11 
 2337       1.463933678239e-11 
 2338       1.464429363588e-11 
 2339       1.464898618068e-11 
 2340       1.465340170765e-11 
 2341       1.465752746596e-11 
 2342       1.466135066299e-11 
 2343       1.466485846428e-11 
 2344       1.466803799353e-11 
 2345       1.467087633251e-11 
 2346       1.467336052106e-11 
 2347       1.467547755701e-11 
 2348       1.467721439614e-11 
 2349       1.467855795217e-11 
 2350       1.467949509666e-11 
 2351       1.468001265903e-11 
 2352       1.468009742646e-11 
 2353       1.467973614388e-11 
 2354       1.467891551390e-11 
 2355       1.467762219681e-11 
 2356       1.467584281048e-11 
 2357       1.467356393037e-11 
 2358       1.467077208942e-11 
 2359       1.466745377809e-11 
 2360       1.466359746943e-11 
 2361       1.465919970842e-11 
 2362       1.465425906033e-11 
 2363       1.464877408901e-11 
 2364       1.464274335682e-11 
 2365       1.463616542472e-11 
 2366       1.462903885217e-11 
 2367       1.462136219723e-11 
 2368       1.461313401646e-11 
 2369       1.460435286500e-11 
 2370       1.459501729654e-11 
 2371       1.458512586331e-11 
 2372       1.457467711607e-11 
 2373       1.456366960416e-11 
 2374       1.455210187545e-11 
 2375       1.453997247637e-11 
 2376       1.452727995186e-11 
 2377       1.451402284546e-11 
 2378       1.450019969921e-11 
 2379       1.448580905372e-11 
 2380       1.447084944815e-11 
 2381       1.445531942017e-11 
 2382       1.443921750605e-11 
 2383       1.442254224054e-11 
 2384       1.440529215699e-11 
 2385       1.438746578726e-11 
 2386       1.436906166176e-11 
 2387       1.435007830946e-11 
 2388       1.433051425784e-11 
 2389       1.431036803295e-11 
 2390       1.428963815938e-11 
 2391       1.426832316024e-11 
 2392       1.424642155719e-11 
 2393       1.422393187045e-11 
 2394       1.420085261876e-11 
 2395       1.417718231940e-11 
 2396       1.415291948820e-11 
 2397       1.412806263952e-11 
 2398       1.410261028627e-11 
 2399       1.407656235100e-11 
 2400       1.404992440871e-11 
 2401       1.402270346996e-11 
 2402       1.399490657209e-11 
 2403       1.396654077932e-11 
 2404       1.393761318272e-11 
 2405       1.390813090026e-11 
 2406       1.387810107685e-11 
 2407       1.384753088435e-11 
 2408       1.381642752160e-11 
 2409       1.378479821447e-11 
 2410       1.375265021588e-11 
 2411       1.371999080579e-11 
 2412       1.368682729132e-11 
 2413       1.365316700666e-11 
 2414       1.361901731321e-11 
 2415       1.358438559954e-11 
 2416       1.354927928144e-11 
 2417       1.351370580195e-11 
 2418       1.347767263139e-11 
 2419       1.344118726738e-11 
 2420       1.340425723489e-11 
 2421       1.336689008624e-11 
 2422       1.332909340116e-11 
 2423       1.329087478678e-11 
 2424       1.325224187771e-11 
 2425       1.321320233601e-11 
 2426       1.317376385128e-11 
 2427       1.313393414065e-11 
 2428       1.309372094880e-11 
 2429       1.305313204803e-11 
 2430       1.301217523826e-11 
 2431       1.297085834706e-11 
 2432       1.292918922969e-11 
 2433       1.288717576913e-11 
 2434       1.284482587609e-11 
 2435       1.280214748905e-11 
 2436       1.275914857431e-11 
 2437       1.271583712598e-11 
 2438       1.267222189201e-11 
 2439       1.262831455686e-11 
 2440       1.258412757198e-11 
 2441       1.253967343109e-11 
 2442       1.249496467021e-11 
 2443       1.245001386771e-11 
 2444       1.240483364434e-11 
 2445       1.235943666329e-11 
 2446       1.231383563023e-11 
 2447       1.226804329336e-11 
 2448       1.222207244343e-11 
 2449       1.217593591381e-11 
 2450       1.212964658052e-11 
 2451       1.208321736227e-11 
 2452       1.203666122052e-11 
 2453       1.198999115951e-11 
 2454       1.194322022631e-11 
 2455       1.189636151086e-11 
 2456       1.184942814603e-11 
 2457       1.180243330761e-11 
 2458       1.175539021444e-11 
 2459       1.170831212837e-11 
 2460       1.166121235436e-11 
 2461       1.161410424049e-11 
 2462       1.156700117804e-11 
 2463       1.151991660150e-11 
 2464       1.147286398860e-11 
 2465       1.142585686042e-11 
 2466       1.137890878137e-11 
 2467       1.133203335925e-11 
 2468       1.128524424533e-11 
 2469       1.123855513432e-11 
 2470       1.119197976449e-11 
 2471       1.114553191768e-11 
 2472       1.109922541932e-11 
 2473       1.105307413853e-11 
 2474       1.100709198811e-11 
 2475       1.096129292461e-11 
 2476       1.091569094837e-11 
 2477       1.087029647866e-11 
 2478       1.082510545557e-11 
 2479       1.078011017378e-11 
 2480       1.073530290159e-11 
 2481       1.069067588088e-11 
 2482       1.064622132712e-11 
 2483       1.060193142930e-11 
 2484       1.055779834993e-11 
 2485       1.051381422501e-11 
 2486       1.046997116399e-11 
 2487       1.042626124975e-11 
 2488       1.038267653857e-11 
 2489       1.033920906013e-11 
 2490       1.029585081743e-11 
 2491       1.025259378680e-11 
 2492       1.020942991788e-11 
 2493       1.016635113355e-11 
 2494       1.012334932996e-11 
 2495       1.008041637645e-11 
 2496       1.003754411556e-11 
 2497       9.994724362986e-12 
 2498       9.951948907549e-12 
 2499       9.909209511183e-12 
 2500       9.866497908895e-12 
