# dimensionless total [l(l+1)/2pi] C_l's
# for l=2 to 2500, i.e. number of multipoles equal to 2499
#
# -> if you prefer output in CAMB/HealPix/LensPix units/order, set 'format' to 'camb' in input file
# -> if you don't want to see such a header, set 'headers' to 'no' in input file
#
# 1:l     2:TT                 
    2       7.491501141118e-06 
    3       1.957855663141e-07 
    4       3.791723771537e-09 
    5       1.595541746729e-10 
    6       1.105416313881e-10 
    7       1.084229415544e-10 
    8       1.075213933174e-10 
    9       1.072718348777e-10 
   10       1.074470528448e-10 
   11       1.080174372018e-10 
   12       1.088343682377e-10 
   13       1.098587112767e-10 
   14       1.110622540199e-10 
   15       1.124266694038e-10 
   16       1.138788606249e-10 
   17       1.154577116451e-10 
   18       1.164413250959e-10 
   19       1.188053825887e-10 
   20       1.208037839176e-10 
   21       1.224445102764e-10 
   22       1.242744275496e-10 
   23       1.262961274081e-10 
   24       1.283224720149e-10 
   25       1.303486115951e-10 
   26       1.324128199553e-10 
   27       1.345307491316e-10 
   28       1.366940146807e-10 
   29       1.388804113797e-10 
   30       1.410960808010e-10 
   31       1.433465143512e-10 
   32       1.456278016935e-10 
   33       1.479397069728e-10 
   34       1.502750374335e-10 
   35       1.526219121749e-10 
   36       1.549878165590e-10 
   37       1.573824377694e-10 
   38       1.598104991746e-10 
   39       1.622722719893e-10 
   40       1.647668337062e-10 
   41       1.672888789216e-10 
   42       1.698271519256e-10 
   43       1.723694413441e-10 
   44       1.749207041630e-10 
   45       1.774896827463e-10 
   46       1.800836779841e-10 
   47       1.827083600526e-10 
   48       1.853673459214e-10 
   49       1.880612326057e-10 
   50       1.907879662634e-10 
   51       1.935428554633e-10 
   52       1.963183700436e-10 
   53       1.991069676451e-10 
   54       2.019108896054e-10 
   55       2.047345334491e-10 
   56       2.075815731746e-10 
   57       2.104548850601e-10 
   58       2.133564734687e-10 
   59       2.162876765028e-10 
   60       2.192500072480e-10 
   61       2.222443771095e-10 
   62       2.252707697535e-10 
   63       2.283281763991e-10 
   64       2.314145311099e-10 
   65       2.345276698149e-10 
   66       2.376685887828e-10 
   67       2.408387626035e-10 
   68       2.440391459531e-10 
   69       2.472701375212e-10 
   70       2.505315439389e-10 
   71       2.538225437059e-10 
   72       2.571422575103e-10 
   73       2.604916660864e-10 
   74       2.638719970147e-10 
   75       2.672841290988e-10 
   76       2.707285701365e-10 
   77       2.742054346927e-10 
   78       2.777144218713e-10 
   79       2.812547930870e-10 
   80       2.848257957934e-10 
   81       2.884280683134e-10 
   82       2.920624395449e-10 
   83       2.957294909202e-10 
   84       2.994295424372e-10 
   85       3.031626386888e-10 
   86       3.069285348948e-10 
   87       3.107266829312e-10 
   88       3.145562173615e-10 
   89       3.184162785685e-10 
   90       3.223070706924e-10 
   91       3.262289446835e-10 
   92       3.301820671793e-10 
   93       3.341664115853e-10 
   94       3.381817491558e-10 
   95       3.422276400746e-10 
   96       3.463034245358e-10 
   97       3.504082138243e-10 
   98       3.545408813969e-10 
   99       3.587003441787e-10 
  100       3.628864711965e-10 
  101       3.670992876747e-10 
  102       3.713386909683e-10 
  103       3.756044451612e-10 
  104       3.798961756646e-10 
  105       3.842133638158e-10 
  106       3.885553414764e-10 
  107       3.929212856309e-10 
  108       3.973102129855e-10 
  109       4.017209745662e-10 
  110       4.061524491266e-10 
  111       4.106041630916e-10 
  112       4.150757402136e-10 
  113       4.195667064475e-10 
  114       4.240764865034e-10 
  115       4.286044003984e-10 
  116       4.331496600097e-10 
  117       4.377113656265e-10 
  118       4.422885025025e-10 
  119       4.468799374088e-10 
  120       4.514844151854e-10 
  121       4.561005552946e-10 
  122       4.607268483724e-10 
  123       4.653618367850e-10 
  124       4.700046871240e-10 
  125       4.746546772897e-10 
  126       4.793110163985e-10 
  127       4.839728427840e-10 
  128       4.886392219964e-10 
  129       4.933091448032e-10 
  130       4.979815251886e-10 
  131       5.026551983544e-10 
  132       5.073289187194e-10 
  133       5.120013579202e-10 
  134       5.166711028107e-10 
  135       5.213366534626e-10 
  136       5.259964211651e-10 
  137       5.306488650264e-10 
  138       5.352929219627e-10 
  139       5.399276176189e-10 
  140       5.445519306507e-10 
  141       5.491647916045e-10 
  142       5.537650817969e-10 
  143       5.583516321946e-10 
  144       5.629232222944e-10 
  145       5.674785790032e-10 
  146       5.720163755173e-10 
  147       5.765352302027e-10 
  148       5.810337054748e-10 
  149       5.855103066781e-10 
  150       5.899634809663e-10 
  151       5.943916161818e-10 
  152       5.987930397360e-10 
  153       6.031661407078e-10 
  154       6.075097512678e-10 
  155       6.118227987318e-10 
  156       6.161041850394e-10 
  157       6.203527862611e-10 
  158       6.245674521062e-10 
  159       6.287470054296e-10 
  160       6.328902417393e-10 
  161       6.369959287041e-10 
  162       6.410628056608e-10 
  163       6.450895831215e-10 
  164       6.490749422810e-10 
  165       6.530175345244e-10 
  166       6.569159809342e-10 
  167       6.607688717980e-10 
  168       6.645747661154e-10 
  169       6.683321911060e-10 
  170       6.720396417163e-10 
  171       6.756956782788e-10 
  172       6.792992296568e-10 
  173       6.828493145502e-10 
  174       6.863449455271e-10 
  175       6.897851289322e-10 
  176       6.931688647941e-10 
  177       6.964951467338e-10 
  178       6.997629618719e-10 
  179       7.029712907368e-10 
  180       7.061191071725e-10 
  181       7.092053782465e-10 
  182       7.122290641573e-10 
  183       7.151891181426e-10 
  184       7.180844863871e-10 
  185       7.209141079302e-10 
  186       7.236769145739e-10 
  187       7.263718307906e-10 
  188       7.289977736311e-10 
  189       7.315536526322e-10 
  190       7.340383697247e-10 
  191       7.364508931581e-10 
  192       7.387904856590e-10 
  193       7.410564932486e-10 
  194       7.432482729134e-10 
  195       7.453651927553e-10 
  196       7.474066321421e-10 
  197       7.493719818570e-10 
  198       7.512606442489e-10 
  199       7.530720333824e-10 
  200       7.548055751879e-10 
  201       7.564607076114e-10 
  202       7.580368807651e-10 
  203       7.595335570767e-10 
  204       7.609502114400e-10 
  205       7.622863313647e-10 
  206       7.635414171264e-10 
  207       7.647149819169e-10 
  208       7.658065519941e-10 
  209       7.668156668318e-10 
  210       7.677418792702e-10 
  211       7.685847556655e-10 
  212       7.693438760403e-10 
  213       7.700188725641e-10 
  214       7.706095475749e-10 
  215       7.711157638212e-10 
  216       7.715374070971e-10 
  217       7.718743864933e-10 
  218       7.721266346481e-10 
  219       7.722941079978e-10 
  220       7.723767870287e-10 
  221       7.723746765270e-10 
  222       7.722878058303e-10 
  223       7.721162290787e-10 
  224       7.718600254652e-10 
  225       7.715192994871e-10 
  226       7.710941811968e-10 
  227       7.705848264528e-10 
  228       7.699914171705e-10 
  229       7.693141615733e-10 
  230       7.685532944436e-10 
  231       7.677090773736e-10 
  232       7.667817990164e-10 
  233       7.657717753368e-10 
  234       7.646793498622e-10 
  235       7.635048939340e-10 
  236       7.622488069580e-10 
  237       7.609115166555e-10 
  238       7.594934747006e-10 
  239       7.579951428176e-10 
  240       7.564170063284e-10 
  241       7.547595789294e-10 
  242       7.530234029340e-10 
  243       7.512090495127e-10 
  244       7.493171189353e-10 
  245       7.473482408113e-10 
  246       7.453030743316e-10 
  247       7.431823085096e-10 
  248       7.409866624224e-10 
  249       7.387168854521e-10 
  250       7.363737575267e-10 
  251       7.339580893618e-10 
  252       7.314707227016e-10 
  253       7.289125305599e-10 
  254       7.262844174616e-10 
  255       7.235873196838e-10 
  256       7.208222054972e-10 
  257       7.179900754070e-10 
  258       7.150919623943e-10 
  259       7.121289321574e-10 
  260       7.091020833528e-10 
  261       7.060125478366e-10 
  262       7.028614909058e-10 
  263       6.996501115390e-10 
  264       6.963796426384e-10 
  265       6.930513512704e-10 
  266       6.896664796837e-10 
  267       6.862260643185e-10 
  268       6.827311074385e-10 
  269       6.791826356096e-10 
  270       6.755816998411e-10 
  271       6.719293757270e-10 
  272       6.682267635868e-10 
  273       6.644749886073e-10 
  274       6.606752009829e-10 
  275       6.568285760576e-10 
  276       6.529363144655e-10 
  277       6.489996422722e-10 
  278       6.450198111162e-10 
  279       6.409980983495e-10 
  280       6.369358071792e-10 
  281       6.328342668087e-10 
  282       6.286948325784e-10 
  283       6.245188861073e-10 
  284       6.203078354338e-10 
  285       6.160631151573e-10 
  286       6.117861865788e-10 
  287       6.074785378426e-10 
  288       6.031416840770e-10 
  289       5.987771675357e-10 
  290       5.943865577388e-10 
  291       5.899714516144e-10 
  292       5.855334736390e-10 
  293       5.810742759793e-10 
  294       5.765955386329e-10 
  295       5.720989695699e-10 
  296       5.675863048738e-10 
  297       5.630592034248e-10 
  298       5.585189249881e-10 
  299       5.539666367201e-10 
  300       5.494035172117e-10 
  301       5.448307564861e-10 
  302       5.402495559971e-10 
  303       5.356611286271e-10 
  304       5.310666986854e-10 
  305       5.264675019065e-10 
  306       5.218647854481e-10 
  307       5.172598078892e-10 
  308       5.126538392284e-10 
  309       5.080481608822e-10 
  310       5.034440656827e-10 
  311       4.988428578764e-10 
  312       4.942458531218e-10 
  313       4.896543784880e-10 
  314       4.850697724525e-10 
  315       4.804933848999e-10 
  316       4.759265771192e-10 
  317       4.713707218030e-10 
  318       4.668272030448e-10 
  319       4.622974163379e-10 
  320       4.577827685728e-10 
  321       4.532846780361e-10 
  322       4.488045744081e-10 
  323       4.443438987614e-10 
  324       4.399041035589e-10 
  325       4.354866526517e-10 
  326       4.310930212778e-10 
  327       4.267246960598e-10 
  328       4.223831750035e-10 
  329       4.180699674955e-10 
  330       4.137865943020e-10 
  331       4.095345875664e-10 
  332       4.053153724897e-10 
  333       4.011299066710e-10 
  334       3.969790250246e-10 
  335       3.928635565487e-10 
  336       3.887843241955e-10 
  337       3.847421447408e-10 
  338       3.807378286536e-10 
  339       3.767721799661e-10 
  340       3.728459961432e-10 
  341       3.689600679523e-10 
  342       3.651151793332e-10 
  343       3.613121072677e-10 
  344       3.575516216495e-10 
  345       3.538344851536e-10 
  346       3.501614531064e-10 
  347       3.465332733553e-10 
  348       3.429506861386e-10 
  349       3.394144239548e-10 
  350       3.359252114329e-10 
  351       3.324837652018e-10 
  352       3.290907937602e-10 
  353       3.257469973461e-10 
  354       3.224530678070e-10 
  355       3.192096884691e-10 
  356       3.160175340075e-10 
  357       3.128772703156e-10 
  358       3.097895543752e-10 
  359       3.067550341260e-10 
  360       3.037743483351e-10 
  361       3.008481264674e-10 
  362       2.979769885549e-10 
  363       2.951615450664e-10 
  364       2.924023967774e-10 
  365       2.897001346398e-10 
  366       2.870553396518e-10 
  367       2.844685827273e-10 
  368       2.819404245660e-10 
  369       2.794714155229e-10 
  370       2.770620954781e-10 
  371       2.747129335395e-10 
  372       2.724241448158e-10 
  373       2.701958662238e-10 
  374       2.680282158265e-10 
  375       2.659212926508e-10 
  376       2.638751765050e-10 
  377       2.618899277962e-10 
  378       2.599655873473e-10 
  379       2.581021762151e-10 
  380       2.562996955072e-10 
  381       2.545581261999e-10 
  382       2.528774289550e-10 
  383       2.512575439380e-10 
  384       2.496983906347e-10 
  385       2.481998676695e-10 
  386       2.467618526219e-10 
  387       2.453842018449e-10 
  388       2.440667502815e-10 
  389       2.428093112829e-10 
  390       2.416116764255e-10 
  391       2.404736153283e-10 
  392       2.393948754707e-10 
  393       2.383751820094e-10 
  394       2.374142375964e-10 
  395       2.365117221959e-10 
  396       2.356672929022e-10 
  397       2.348805837568e-10 
  398       2.341512055659e-10 
  399       2.334787457179e-10 
  400       2.328627680009e-10 
  401       2.323028124197e-10 
  402       2.317983950140e-10 
  403       2.313490076750e-10 
  404       2.309541179635e-10 
  405       2.306131689268e-10 
  406       2.303255789165e-10 
  407       2.300907414059e-10 
  408       2.299080248070e-10 
  409       2.297767722887e-10 
  410       2.296963015934e-10 
  411       2.296659509422e-10 
  412       2.296852189083e-10 
  413       2.297536291265e-10 
  414       2.298706845038e-10 
  415       2.300358670688e-10 
  416       2.302486378222e-10 
  417       2.305084365867e-10 
  418       2.308146818571e-10 
  419       2.311667706506e-10 
  420       2.315640783565e-10 
  421       2.320059585867e-10 
  422       2.324917430254e-10 
  423       2.330207412797e-10 
  424       2.335922407290e-10 
  425       2.342055063758e-10 
  426       2.348597806952e-10 
  427       2.355542834855e-10 
  428       2.362882117179e-10 
  429       2.370607393867e-10 
  430       2.378710173595e-10 
  431       2.387181732272e-10 
  432       2.396013111540e-10 
  433       2.405195117277e-10 
  434       2.414718318097e-10 
  435       2.424573043851e-10 
  436       2.434749384125e-10 
  437       2.445237186747e-10 
  438       2.456026056281e-10 
  439       2.467105352535e-10 
  440       2.478464189055e-10 
  441       2.490091431630e-10 
  442       2.501975696794e-10 
  443       2.514105350322e-10 
  444       2.526468505735e-10 
  445       2.539053022800e-10 
  446       2.551846506031e-10 
  447       2.564836303187e-10 
  448       2.578009503779e-10 
  449       2.591352937565e-10 
  450       2.604853173054e-10 
  451       2.618497813360e-10 
  452       2.632279432797e-10 
  453       2.646191764202e-10 
  454       2.660228412312e-10 
  455       2.674382853029e-10 
  456       2.688648432685e-10 
  457       2.703018367308e-10 
  458       2.717485741884e-10 
  459       2.732043509622e-10 
  460       2.746684491220e-10 
  461       2.761401374130e-10 
  462       2.776186711818e-10 
  463       2.791032923037e-10 
  464       2.805932291083e-10 
  465       2.820876963064e-10 
  466       2.835858949166e-10 
  467       2.850870121913e-10 
  468       2.865902215435e-10 
  469       2.880946824733e-10 
  470       2.895995404940e-10 
  471       2.911039270589e-10 
  472       2.926069594877e-10 
  473       2.941077408929e-10 
  474       2.956053601062e-10 
  475       2.970988916052e-10 
  476       2.985873954395e-10 
  477       3.000699171575e-10 
  478       3.015454877326e-10 
  479       3.030131234898e-10 
  480       3.044718260322e-10 
  481       3.059205821675e-10 
  482       3.073583638340e-10 
  483       3.087841280278e-10 
  484       3.101968167286e-10 
  485       3.115953568267e-10 
  486       3.129786600490e-10 
  487       3.143456228856e-10 
  488       3.156951265166e-10 
  489       3.170260367380e-10 
  490       3.183372038887e-10 
  491       3.196276093746e-10 
  492       3.208968101676e-10 
  493       3.221445073296e-10 
  494       3.233704006043e-10 
  495       3.245741884166e-10 
  496       3.257555678718e-10 
  497       3.269142347548e-10 
  498       3.280498835295e-10 
  499       3.291622073380e-10 
  500       3.302508980000e-10 
  501       3.313156460119e-10 
  502       3.323561405463e-10 
  503       3.333720694511e-10 
  504       3.343631192489e-10 
  505       3.353289751362e-10 
  506       3.362693209827e-10 
  507       3.371838393307e-10 
  508       3.380722113941e-10 
  509       3.389341170581e-10 
  510       3.397692348780e-10 
  511       3.405772420790e-10 
  512       3.413578145549e-10 
  513       3.421106268680e-10 
  514       3.428353522479e-10 
  515       3.435316625910e-10 
  516       3.441992284597e-10 
  517       3.448377190819e-10 
  518       3.454468023498e-10 
  519       3.460261448198e-10 
  520       3.465754117113e-10 
  521       3.470942669061e-10 
  522       3.475823729480e-10 
  523       3.480393910415e-10 
  524       3.484649810517e-10 
  525       3.488588015030e-10 
  526       3.492205095790e-10 
  527       3.495497611210e-10 
  528       3.498462106281e-10 
  529       3.501095112561e-10 
  530       3.503393148165e-10 
  531       3.505353623074e-10 
  532       3.506977582322e-10 
  533       3.508267037983e-10 
  534       3.509224071036e-10 
  535       3.509850831742e-10 
  536       3.510149540022e-10 
  537       3.510122485835e-10 
  538       3.509772029556e-10 
  539       3.509100602351e-10 
  540       3.508110706556e-10 
  541       3.506804916055e-10 
  542       3.505185876657e-10 
  543       3.503256306471e-10 
  544       3.501018996286e-10 
  545       3.498476809950e-10 
  546       3.495632684743e-10 
  547       3.492489631756e-10 
  548       3.489050736271e-10 
  549       3.485319158134e-10 
  550       3.481298132137e-10 
  551       3.476990968393e-10 
  552       3.472401052710e-10 
  553       3.467531846977e-10 
  554       3.462386889533e-10 
  555       3.456969795548e-10 
  556       3.451284257401e-10 
  557       3.445334045056e-10 
  558       3.439123006439e-10 
  559       3.432655067818e-10 
  560       3.425934234178e-10 
  561       3.418964589598e-10 
  562       3.411750297631e-10 
  563       3.404295601678e-10 
  564       3.396604825369e-10 
  565       3.388682372937e-10 
  566       3.380532729599e-10 
  567       3.372160461929e-10 
  568       3.363570218239e-10 
  569       3.354766728955e-10 
  570       3.345754806996e-10 
  571       3.336539341576e-10 
  572       3.327125278689e-10 
  573       3.317517640877e-10 
  574       3.307721534122e-10 
  575       3.297742148232e-10 
  576       3.287584757206e-10 
  577       3.277254719616e-10 
  578       3.266757478978e-10 
  579       3.256098564128e-10 
  580       3.245283589599e-10 
  581       3.234318255991e-10 
  582       3.223208350353e-10 
  583       3.211959746551e-10 
  584       3.200578405647e-10 
  585       3.189070376276e-10 
  586       3.177441795013e-10 
  587       3.165698886757e-10 
  588       3.153847965100e-10 
  589       3.141895432706e-10 
  590       3.129847781681e-10 
  591       3.117711593954e-10 
  592       3.105493541647e-10 
  593       3.093200387453e-10 
  594       3.080838985009e-10 
  595       3.068416279272e-10 
  596       3.055939306896e-10 
  597       3.043415196601e-10 
  598       3.030851169556e-10 
  599       3.018254539745e-10 
  600       3.005632714352e-10 
  601       2.992993194126e-10 
  602       2.980343573765e-10 
  603       2.967691542283e-10 
  604       2.955044883391e-10 
  605       2.942411475868e-10 
  606       2.929799293940e-10 
  607       2.917216407650e-10 
  608       2.904670983238e-10 
  609       2.892171283510e-10 
  610       2.879725668221e-10 
  611       2.867341856205e-10 
  612       2.855024691706e-10 
  613       2.842778325530e-10 
  614       2.830606948602e-10 
  615       2.818514792100e-10 
  616       2.806506127596e-10 
  617       2.794585267193e-10 
  618       2.782756563663e-10 
  619       2.771024410585e-10 
  620       2.759393242485e-10 
  621       2.747867534970e-10 
  622       2.736451804871e-10 
  623       2.725150610377e-10 
  624       2.713968551175e-10 
  625       2.702910268588e-10 
  626       2.691980445712e-10 
  627       2.681183807556e-10 
  628       2.670525121179e-10 
  629       2.660009195825e-10 
  630       2.649640883069e-10 
  631       2.639425076945e-10 
  632       2.629366714093e-10 
  633       2.619470773892e-10 
  634       2.609742278598e-10 
  635       2.600186293486e-10 
  636       2.590807926982e-10 
  637       2.581612330809e-10 
  638       2.572604700116e-10 
  639       2.563790273623e-10 
  640       2.555174333756e-10 
  641       2.546762206788e-10 
  642       2.538559262971e-10 
  643       2.530570916681e-10 
  644       2.522802626551e-10 
  645       2.515259895613e-10 
  646       2.507948271431e-10 
  647       2.500873346246e-10 
  648       2.494040757108e-10 
  649       2.487456186016e-10 
  650       2.481125360057e-10 
  651       2.475053156143e-10 
  652       2.469240892935e-10 
  653       2.463688978563e-10 
  654       2.458397800421e-10 
  655       2.453367725054e-10 
  656       2.448599098040e-10 
  657       2.444092243878e-10 
  658       2.439847465870e-10 
  659       2.435865046010e-10 
  660       2.432145244863e-10 
  661       2.428688301457e-10 
  662       2.425494433160e-10 
  663       2.422563835573e-10 
  664       2.419896682410e-10 
  665       2.417493125381e-10 
  666       2.415353294085e-10 
  667       2.413477295885e-10 
  668       2.411865215801e-10 
  669       2.410517116390e-10 
  670       2.409433037633e-10 
  671       2.408612996820e-10 
  672       2.408056988434e-10 
  673       2.407764984035e-10 
  674       2.407736932150e-10 
  675       2.407972758149e-10 
  676       2.408472364140e-10 
  677       2.409235628845e-10 
  678       2.410262407493e-10 
  679       2.411552531696e-10 
  680       2.413105809343e-10 
  681       2.414922024479e-10 
  682       2.417000937192e-10 
  683       2.419342283496e-10 
  684       2.421945775219e-10 
  685       2.424811099887e-10 
  686       2.427937920607e-10 
  687       2.431325875954e-10 
  688       2.434974579853e-10 
  689       2.438883621470e-10 
  690       2.443052565089e-10 
  691       2.447480469513e-10 
  692       2.452164435348e-10 
  693       2.457101026836e-10 
  694       2.462286749335e-10 
  695       2.467718049083e-10 
  696       2.473391312962e-10 
  697       2.479302868264e-10 
  698       2.485448982453e-10 
  699       2.491825862931e-10 
  700       2.498429656803e-10 
  701       2.505256450637e-10 
  702       2.512302270235e-10 
  703       2.519563080392e-10 
  704       2.527034784661e-10 
  705       2.534713225122e-10 
  706       2.542594182140e-10 
  707       2.550673374132e-10 
  708       2.558946457334e-10 
  709       2.567409025561e-10 
  710       2.576056609974e-10 
  711       2.584884678842e-10 
  712       2.593888637310e-10 
  713       2.603063827160e-10 
  714       2.612405526576e-10 
  715       2.621908949912e-10 
  716       2.631569247448e-10 
  717       2.641381505165e-10 
  718       2.651340744501e-10 
  719       2.661441922118e-10 
  720       2.671679929668e-10 
  721       2.682049593554e-10 
  722       2.692545674699e-10 
  723       2.703162868305e-10 
  724       2.713895803622e-10 
  725       2.724739043710e-10 
  726       2.735687085201e-10 
  727       2.746734358069e-10 
  728       2.757875225390e-10 
  729       2.769103983109e-10 
  730       2.780414859800e-10 
  731       2.791802213225e-10 
  732       2.803261124761e-10 
  733       2.814786816363e-10 
  734       2.826374454662e-10 
  735       2.838019150766e-10 
  736       2.849715960076e-10 
  737       2.861459882089e-10 
  738       2.873245860212e-10 
  739       2.885068781562e-10 
  740       2.896923476786e-10 
  741       2.908804719858e-10 
  742       2.920707227895e-10 
  743       2.932625660963e-10 
  744       2.944554621885e-10 
  745       2.956488656051e-10 
  746       2.968422251225e-10 
  747       2.980349837353e-10 
  748       2.992265786374e-10 
  749       3.004164412026e-10 
  750       3.016039969656e-10 
  751       3.027886656028e-10 
  752       3.039698609130e-10 
  753       3.051469907985e-10 
  754       3.063194572459e-10 
  755       3.074866563066e-10 
  756       3.086479780783e-10 
  757       3.098028066852e-10 
  758       3.109505202591e-10 
  759       3.120904909205e-10 
  760       3.132220847589e-10 
  761       3.143446618143e-10 
  762       3.154575760574e-10 
  763       3.165601753710e-10 
  764       3.176518015303e-10 
  765       3.187317901844e-10 
  766       3.197994708365e-10 
  767       3.208541668253e-10 
  768       3.218951953052e-10 
  769       3.229218672280e-10 
  770       3.239334873230e-10 
  771       3.249294228544e-10 
  772       3.259093113575e-10 
  773       3.268728567957e-10 
  774       3.278197611343e-10 
  775       3.287497243361e-10 
  776       3.296624443554e-10 
  777       3.305576171332e-10 
  778       3.314349365915e-10 
  779       3.322940946284e-10 
  780       3.331347811127e-10 
  781       3.339566838783e-10 
  782       3.347594887194e-10 
  783       3.355428793848e-10 
  784       3.363065375731e-10 
  785       3.370501429268e-10 
  786       3.377733730274e-10 
  787       3.384759033900e-10 
  788       3.391574074582e-10 
  789       3.398175565986e-10 
  790       3.404560200955e-10 
  791       3.410724651457e-10 
  792       3.416665568531e-10 
  793       3.422379582239e-10 
  794       3.427863301604e-10 
  795       3.433113314567e-10 
  796       3.438126187925e-10 
  797       3.442898467287e-10 
  798       3.447426677015e-10 
  799       3.451707320171e-10 
  800       3.455736878468e-10 
  801       3.459511812216e-10 
  802       3.463028560267e-10 
  803       3.466283539962e-10 
  804       3.469273147082e-10 
  805       3.471993755792e-10 
  806       3.474441718587e-10 
  807       3.476613366245e-10 
  808       3.478505007765e-10 
  809       3.480112930322e-10 
  810       3.481433399212e-10 
  811       3.482463382912e-10 
  812       3.483202742682e-10 
  813       3.483652082259e-10 
  814       3.483812026391e-10 
  815       3.483683220916e-10 
  816       3.483266332841e-10 
  817       3.482562050420e-10 
  818       3.481571083236e-10 
  819       3.480294162279e-10 
  820       3.478732040026e-10 
  821       3.476885490517e-10 
  822       3.474755309439e-10 
  823       3.472342314202e-10 
  824       3.469647344020e-10 
  825       3.466671259988e-10 
  826       3.463414945165e-10 
  827       3.459879304648e-10 
  828       3.456065265658e-10 
  829       3.451973777612e-10 
  830       3.447605812208e-10 
  831       3.442962363502e-10 
  832       3.438044447987e-10 
  833       3.432853104671e-10 
  834       3.427389395162e-10 
  835       3.421654403738e-10 
  836       3.415649237435e-10 
  837       3.409375026122e-10 
  838       3.402832922581e-10 
  839       3.396024102584e-10 
  840       3.388949764976e-10 
  841       3.381611131755e-10 
  842       3.374009448146e-10 
  843       3.366145982683e-10 
  844       3.358022027290e-10 
  845       3.349638897360e-10 
  846       3.340997931829e-10 
  847       3.332100493263e-10 
  848       3.322947967931e-10 
  849       3.313541765890e-10 
  850       3.303883321057e-10 
  851       3.293974427681e-10 
  852       3.283818255901e-10 
  853       3.273418353759e-10 
  854       3.262778312531e-10 
  855       3.251901766862e-10 
  856       3.240792394896e-10 
  857       3.229453918418e-10 
  858       3.217890102984e-10 
  859       3.206104758056e-10 
  860       3.194101737140e-10 
  861       3.181884937918e-10 
  862       3.169458302386e-10 
  863       3.156825816986e-10 
  864       3.143991512740e-10 
  865       3.130959465390e-10 
  866       3.117733795529e-10 
  867       3.104318668736e-10 
  868       3.090718295712e-10 
  869       3.076936932414e-10 
  870       3.062978880194e-10 
  871       3.048848485925e-10 
  872       3.034550142147e-10 
  873       3.020088287193e-10 
  874       3.005467405329e-10 
  875       2.990692026885e-10 
  876       2.975766728395e-10 
  877       2.960696132727e-10 
  878       2.945484909223e-10 
  879       2.930137773828e-10 
  880       2.914659489229e-10 
  881       2.899054864988e-10 
  882       2.883328757681e-10 
  883       2.867486071027e-10 
  884       2.851531756026e-10 
  885       2.835470811094e-10 
  886       2.819308282197e-10 
  887       2.803049262989e-10 
  888       2.786698894941e-10 
  889       2.770262367481e-10 
  890       2.753744918129e-10 
  891       2.737151627813e-10 
  892       2.720486802898e-10 
  893       2.703754583299e-10 
  894       2.686959146485e-10 
  895       2.670104707584e-10 
  896       2.653195519482e-10 
  897       2.636235872933e-10 
  898       2.619230096658e-10 
  899       2.602182557453e-10 
  900       2.585097660291e-10 
  901       2.567979848423e-10 
  902       2.550833603490e-10 
  903       2.533663445619e-10 
  904       2.516473933531e-10 
  905       2.499269664645e-10 
  906       2.482055275179e-10 
  907       2.464835440260e-10 
  908       2.447614874020e-10 
  909       2.430398329707e-10 
  910       2.413190599787e-10 
  911       2.395996516044e-10 
  912       2.378820949691e-10 
  913       2.361668811467e-10 
  914       2.344545051747e-10 
  915       2.327454660642e-10 
  916       2.310402668104e-10 
  917       2.293394144032e-10 
  918       2.276434198373e-10 
  919       2.259527981228e-10 
  920       2.242680682954e-10 
  921       2.225897534273e-10 
  922       2.209183806367e-10 
  923       2.192544810993e-10 
  924       2.175985900578e-10 
  925       2.159512468327e-10 
  926       2.143129948328e-10 
  927       2.126843815652e-10 
  928       2.110659586462e-10 
  929       2.094582818113e-10 
  930       2.078619109257e-10 
  931       2.062773535695e-10 
  932       2.047048948008e-10 
  933       2.031447647434e-10 
  934       2.015971947718e-10 
  935       2.000624175149e-10 
  936       1.985406668578e-10 
  937       1.970321779446e-10 
  938       1.955371871812e-10 
  939       1.940559322377e-10 
  940       1.925886520511e-10 
  941       1.911355868279e-10 
  942       1.896969780465e-10 
  943       1.882730684601e-10 
  944       1.868641020990e-10 
  945       1.854703242735e-10 
  946       1.840919815763e-10 
  947       1.827293218852e-10 
  948       1.813825943653e-10 
  949       1.800520494725e-10 
  950       1.787379389550e-10 
  951       1.774405158568e-10 
  952       1.761600345198e-10 
  953       1.748967505865e-10 
  954       1.736509210026e-10 
  955       1.724228040197e-10 
  956       1.712126591979e-10 
  957       1.700207474080e-10 
  958       1.688473308348e-10 
  959       1.676926729791e-10 
  960       1.665570386606e-10 
  961       1.654406940203e-10 
  962       1.643439065233e-10 
  963       1.632669449612e-10 
  964       1.622100794550e-10 
  965       1.611735814573e-10 
  966       1.601577237552e-10 
  967       1.591627804727e-10 
  968       1.581890270736e-10 
  969       1.572367403637e-10 
  970       1.563061984935e-10 
  971       1.553976249290e-10 
  972       1.545110194331e-10 
  973       1.536463245472e-10 
  974       1.528034813879e-10 
  975       1.519824296424e-10 
  976       1.511831075645e-10 
  977       1.504054519695e-10 
  978       1.496493982299e-10 
  979       1.489148802711e-10 
  980       1.482018305666e-10 
  981       1.475101801335e-10 
  982       1.468398585279e-10 
  983       1.461907938407e-10 
  984       1.455629126928e-10 
  985       1.449561402305e-10 
  986       1.443704001214e-10 
  987       1.438056145492e-10 
  988       1.432617042099e-10 
  989       1.427385883068e-10 
  990       1.422361845459e-10 
  991       1.417544091320e-10 
  992       1.412931767634e-10 
  993       1.408524006278e-10 
  994       1.404319923979e-10 
  995       1.400318622263e-10 
  996       1.396519187418e-10 
  997       1.392920690439e-10 
  998       1.389522186993e-10 
  999       1.386322717365e-10 
 1000       1.383321306418e-10 
 1001       1.380516963546e-10 
 1002       1.377908682628e-10 
 1003       1.375495441984e-10 
 1004       1.373276204331e-10 
 1005       1.371249916734e-10 
 1006       1.369415510563e-10 
 1007       1.367771901447e-10 
 1008       1.366317989232e-10 
 1009       1.365052657931e-10 
 1010       1.363974775679e-10 
 1011       1.363082951048e-10 
 1012       1.362374798205e-10 
 1013       1.361847661041e-10 
 1014       1.361498855785e-10 
 1015       1.361325670925e-10 
 1016       1.361325367139e-10 
 1017       1.361495177214e-10 
 1018       1.361832305981e-10 
 1019       1.362333930234e-10 
 1020       1.362997198660e-10 
 1021       1.363819231764e-10 
 1022       1.364797121794e-10 
 1023       1.365927932671e-10 
 1024       1.367208699909e-10 
 1025       1.368636430547e-10 
 1026       1.370208103073e-10 
 1027       1.371920667350e-10 
 1028       1.373771044540e-10 
 1029       1.375756127034e-10 
 1030       1.377872778377e-10 
 1031       1.380117833193e-10 
 1032       1.382488097111e-10 
 1033       1.384980346694e-10 
 1034       1.387591329360e-10 
 1035       1.390317763314e-10 
 1036       1.393156337471e-10 
 1037       1.396103711381e-10 
 1038       1.399156515158e-10 
 1039       1.402311349405e-10 
 1040       1.405564785140e-10 
 1041       1.408913363721e-10 
 1042       1.412353596776e-10 
 1043       1.415881966123e-10 
 1044       1.419494923702e-10 
 1045       1.423188891499e-10 
 1046       1.426960261472e-10 
 1047       1.430805395474e-10 
 1048       1.434720625188e-10 
 1049       1.438702252042e-10 
 1050       1.442746547144e-10 
 1051       1.446849912190e-10 
 1052       1.451009364799e-10 
 1053       1.455222059781e-10 
 1054       1.459485128700e-10 
 1055       1.463795679825e-10 
 1056       1.468150798070e-10 
 1057       1.472547544938e-10 
 1058       1.476982958462e-10 
 1059       1.481454053156e-10 
 1060       1.485957819949e-10 
 1061       1.490491226137e-10 
 1062       1.495051215321e-10 
 1063       1.499634707355e-10 
 1064       1.504238598285e-10 
 1065       1.508859760295e-10 
 1066       1.513495041654e-10 
 1067       1.518141266653e-10 
 1068       1.522795235552e-10 
 1069       1.527453724526e-10 
 1070       1.532113485604e-10 
 1071       1.536771246616e-10 
 1072       1.541423711134e-10 
 1073       1.546067558419e-10 
 1074       1.550699443361e-10 
 1075       1.555315996425e-10 
 1076       1.559913823595e-10 
 1077       1.564489506314e-10 
 1078       1.569039601434e-10 
 1079       1.573560641152e-10 
 1080       1.578049132960e-10 
 1081       1.582501559585e-10 
 1082       1.586914378934e-10 
 1083       1.591284024038e-10 
 1084       1.595606902994e-10 
 1085       1.599879398910e-10 
 1086       1.604097869849e-10 
 1087       1.608258648772e-10 
 1088       1.612358043479e-10 
 1089       1.616392336558e-10 
 1090       1.620357785325e-10 
 1091       1.624251032938e-10 
 1092       1.628070347877e-10 
 1093       1.631814400953e-10 
 1094       1.635481855630e-10 
 1095       1.639071368007e-10 
 1096       1.642581586802e-10 
 1097       1.646011153343e-10 
 1098       1.649358701548e-10 
 1099       1.652622857912e-10 
 1100       1.655802241489e-10 
 1101       1.658895463883e-10 
 1102       1.661901129228e-10 
 1103       1.664817834174e-10 
 1104       1.667644167875e-10 
 1105       1.670378711969e-10 
 1106       1.673020040567e-10 
 1107       1.675566720237e-10 
 1108       1.678017309990e-10 
 1109       1.680370361261e-10 
 1110       1.682624417899e-10 
 1111       1.684778016150e-10 
 1112       1.686829684642e-10 
 1113       1.688777944369e-10 
 1114       1.690621308679e-10 
 1115       1.692358283256e-10 
 1116       1.693987366106e-10 
 1117       1.695507047542e-10 
 1118       1.696915810172e-10 
 1119       1.698212128878e-10 
 1120       1.699394470807e-10 
 1121       1.700461295351e-10 
 1122       1.701411054137e-10 
 1123       1.702242191008e-10 
 1124       1.702953142010e-10 
 1125       1.703542335376e-10 
 1126       1.704008191514e-10 
 1127       1.704349122988e-10 
 1128       1.704563534503e-10 
 1129       1.704649822896e-10 
 1130       1.704606377114e-10 
 1131       1.704431966254e-10 
 1132       1.704126909194e-10 
 1133       1.703691920045e-10 
 1134       1.703127721490e-10 
 1135       1.702435044809e-10 
 1136       1.701614629894e-10 
 1137       1.700667225277e-10 
 1138       1.699593588148e-10 
 1139       1.698394484378e-10 
 1140       1.697070688538e-10 
 1141       1.695622983922e-10 
 1142       1.694052162570e-10 
 1143       1.692359025287e-10 
 1144       1.690544381664e-10 
 1145       1.688609050102e-10 
 1146       1.686553857832e-10 
 1147       1.684379640936e-10 
 1148       1.682087244368e-10 
 1149       1.679677521978e-10 
 1150       1.677151336532e-10 
 1151       1.674509559730e-10 
 1152       1.671753072234e-10 
 1153       1.668882763684e-10 
 1154       1.665899532723e-10 
 1155       1.662804287014e-10 
 1156       1.659597943267e-10 
 1157       1.656281427257e-10 
 1158       1.652855673844e-10 
 1159       1.649321627000e-10 
 1160       1.645680239823e-10 
 1161       1.641932474565e-10 
 1162       1.638079302651e-10 
 1163       1.634121704698e-10 
 1164       1.630060670539e-10 
 1165       1.625897199246e-10 
 1166       1.621632299146e-10 
 1167       1.617266987850e-10 
 1168       1.612802292266e-10 
 1169       1.608239248628e-10 
 1170       1.603578902511e-10 
 1171       1.598822459754e-10 
 1172       1.593971741227e-10 
 1173       1.589028733778e-10 
 1174       1.583995439890e-10 
 1175       1.578873877715e-10 
 1176       1.573666081107e-10 
 1177       1.568374099655e-10 
 1178       1.562999998724e-10 
 1179       1.557545859482e-10 
 1180       1.552013778941e-10 
 1181       1.546405869986e-10 
 1182       1.540724261415e-10 
 1183       1.534971097969e-10 
 1184       1.529148540371e-10 
 1185       1.523258765354e-10 
 1186       1.517303965705e-10 
 1187       1.511286350290e-10 
 1188       1.505208144095e-10 
 1189       1.499071588260e-10 
 1190       1.492878940110e-10 
 1191       1.486632473193e-10 
 1192       1.480334477312e-10 
 1193       1.473987258564e-10 
 1194       1.467593139369e-10 
 1195       1.461154458509e-10 
 1196       1.454673571159e-10 
 1197       1.448152848926e-10 
 1198       1.441594679880e-10 
 1199       1.435001468589e-10 
 1200       1.428375636155e-10 
 1201       1.421719620249e-10 
 1202       1.415035875143e-10 
 1203       1.408326871747e-10 
 1204       1.401595097642e-10 
 1205       1.394843057118e-10 
 1206       1.388073271203e-10 
 1207       1.381288277702e-10 
 1208       1.374490631229e-10 
 1209       1.367682903246e-10 
 1210       1.360867682091e-10 
 1211       1.354047441085e-10 
 1212       1.347224141021e-10 
 1213       1.340399622942e-10 
 1214       1.333575739668e-10 
 1215       1.326754355813e-10 
 1216       1.319937347813e-10 
 1217       1.313126603950e-10 
 1218       1.306324024374e-10 
 1219       1.299531521126e-10 
 1220       1.292751018167e-10 
 1221       1.285984451394e-10 
 1222       1.279233768671e-10 
 1223       1.272500929849e-10 
 1224       1.265787906791e-10 
 1225       1.259096683394e-10 
 1226       1.252429255616e-10 
 1227       1.245787631497e-10 
 1228       1.239173831185e-10 
 1229       1.232589886959e-10 
 1230       1.226037843251e-10 
 1231       1.219519756673e-10 
 1232       1.213037696038e-10 
 1233       1.206593742386e-10 
 1234       1.200189989007e-10 
 1235       1.193828541464e-10 
 1236       1.187511517618e-10 
 1237       1.181241047651e-10 
 1238       1.175019274092e-10 
 1239       1.168848351837e-10 
 1240       1.162730448175e-10 
 1241       1.156667742812e-10 
 1242       1.150662427895e-10 
 1243       1.144716708035e-10 
 1244       1.138832800332e-10 
 1245       1.133012934396e-10 
 1246       1.127259352374e-10 
 1247       1.121574308974e-10 
 1248       1.115960071484e-10 
 1249       1.110418919803e-10 
 1250       1.104953146459e-10 
 1251       1.099564768429e-10 
 1252       1.094254658862e-10 
 1253       1.089023405255e-10 
 1254       1.083871596745e-10 
 1255       1.078799824105e-10 
 1256       1.073808679750e-10 
 1257       1.068898757738e-10 
 1258       1.064070653772e-10 
 1259       1.059324965197e-10 
 1260       1.054662291011e-10 
 1261       1.050083231858e-10 
 1262       1.045588390033e-10 
 1263       1.041178369487e-10 
 1264       1.036853775822e-10 
 1265       1.032615216298e-10 
 1266       1.028463299834e-10 
 1267       1.024398637009e-10 
 1268       1.020421840060e-10 
 1269       1.016533522893e-10 
 1270       1.012734301075e-10 
 1271       1.009024791840e-10 
 1272       1.005405614094e-10 
 1273       1.001877388410e-10 
 1274       9.984407370336e-11 
 1275       9.950962838857e-11 
 1276       9.918446545617e-11 
 1277       9.886864763346e-11 
 1278       9.856223781564e-11 
 1279       9.826529906598e-11 
 1280       9.797789461604e-11 
 1281       9.770008786577e-11 
 1282       9.743194238376e-11 
 1283       9.717352190737e-11 
 1284       9.692489034288e-11 
 1285       9.668611176575e-11 
 1286       9.645725042069e-11 
 1287       9.623837072194e-11 
 1288       9.602953725333e-11 
 1289       9.583081476857e-11 
 1290       9.564226819134e-11 
 1291       9.546393762448e-11 
 1292       9.529576306745e-11 
 1293       9.513765884668e-11 
 1294       9.498953852757e-11 
 1295       9.485131491293e-11 
 1296       9.472290004130e-11 
 1297       9.460420518537e-11 
 1298       9.449514085031e-11 
 1299       9.439561677220e-11 
 1300       9.430554191638e-11 
 1301       9.422482447580e-11 
 1302       9.415337186945e-11 
 1303       9.409109074068e-11 
 1304       9.403788695564e-11 
 1305       9.399366560159e-11 
 1306       9.395833098532e-11 
 1307       9.393178663153e-11 
 1308       9.391393528115e-11 
 1309       9.390467888980e-11 
 1310       9.390391862610e-11 
 1311       9.391155487008e-11 
 1312       9.392748721152e-11 
 1313       9.395161444839e-11 
 1314       9.398383458517e-11 
 1315       9.402404483124e-11 
 1316       9.407214159927e-11 
 1317       9.412802050358e-11 
 1318       9.419157635853e-11 
 1319       9.426270317689e-11 
 1320       9.434129416822e-11 
 1321       9.442724173723e-11 
 1322       9.452043748218e-11 
 1323       9.462077219325e-11 
 1324       9.472813585090e-11 
 1325       9.484241762427e-11 
 1326       9.496350586953e-11 
 1327       9.509128812829e-11 
 1328       9.522565112594e-11 
 1329       9.536648077006e-11 
 1330       9.551366214877e-11 
 1331       9.566707256015e-11 
 1332       9.582656051992e-11 
 1333       9.599196651991e-11 
 1334       9.616312997403e-11 
 1335       9.633988921617e-11 
 1336       9.652208149810e-11 
 1337       9.670954298736e-11 
 1338       9.690210876522e-11 
 1339       9.709961282450e-11 
 1340       9.730188806756e-11 
 1341       9.750876630413e-11 
 1342       9.772007824928e-11 
 1343       9.793565352128e-11 
 1344       9.815532063952e-11 
 1345       9.837890702241e-11 
 1346       9.860623898529e-11 
 1347       9.883714173835e-11 
 1348       9.907143938450e-11 
 1349       9.930895491729e-11 
 1350       9.954951021883e-11 
 1351       9.979292605768e-11 
 1352       1.000390220867e-10 
 1353       1.002876168412e-10 
 1354       1.005385277364e-10 
 1355       1.007915710657e-10 
 1356       1.010465619985e-10 
 1357       1.013033145781e-10 
 1358       1.015616417196e-10 
 1359       1.018213552076e-10 
 1360       1.020822656946e-10 
 1361       1.023441826982e-10 
 1362       1.026069145999e-10 
 1363       1.028702686420e-10 
 1364       1.031340509264e-10 
 1365       1.033980664120e-10 
 1366       1.036621189125e-10 
 1367       1.039260110949e-10 
 1368       1.041895444768e-10 
 1369       1.044525194245e-10 
 1370       1.047147351512e-10 
 1371       1.049760021114e-10 
 1372       1.052361793351e-10 
 1373       1.054951374882e-10 
 1374       1.057527465098e-10 
 1375       1.060088756109e-10 
 1376       1.062633932736e-10 
 1377       1.065161672495e-10 
 1378       1.067670645581e-10 
 1379       1.070159514859e-10 
 1380       1.072626935852e-10 
 1381       1.075071556723e-10 
 1382       1.077492018265e-10 
 1383       1.079886953888e-10 
 1384       1.082254989606e-10 
 1385       1.084594744022e-10 
 1386       1.086904828319e-10 
 1387       1.089183846243e-10 
 1388       1.091430394089e-10 
 1389       1.093643060696e-10 
 1390       1.095820427422e-10 
 1391       1.097961068141e-10 
 1392       1.100063549226e-10 
 1393       1.102126429535e-10 
 1394       1.104148260400e-10 
 1395       1.106127585612e-10 
 1396       1.108062941410e-10 
 1397       1.109952856466e-10 
 1398       1.111795851875e-10 
 1399       1.113590441137e-10 
 1400       1.115335130148e-10 
 1401       1.117028417187e-10 
 1402       1.118668792901e-10 
 1403       1.120254740291e-10 
 1404       1.121784734704e-10 
 1405       1.123257243813e-10 
 1406       1.124670727611e-10 
 1407       1.126023638391e-10 
 1408       1.127314420740e-10 
 1409       1.128541511519e-10 
 1410       1.129703339857e-10 
 1411       1.130798545476e-10 
 1412       1.131826636195e-10 
 1413       1.132787337217e-10 
 1414       1.133680373404e-10 
 1415       1.134505469276e-10 
 1416       1.135262349012e-10 
 1417       1.135950736450e-10 
 1418       1.136570355085e-10 
 1419       1.137120928074e-10 
 1420       1.137602178229e-10 
 1421       1.138013828025e-10 
 1422       1.138355599594e-10 
 1423       1.138627214728e-10 
 1424       1.138828394878e-10 
 1425       1.138958861156e-10 
 1426       1.139018334331e-10 
 1427       1.139006534835e-10 
 1428       1.138923182756e-10 
 1429       1.138767997846e-10 
 1430       1.138540699515e-10 
 1431       1.138241006833e-10 
 1432       1.137868638531e-10 
 1433       1.137423312999e-10 
 1434       1.136904748290e-10 
 1435       1.136312662116e-10 
 1436       1.135646771849e-10 
 1437       1.134906794524e-10 
 1438       1.134092446836e-10 
 1439       1.133203445139e-10 
 1440       1.132239505451e-10 
 1441       1.131200343450e-10 
 1442       1.130085674475e-10 
 1443       1.128895213528e-10 
 1444       1.127628675271e-10 
 1445       1.126285774028e-10 
 1446       1.124866223785e-10 
 1447       1.123369738190e-10 
 1448       1.121796030554e-10 
 1449       1.120144813847e-10 
 1450       1.118415800704e-10 
 1451       1.116608876910e-10 
 1452       1.114724623775e-10 
 1453       1.112763801024e-10 
 1454       1.110727173798e-10 
 1455       1.108615512665e-10 
 1456       1.106429593626e-10 
 1457       1.104170198130e-10 
 1458       1.101838113080e-10 
 1459       1.099434130845e-10 
 1460       1.096959049269e-10 
 1461       1.094413671681e-10 
 1462       1.091798806908e-10 
 1463       1.089115269280e-10 
 1464       1.086363878642e-10 
 1465       1.083545460367e-10 
 1466       1.080660845361e-10 
 1467       1.077710870077e-10 
 1468       1.074696376522e-10 
 1469       1.071618212270e-10 
 1470       1.068477230468e-10 
 1471       1.065274289851e-10 
 1472       1.062010254748e-10 
 1473       1.058685995093e-10 
 1474       1.055302386436e-10 
 1475       1.051860309953e-10 
 1476       1.048360652452e-10 
 1477       1.044804306390e-10 
 1478       1.041192169878e-10 
 1479       1.037525146692e-10 
 1480       1.033804146282e-10 
 1481       1.030030083787e-10 
 1482       1.026203880037e-10 
 1483       1.022326461569e-10 
 1484       1.018398760636e-10 
 1485       1.014421715215e-10 
 1486       1.010396269018e-10 
 1487       1.006323371503e-10 
 1488       1.002203977883e-10 
 1489       9.980390491359e-11 
 1490       9.938295520142e-11 
 1491       9.895764973131e-11 
 1492       9.852810550611e-11 
 1493       9.809444404786e-11 
 1494       9.765678758353e-11 
 1495       9.721525904629e-11 
 1496       9.676998207664e-11 
 1497       9.632108102367e-11 
 1498       9.586868094625e-11 
 1499       9.541290761423e-11 
 1500       9.495388750964e-11 
 1501       9.449174782791e-11 
 1502       9.402661647907e-11 
 1503       9.355862208894e-11 
 1504       9.308789400035e-11 
 1505       9.261456227437e-11 
 1506       9.213875769145e-11 
 1507       9.166061175270e-11 
 1508       9.118025668102e-11 
 1509       9.069782542237e-11 
 1510       9.021345164694e-11 
 1511       8.972726975038e-11 
 1512       8.923941485496e-11 
 1513       8.875002281083e-11 
 1514       8.825923019719e-11 
 1515       8.776717432349e-11 
 1516       8.727399323069e-11 
 1517       8.677982569237e-11 
 1518       8.628481121605e-11 
 1519       8.578909004428e-11 
 1520       8.529280315593e-11 
 1521       8.479609226737e-11 
 1522       8.429909983365e-11 
 1523       8.380196904975e-11 
 1524       8.330484385174e-11 
 1525       8.280786891801e-11 
 1526       8.231118967049e-11 
 1527       8.181495227581e-11 
 1528       8.131930364656e-11 
 1529       8.082439144243e-11 
 1530       8.033036407148e-11 
 1531       7.983736096548e-11 
 1532       7.934548330193e-11 
 1533       7.885482300473e-11 
 1534       7.836547244532e-11 
 1535       7.787752444337e-11 
 1536       7.739107226753e-11 
 1537       7.690620963610e-11 
 1538       7.642303071774e-11 
 1539       7.594163013222e-11 
 1540       7.546210295106e-11 
 1541       7.498454469831e-11 
 1542       7.450905135119e-11 
 1543       7.403571934085e-11 
 1544       7.356464555304e-11 
 1545       7.309592732885e-11 
 1546       7.262966246538e-11 
 1547       7.216594921650e-11 
 1548       7.170488629351e-11 
 1549       7.124657286584e-11 
 1550       7.079110856184e-11 
 1551       7.033859346936e-11 
 1552       6.988912813659e-11 
 1553       6.944281357266e-11 
 1554       6.899975124842e-11 
 1555       6.856004309709e-11 
 1556       6.812379151503e-11 
 1557       6.769109936240e-11 
 1558       6.726206996387e-11 
 1559       6.683680710937e-11 
 1560       6.641541505473e-11 
 1561       6.599799852246e-11 
 1562       6.558466270239e-11 
 1563       6.517551325244e-11 
 1564       6.477065629928e-11 
 1565       6.437019843906e-11 
 1566       6.397424673810e-11 
 1567       6.358290873364e-11 
 1568       6.319629243450e-11 
 1569       6.281450632179e-11 
 1570       6.243765934966e-11 
 1571       6.206584543913e-11 
 1572       6.169909680038e-11 
 1573       6.133743017724e-11 
 1574       6.098086231452e-11 
 1575       6.062940995802e-11 
 1576       6.028308985440e-11 
 1577       5.994191875120e-11 
 1578       5.960591339677e-11 
 1579       5.927509054022e-11 
 1580       5.894946693139e-11 
 1581       5.862905932079e-11 
 1582       5.831388445955e-11 
 1583       5.800395909939e-11 
 1584       5.769929999258e-11 
 1585       5.739992389185e-11 
 1586       5.710584755040e-11 
 1587       5.681708772182e-11 
 1588       5.653366116004e-11 
 1589       5.625558461933e-11 
 1590       5.598287485418e-11 
 1591       5.571554861933e-11 
 1592       5.545362266967e-11 
 1593       5.519711376021e-11 
 1594       5.494603864605e-11 
 1595       5.470041408231e-11 
 1596       5.446025682412e-11 
 1597       5.422558362651e-11 
 1598       5.399641124443e-11 
 1599       5.377275643267e-11 
 1600       5.355463594582e-11 
 1601       5.334206653824e-11 
 1602       5.313506496398e-11 
 1603       5.293364797676e-11 
 1604       5.273783232992e-11 
 1605       5.254763477638e-11 
 1606       5.236307206858e-11 
 1607       5.218416095842e-11 
 1608       5.201091819727e-11 
 1609       5.184336053585e-11 
 1610       5.168150472427e-11 
 1611       5.152535573876e-11 
 1612       5.137487134539e-11 
 1613       5.122999721450e-11 
 1614       5.109067866404e-11 
 1615       5.095686065900e-11 
 1616       5.082848781080e-11 
 1617       5.070550437669e-11 
 1618       5.058785425920e-11 
 1619       5.047548100550e-11 
 1620       5.036832780684e-11 
 1621       5.026633749798e-11 
 1622       5.016945255655e-11 
 1623       5.007761510249e-11 
 1624       4.999076689745e-11 
 1625       4.990884934423e-11 
 1626       4.983180348613e-11 
 1627       4.975957000643e-11 
 1628       4.969208922773e-11 
 1629       4.962930111143e-11 
 1630       4.957114525709e-11 
 1631       4.951756090184e-11 
 1632       4.946848691984e-11 
 1633       4.942386182163e-11 
 1634       4.938362375356e-11 
 1635       4.934771049725e-11 
 1636       4.931605946889e-11 
 1637       4.928860771878e-11 
 1638       4.926529193062e-11 
 1639       4.924604842103e-11 
 1640       4.923081313886e-11 
 1641       4.921952166467e-11 
 1642       4.921210921012e-11 
 1643       4.920851061736e-11 
 1644       4.920866035846e-11 
 1645       4.921249253483e-11 
 1646       4.921994087660e-11 
 1647       4.923093874206e-11 
 1648       4.924541911705e-11 
 1649       4.926331461437e-11 
 1650       4.928455747321e-11 
 1651       4.930907747762e-11 
 1652       4.933679569301e-11 
 1653       4.936763067297e-11 
 1654       4.940150053450e-11 
 1655       4.943832295728e-11 
 1656       4.947801518303e-11 
 1657       4.952049401483e-11 
 1658       4.956567581641e-11 
 1659       4.961347651146e-11 
 1660       4.966381158302e-11 
 1661       4.971659607270e-11 
 1662       4.977174458008e-11 
 1663       4.982917126198e-11 
 1664       4.988878983181e-11 
 1665       4.995051355885e-11 
 1666       5.001425526762e-11 
 1667       5.007992733714e-11 
 1668       5.014744170029e-11 
 1669       5.021670984314e-11 
 1670       5.028764280421e-11 
 1671       5.036015117384e-11 
 1672       5.043414509350e-11 
 1673       5.050953425509e-11 
 1674       5.058622790027e-11 
 1675       5.066413481979e-11 
 1676       5.074316335278e-11 
 1677       5.082322138610e-11 
 1678       5.090421635363e-11 
 1679       5.098605523560e-11 
 1680       5.106864455794e-11 
 1681       5.115189039154e-11 
 1682       5.123569835159e-11 
 1683       5.131997359695e-11 
 1684       5.140462082937e-11 
 1685       5.148954429291e-11 
 1686       5.157464777318e-11 
 1687       5.165983459670e-11 
 1688       5.174500763021e-11 
 1689       5.183006928000e-11 
 1690       5.191492149119e-11 
 1691       5.199947266040e-11 
 1692       5.208365844045e-11 
 1693       5.216742111430e-11 
 1694       5.225070269767e-11 
 1695       5.233344493867e-11 
 1696       5.241558931740e-11 
 1697       5.249707704558e-11 
 1698       5.257784906610e-11 
 1699       5.265784605269e-11 
 1700       5.273700840951e-11 
 1701       5.281527627074e-11 
 1702       5.289258950020e-11 
 1703       5.296888769098e-11 
 1704       5.304411016499e-11 
 1705       5.311819597265e-11 
 1706       5.319108389244e-11 
 1707       5.326271243050e-11 
 1708       5.333301982030e-11 
 1709       5.340194402219e-11 
 1710       5.346942272303e-11 
 1711       5.353539333580e-11 
 1712       5.359979299921e-11 
 1713       5.366255857730e-11 
 1714       5.372362665905e-11 
 1715       5.378293355801e-11 
 1716       5.384041531186e-11 
 1717       5.389600768207e-11 
 1718       5.394964615347e-11 
 1719       5.400126593391e-11 
 1720       5.405080195379e-11 
 1721       5.409818886574e-11 
 1722       5.414336104419e-11 
 1723       5.418625258499e-11 
 1724       5.422679730502e-11 
 1725       5.426492874180e-11 
 1726       5.430058015309e-11 
 1727       5.433368451650e-11 
 1728       5.436417452910e-11 
 1729       5.439198260704e-11 
 1730       5.441704088514e-11 
 1731       5.443929162166e-11 
 1732       5.445871850961e-11 
 1733       5.447531562933e-11 
 1734       5.448907706736e-11 
 1735       5.449999691654e-11 
 1736       5.450806927594e-11 
 1737       5.451328825095e-11 
 1738       5.451564795331e-11 
 1739       5.451514250106e-11 
 1740       5.451176601866e-11 
 1741       5.450551263696e-11 
 1742       5.449637649322e-11 
 1743       5.448435173117e-11 
 1744       5.446943250100e-11 
 1745       5.445161295941e-11 
 1746       5.443088726963e-11 
 1747       5.440724960143e-11 
 1748       5.438069413115e-11 
 1749       5.435121504176e-11 
 1750       5.431880652282e-11 
 1751       5.428346277056e-11 
 1752       5.424517798788e-11 
 1753       5.420394638438e-11 
 1754       5.415976217639e-11 
 1755       5.411261958697e-11 
 1756       5.406251284599e-11 
 1757       5.400943619008e-11 
 1758       5.395338386273e-11 
 1759       5.389435011426e-11 
 1760       5.383232920186e-11 
 1761       5.376731538964e-11 
 1762       5.369930294861e-11 
 1763       5.362828615674e-11 
 1764       5.355425929898e-11 
 1765       5.347721666728e-11 
 1766       5.339715256060e-11 
 1767       5.331406128495e-11 
 1768       5.322793715344e-11 
 1769       5.313877448625e-11 
 1770       5.304656761068e-11 
 1771       5.295131827146e-11 
 1772       5.285305792840e-11 
 1773       5.275182564302e-11 
 1774       5.264766068528e-11 
 1775       5.254060253391e-11 
 1776       5.243069087673e-11 
 1777       5.231796561096e-11 
 1778       5.220246684348e-11 
 1779       5.208423489120e-11 
 1780       5.196331028134e-11 
 1781       5.183973375174e-11 
 1782       5.171354625115e-11 
 1783       5.158478893959e-11 
 1784       5.145350318859e-11 
 1785       5.131973058157e-11 
 1786       5.118351291407e-11 
 1787       5.104489219413e-11 
 1788       5.090391064257e-11 
 1789       5.076061069329e-11 
 1790       5.061503499356e-11 
 1791       5.046722640440e-11 
 1792       5.031722800080e-11 
 1793       5.016508307210e-11 
 1794       5.001083512224e-11 
 1795       4.985452787012e-11 
 1796       4.969620524988e-11 
 1797       4.953591141120e-11 
 1798       4.937369071963e-11 
 1799       4.920958775690e-11 
 1800       4.904364732119e-11 
 1801       4.887591442749e-11 
 1802       4.870643430788e-11 
 1803       4.853525241183e-11 
 1804       4.836241440654e-11 
 1805       4.818796617721e-11 
 1806       4.801195382739e-11 
 1807       4.783442367924e-11 
 1808       4.765542227387e-11 
 1809       4.747499637167e-11 
 1810       4.729319295255e-11 
 1811       4.711006004308e-11 
 1812       4.692564920436e-11 
 1813       4.674001306487e-11 
 1814       4.655320449582e-11 
 1815       4.636527661150e-11 
 1816       4.617628276964e-11 
 1817       4.598627657173e-11 
 1818       4.579531186336e-11 
 1819       4.560344273457e-11 
 1820       4.541072352018e-11 
 1821       4.521720880011e-11 
 1822       4.502295339976e-11 
 1823       4.482801239031e-11 
 1824       4.463244108909e-11 
 1825       4.443629505989e-11 
 1826       4.423963011332e-11 
 1827       4.404250230712e-11 
 1828       4.384496794654e-11 
 1829       4.364708358466e-11 
 1830       4.344890602269e-11 
 1831       4.325049231039e-11 
 1832       4.305189974633e-11 
 1833       4.285318587828e-11 
 1834       4.265440850351e-11 
 1835       4.245562566917e-11 
 1836       4.225689567258e-11 
 1837       4.205827706162e-11 
 1838       4.185982863504e-11 
 1839       4.166160944277e-11 
 1840       4.146367878634e-11 
 1841       4.126609621913e-11 
 1842       4.106892154676e-11 
 1843       4.087221482743e-11 
 1844       4.067603637222e-11 
 1845       4.048044674546e-11 
 1846       4.028550676509e-11 
 1847       4.009127750291e-11 
 1848       3.989782028505e-11 
 1849       3.970519669217e-11 
 1850       3.951346855992e-11 
 1851       3.932269302147e-11 
 1852       3.913290759186e-11 
 1853       3.894414496643e-11 
 1854       3.875643796803e-11 
 1855       3.856981954712e-11 
 1856       3.838432278200e-11 
 1857       3.819998087893e-11 
 1858       3.801682717232e-11 
 1859       3.783489512490e-11 
 1860       3.765421832786e-11 
 1861       3.747483050102e-11 
 1862       3.729676549302e-11 
 1863       3.712005728147e-11 
 1864       3.694473997309e-11 
 1865       3.677084780392e-11 
 1866       3.659841513945e-11 
 1867       3.642747647481e-11 
 1868       3.625806643490e-11 
 1869       3.609021977461e-11 
 1870       3.592397137893e-11 
 1871       3.575935626314e-11 
 1872       3.559640957297e-11 
 1873       3.543516658479e-11 
 1874       3.527566270572e-11 
 1875       3.511793347385e-11 
 1876       3.496201455838e-11 
 1877       3.480794175977e-11 
 1878       3.465575100994e-11 
 1879       3.450547837242e-11 
 1880       3.435716004250e-11 
 1881       3.421083234741e-11 
 1882       3.406653174649e-11 
 1883       3.392429483134e-11 
 1884       3.378415832599e-11 
 1885       3.364615908707e-11 
 1886       3.351033410398e-11 
 1887       3.337672049903e-11 
 1888       3.324535552764e-11 
 1889       3.311627657848e-11 
 1890       3.298952117363e-11 
 1891       3.286512014919e-11 
 1892       3.274307713897e-11 
 1893       3.262338893233e-11 
 1894       3.250605227929e-11 
 1895       3.239106389045e-11 
 1896       3.227842043695e-11 
 1897       3.216811855041e-11 
 1898       3.206015482283e-11 
 1899       3.195452580655e-11 
 1900       3.185122801421e-11 
 1901       3.175025791863e-11 
 1902       3.165161195279e-11 
 1903       3.155528650975e-11 
 1904       3.146127794260e-11 
 1905       3.136958256439e-11 
 1906       3.128019664803e-11 
 1907       3.119311642629e-11 
 1908       3.110833809169e-11 
 1909       3.102585779647e-11 
 1910       3.094567165247e-11 
 1911       3.086777573114e-11 
 1912       3.079216606342e-11 
 1913       3.071883863970e-11 
 1914       3.064778940975e-11 
 1915       3.057901428268e-11 
 1916       3.051250912681e-11 
 1917       3.044826976969e-11 
 1918       3.038629199798e-11 
 1919       3.032657155741e-11 
 1920       3.026910415270e-11 
 1921       3.021388544752e-11 
 1922       3.016091106439e-11 
 1923       3.011017658466e-11 
 1924       3.006167754842e-11 
 1925       3.001540945443e-11 
 1926       2.997136776007e-11 
 1927       2.992954788128e-11 
 1928       2.988994519249e-11 
 1929       2.985255502654e-11 
 1930       2.981737267465e-11 
 1931       2.978438898729e-11 
 1932       2.975357714058e-11 
 1933       2.972490576946e-11 
 1934       2.969834335744e-11 
 1935       2.967385823637e-11 
 1936       2.965141858626e-11 
 1937       2.963099243507e-11 
 1938       2.961254765848e-11 
 1939       2.959605197971e-11 
 1940       2.958147296931e-11 
 1941       2.956877804496e-11 
 1942       2.955793447124e-11 
 1943       2.954890935945e-11 
 1944       2.954166966740e-11 
 1945       2.953618219920e-11 
 1946       2.953241360505e-11 
 1947       2.953033038104e-11 
 1948       2.952989886896e-11 
 1949       2.953108525607e-11 
 1950       2.953385557489e-11 
 1951       2.953817570304e-11 
 1952       2.954401136299e-11 
 1953       2.955132812185e-11 
 1954       2.956009139122e-11 
 1955       2.957026642692e-11 
 1956       2.958181832883e-11 
 1957       2.959471204066e-11 
 1958       2.960891234975e-11 
 1959       2.962438388688e-11 
 1960       2.964109112603e-11 
 1961       2.965899838423e-11 
 1962       2.967806982129e-11 
 1963       2.969826943964e-11 
 1964       2.971956108412e-11 
 1965       2.974190844174e-11 
 1966       2.976527504153e-11 
 1967       2.978962425429e-11 
 1968       2.981491929240e-11 
 1969       2.984112320962e-11 
 1970       2.986819890087e-11 
 1971       2.989610919128e-11 
 1972       2.992481710439e-11 
 1973       2.995428559552e-11 
 1974       2.998447746250e-11 
 1975       3.001535534552e-11 
 1976       3.004688172685e-11 
 1977       3.007901893070e-11 
 1978       3.011172912299e-11 
 1979       3.014497431116e-11 
 1980       3.017871634395e-11 
 1981       3.021291691122e-11 
 1982       3.024753754371e-11 
 1983       3.028253961290e-11 
 1984       3.031788433073e-11 
 1985       3.035353274948e-11 
 1986       3.038944576150e-11 
 1987       3.042558409902e-11 
 1988       3.046190833400e-11 
 1989       3.049837887785e-11 
 1990       3.053495598128e-11 
 1991       3.057159973409e-11 
 1992       3.060827006495e-11 
 1993       3.064492674121e-11 
 1994       3.068152936871e-11 
 1995       3.071803739153e-11 
 1996       3.075441009185e-11 
 1997       3.079060658970e-11 
 1998       3.082658584279e-11 
 1999       3.086230664628e-11 
 2000       3.089772763260e-11 
 2001       3.093280727123e-11 
 2002       3.096750386850e-11 
 2003       3.100177556742e-11 
 2004       3.103558034742e-11 
 2005       3.106887602418e-11 
 2006       3.110162024945e-11 
 2007       3.113377051080e-11 
 2008       3.116528413144e-11 
 2009       3.119611827004e-11 
 2010       3.122622992047e-11 
 2011       3.125557971191e-11 
 2012       3.128414333961e-11 
 2013       3.131190021688e-11 
 2014       3.133882968233e-11 
 2015       3.136491099978e-11 
 2016       3.139012335814e-11 
 2017       3.141444587136e-11 
 2018       3.143785757830e-11 
 2019       3.146033744268e-11 
 2020       3.148186435297e-11 
 2021       3.150241712228e-11 
 2022       3.152197448831e-11 
 2023       3.154051511325e-11 
 2024       3.155801758366e-11 
 2025       3.157446041042e-11 
 2026       3.158982202861e-11 
 2027       3.160408079743e-11 
 2028       3.161721500014e-11 
 2029       3.162920284390e-11 
 2030       3.164002245977e-11 
 2031       3.164965190252e-11 
 2032       3.165806915065e-11 
 2033       3.166525210621e-11 
 2034       3.167117859474e-11 
 2035       3.167582636521e-11 
 2036       3.167917308987e-11 
 2037       3.168119636424e-11 
 2038       3.168187370692e-11 
 2039       3.168118255960e-11 
 2040       3.167910028691e-11 
 2041       3.167560417633e-11 
 2042       3.167067143814e-11 
 2043       3.166427920530e-11 
 2044       3.165640453335e-11 
 2045       3.164702440035e-11 
 2046       3.163611570677e-11 
 2047       3.162365527541e-11 
 2048       3.160961985132e-11 
 2049       3.159398610166e-11 
 2050       3.157673061569e-11 
 2051       3.155783460180e-11 
 2052       3.153729801568e-11 
 2053       3.151512553281e-11 
 2054       3.149132186052e-11 
 2055       3.146589173795e-11 
 2056       3.143883993618e-11 
 2057       3.141017125823e-11 
 2058       3.137989053911e-11 
 2059       3.134800264586e-11 
 2060       3.131451247759e-11 
 2061       3.127942496556e-11 
 2062       3.124274507318e-11 
 2063       3.120447779608e-11 
 2064       3.116462816214e-11 
 2065       3.112320123154e-11 
 2066       3.108020209680e-11 
 2067       3.103563588284e-11 
 2068       3.098950774701e-11 
 2069       3.094182287914e-11 
 2070       3.089258650156e-11 
 2071       3.084180386919e-11 
 2072       3.078948026954e-11 
 2073       3.073562102279e-11 
 2074       3.068023148180e-11 
 2075       3.062331703219e-11 
 2076       3.056488309235e-11 
 2077       3.050493511351e-11 
 2078       3.044347857977e-11 
 2079       3.038051900814e-11 
 2080       3.031606194861e-11 
 2081       3.025011298415e-11 
 2082       3.018267773081e-11 
 2083       3.011376183772e-11 
 2084       3.004337098715e-11 
 2085       2.997151089454e-11 
 2086       2.989818730857e-11 
 2087       2.982340601121e-11 
 2088       2.974717281770e-11 
 2089       2.966949357667e-11 
 2090       2.959037417015e-11 
 2091       2.950982336679e-11 
 2092       2.942786140322e-11 
 2093       2.934451146285e-11 
 2094       2.925979682829e-11 
 2095       2.917374088144e-11 
 2096       2.908636710364e-11 
 2097       2.899769907578e-11 
 2098       2.890776047843e-11 
 2099       2.881657509194e-11 
 2100       2.872416679662e-11 
 2101       2.863055957276e-11 
 2102       2.853577750088e-11 
 2103       2.843984476173e-11 
 2104       2.834278563652e-11 
 2105       2.824462450695e-11 
 2106       2.814538585539e-11 
 2107       2.804509426500e-11 
 2108       2.794377441983e-11 
 2109       2.784145110493e-11 
 2110       2.773814920652e-11 
 2111       2.763389371209e-11 
 2112       2.752870971049e-11 
 2113       2.742262239210e-11 
 2114       2.731565704894e-11 
 2115       2.720783907477e-11 
 2116       2.709919396523e-11 
 2117       2.698974731798e-11 
 2118       2.687952483277e-11 
 2119       2.676855231162e-11 
 2120       2.665685565892e-11 
 2121       2.654446088153e-11 
 2122       2.643139408894e-11 
 2123       2.631768149336e-11 
 2124       2.620334940987e-11 
 2125       2.608842425652e-11 
 2126       2.597293255448e-11 
 2127       2.585690092813e-11 
 2128       2.574035610518e-11 
 2129       2.562332491685e-11 
 2130       2.550583429792e-11 
 2131       2.538791102099e-11 
 2132       2.526958089697e-11 
 2133       2.515086956930e-11 
 2134       2.503180277952e-11 
 2135       2.491240636737e-11 
 2136       2.479270627091e-11 
 2137       2.467272852661e-11 
 2138       2.455249926950e-11 
 2139       2.443204473325e-11 
 2140       2.431139125033e-11 
 2141       2.419056525208e-11 
 2142       2.406959326885e-11 
 2143       2.394850193012e-11 
 2144       2.382731796459e-11 
 2145       2.370606820032e-11 
 2146       2.358477956485e-11 
 2147       2.346347908528e-11 
 2148       2.334219388841e-11 
 2149       2.322095120086e-11 
 2150       2.309977834919e-11 
 2151       2.297870275999e-11 
 2152       2.285775196000e-11 
 2153       2.273695357624e-11 
 2154       2.261633533614e-11 
 2155       2.249592506761e-11 
 2156       2.237575069920e-11 
 2157       2.225584026017e-11 
 2158       2.213622188065e-11 
 2159       2.201692379174e-11 
 2160       2.189797432562e-11 
 2161       2.177940191565e-11 
 2162       2.166123509653e-11 
 2163       2.154350250436e-11 
 2164       2.142623287681e-11 
 2165       2.130945505318e-11 
 2166       2.119319797458e-11 
 2167       2.107749068397e-11 
 2168       2.096236232635e-11 
 2169       2.084784214882e-11 
 2170       2.073395950072e-11 
 2171       2.062074118244e-11 
 2172       2.050820347206e-11 
 2173       2.039636004520e-11 
 2174       2.028522462144e-11 
 2175       2.017481096440e-11 
 2176       2.006513288177e-11 
 2177       1.995620422538e-11 
 2178       1.984803889122e-11 
 2179       1.974065081953e-11 
 2180       1.963405399480e-11 
 2181       1.952826244582e-11 
 2182       1.942329024579e-11 
 2183       1.931915151230e-11 
 2184       1.921586040740e-11 
 2185       1.911343113766e-11 
 2186       1.901187795419e-11 
 2187       1.891121515274e-11 
 2188       1.881145707368e-11 
 2189       1.871261810210e-11 
 2190       1.861471266784e-11 
 2191       1.851775524553e-11 
 2192       1.842176035464e-11 
 2193       1.832674255955e-11 
 2194       1.823271646958e-11 
 2195       1.813969673903e-11 
 2196       1.804769806723e-11 
 2197       1.795673519861e-11 
 2198       1.786682292274e-11 
 2199       1.777797607435e-11 
 2200       1.769020953341e-11 
 2201       1.760353822516e-11 
 2202       1.751797712017e-11 
 2203       1.743354123439e-11 
 2204       1.735024562918e-11 
 2205       1.726810541137e-11 
 2206       1.718713573330e-11 
 2207       1.710735179290e-11 
 2208       1.702876883367e-11 
 2209       1.695140214481e-11 
 2210       1.687526706120e-11 
 2211       1.680037582355e-11 
 2212       1.672672813581e-11 
 2213       1.665432054534e-11 
 2214       1.658314957709e-11 
 2215       1.651321173364e-11 
 2216       1.644450349511e-11 
 2217       1.637702131918e-11 
 2218       1.631076164101e-11 
 2219       1.624572087326e-11 
 2220       1.618189540603e-11 
 2221       1.611928160685e-11 
 2222       1.605787582064e-11 
 2223       1.599767436966e-11 
 2224       1.593867355353e-11 
 2225       1.588086964916e-11 
 2226       1.582425891075e-11 
 2227       1.576883756972e-11 
 2228       1.571460183472e-11 
 2229       1.566154789160e-11 
 2230       1.560967190335e-11 
 2231       1.555897001009e-11 
 2232       1.550943832904e-11 
 2233       1.546107295452e-11 
 2234       1.541386995784e-11 
 2235       1.536782538736e-11 
 2236       1.532293526842e-11 
 2237       1.527919560329e-11 
 2238       1.523660237120e-11 
 2239       1.519515152824e-11 
 2240       1.515483900740e-11 
 2241       1.511566071848e-11 
 2242       1.507761254811e-11 
 2243       1.504069035968e-11 
 2244       1.500488999335e-11 
 2245       1.497020726598e-11 
 2246       1.493663797115e-11 
 2247       1.490417787906e-11 
 2248       1.487282273660e-11 
 2249       1.484256826720e-11 
 2250       1.481341017093e-11 
 2251       1.478534230542e-11 
 2252       1.475835121621e-11 
 2253       1.473242157079e-11 
 2254       1.470753797428e-11 
 2255       1.468368496934e-11 
 2256       1.466084703608e-11 
 2257       1.463900859204e-11 
 2258       1.461815399204e-11 
 2259       1.459826752818e-11 
 2260       1.457933342974e-11 
 2261       1.456133586308e-11 
 2262       1.454425893163e-11 
 2263       1.452808667575e-11 
 2264       1.451280307271e-11 
 2265       1.449839203659e-11 
 2266       1.448483741821e-11 
 2267       1.447212300508e-11 
 2268       1.446023252130e-11 
 2269       1.444914962750e-11 
 2270       1.443885792075e-11 
 2271       1.442934093455e-11 
 2272       1.442058213866e-11 
 2273       1.441256493911e-11 
 2274       1.440527267809e-11 
 2275       1.439868863390e-11 
 2276       1.439279602084e-11 
 2277       1.438757798916e-11 
 2278       1.438301762503e-11 
 2279       1.437909795037e-11 
 2280       1.437580192288e-11 
 2281       1.437311243589e-11 
 2282       1.437101231835e-11 
 2283       1.436948433470e-11 
 2284       1.436851118486e-11 
 2285       1.436807550408e-11 
 2286       1.436815986295e-11 
 2287       1.436874676726e-11 
 2288       1.436981865798e-11 
 2289       1.437135791116e-11 
 2290       1.437334683785e-11 
 2291       1.437576792610e-11 
 2292       1.437860456867e-11 
 2293       1.438184033982e-11 
 2294       1.438545875361e-11 
 2295       1.438944326385e-11 
 2296       1.439377726399e-11 
 2297       1.439844408711e-11 
 2298       1.440342700582e-11 
 2299       1.440870923219e-11 
 2300       1.441427391769e-11 
 2301       1.442010415314e-11 
 2302       1.442618296864e-11 
 2303       1.443249333345e-11 
 2304       1.443901815601e-11 
 2305       1.444574028381e-11 
 2306       1.445264250334e-11 
 2307       1.445970754004e-11 
 2308       1.446691805820e-11 
 2309       1.447425666094e-11 
 2310       1.448170589008e-11 
 2311       1.448924822613e-11 
 2312       1.449686608822e-11 
 2313       1.450454183399e-11 
 2314       1.451225775955e-11 
 2315       1.451999609943e-11 
 2316       1.452773902649e-11 
 2317       1.453546865184e-11 
 2318       1.454316702482e-11 
 2319       1.455081613289e-11 
 2320       1.455839790159e-11 
 2321       1.456589419445e-11 
 2322       1.457328681295e-11 
 2323       1.458055749644e-11 
 2324       1.458768792205e-11 
 2325       1.459465970466e-11 
 2326       1.460145439684e-11 
 2327       1.460805348873e-11 
 2328       1.461443840803e-11 
 2329       1.462059051988e-11 
 2330       1.462649112687e-11 
 2331       1.463212322270e-11 
 2332       1.463747676567e-11 
 2333       1.464254343823e-11 
 2334       1.464731489612e-11 
 2335       1.465178276839e-11 
 2336       1.465593865728e-11 
 2337       1.465977413832e-11 
 2338       1.466328076018e-11 
 2339       1.466645004472e-11 
 2340       1.466927348694e-11 
 2341       1.467174255493e-11 
 2342       1.467384868988e-11 
 2343       1.467558330602e-11 
 2344       1.467693779062e-11 
 2345       1.467790350394e-11 
 2346       1.467847177920e-11 
 2347       1.467863392258e-11 
 2348       1.467838121316e-11 
 2349       1.467770490292e-11 
 2350       1.467659621667e-11 
 2351       1.467504635208e-11 
 2352       1.467304647960e-11 
 2353       1.467058774248e-11 
 2354       1.466766125669e-11 
 2355       1.466425811093e-11 
 2356       1.466036936658e-11 
 2357       1.465598605770e-11 
 2358       1.465109919097e-11 
 2359       1.464569974568e-11 
 2360       1.463977867370e-11 
 2361       1.463332689945e-11 
 2362       1.462633531987e-11 
 2363       1.461879480440e-11 
 2364       1.461069619493e-11 
 2365       1.460203030582e-11 
 2366       1.459278792380e-11 
 2367       1.458295980802e-11 
 2368       1.457253668996e-11 
 2369       1.456150927344e-11 
 2370       1.454986823457e-11 
 2371       1.453760623275e-11 
 2372       1.452472395721e-11 
 2373       1.451122411777e-11 
 2374       1.449710943718e-11 
 2375       1.448238265118e-11 
 2376       1.446704650850e-11 
 2377       1.445110377086e-11 
 2378       1.443455721302e-11 
 2379       1.441740962276e-11 
 2380       1.439966380090e-11 
 2381       1.438132256135e-11 
 2382       1.436238873108e-11 
 2383       1.434286515016e-11 
 2384       1.432275467176e-11 
 2385       1.430206016219e-11 
 2386       1.428078450088e-11 
 2387       1.425893058043e-11 
 2388       1.423650130659e-11 
 2389       1.421349959832e-11 
 2390       1.418992838776e-11 
 2391       1.416579062025e-11 
 2392       1.414108925440e-11 
 2393       1.411582726202e-11 
 2394       1.409000762821e-11 
 2395       1.406363335132e-11 
 2396       1.403670744300e-11 
 2397       1.400923292821e-11 
 2398       1.398121284521e-11 
 2399       1.395265024561e-11 
 2400       1.392354819435e-11 
 2401       1.389390976976e-11 
 2402       1.386373806352e-11 
 2403       1.383303618071e-11 
 2404       1.380180723984e-11 
 2405       1.377005437281e-11 
 2406       1.373778072499e-11 
 2407       1.370498945516e-11 
 2408       1.367168373562e-11 
 2409       1.363786675212e-11 
 2410       1.360354170390e-11 
 2411       1.356871286330e-11 
 2412       1.353338876146e-11 
 2413       1.349757902196e-11 
 2414       1.346129330308e-11 
 2415       1.342454129781e-11 
 2416       1.338733273389e-11 
 2417       1.334967737386e-11 
 2418       1.331158501510e-11 
 2419       1.327306548983e-11 
 2420       1.323412866521e-11 
 2421       1.319478444330e-11 
 2422       1.315504276117e-11 
 2423       1.311491359090e-11 
 2424       1.307440693959e-11 
 2425       1.303353284947e-11 
 2426       1.299230139787e-11 
 2427       1.295072269728e-11 
 2428       1.290880689540e-11 
 2429       1.286656417516e-11 
 2430       1.282400475476e-11 
 2431       1.278113888771e-11 
 2432       1.273797686286e-11 
 2433       1.269452900446e-11 
 2434       1.265080567216e-11 
 2435       1.260681726106e-11 
 2436       1.256257420179e-11 
 2437       1.251808696047e-11 
 2438       1.247336603880e-11 
 2439       1.242842197409e-11 
 2440       1.238326533928e-11 
 2441       1.233790674300e-11 
 2442       1.229235682957e-11 
 2443       1.224662627909e-11 
 2444       1.220072580743e-11 
 2445       1.215466616628e-11 
 2446       1.210845814321e-11 
 2447       1.206211256166e-11 
 2448       1.201564028104e-11 
 2449       1.196905219669e-11 
 2450       1.192235923999e-11 
 2451       1.187557225012e-11 
 2452       1.182870158851e-11 
 2453       1.178175752216e-11 
 2454       1.173475035173e-11 
 2455       1.168769041155e-11 
 2456       1.164058806964e-11 
 2457       1.159345372778e-11 
 2458       1.154629782153e-11 
 2459       1.149913082024e-11 
 2460       1.145196322714e-11 
 2461       1.140480557931e-11 
 2462       1.135766844777e-11 
 2463       1.131056243746e-11 
 2464       1.126349818732e-11 
 2465       1.121648637031e-11 
 2466       1.116953769344e-11 
 2467       1.112266289779e-11 
 2468       1.107587275859e-11 
 2469       1.102917808520e-11 
 2470       1.098258972117e-11 
 2471       1.093611854429e-11 
 2472       1.088977546658e-11 
 2473       1.084357143439e-11 
 2474       1.079751742836e-11 
 2475       1.075162446350e-11 
 2476       1.070590358922e-11 
 2477       1.066036588936e-11 
 2478       1.061502248221e-11 
 2479       1.056988452057e-11 
 2480       1.052496319178e-11 
 2481       1.048026971771e-11 
 2482       1.043581535486e-11 
 2483       1.039161139436e-11 
 2484       1.034766916201e-11 
 2485       1.030400001829e-11 
 2486       1.026061535844e-11 
 2487       1.021752661248e-11 
 2488       1.017474524519e-11 
 2489       1.013228275625e-11 
 2490       1.009015068017e-11 
 2491       1.004835566318e-11 
 2492       1.000688466209e-11 
 2493       9.965719658473e-12 
 2494       9.924842573907e-12 
 2495       9.884235269933e-12 
 2496       9.843879547974e-12 
 2497       9.803757149283e-12 
 2498       9.763849754881e-12 
 2499       9.724138985494e-12 
 2500       9.684606401493e-12 
